  0.00000000E+00 -5.28486667E+01 -5.88713333E+01 -6.41723333E+01 -6.76186667E+01 -7.11830000E+01 -7.45870000E+01 -7.60030000E+01 -8.18200000E+01 -8.30026667E+01 -8.54636667E+01 -8.68496667E+01 -8.82280000E+01 -8.96800000E+01 -9.19726667E+01 -9.35786667E+01 -9.40446667E+01 -9.48693333E+01 -9.64736667E+01 -9.72796667E+01 -9.97873333E+01 -9.98263333E+01 -1.00674333E+02 -1.01605667E+02 -1.02407000E+02 
 -1.01235000E+02 -1.04409000E+02 -1.04320000E+02 -1.04635000E+02 -1.06509667E+02 -1.07225667E+02 -1.07381333E+02 -1.08003333E+02 -1.07718667E+02 -1.08710333E+02 -1.08895333E+02 -1.08921667E+02 -1.08932333E+02 -1.10318667E+02 -1.08760333E+02 -1.09389333E+02 -1.11217333E+02 -1.11202667E+02 -1.10883333E+02 -1.11447000E+02 -1.11935667E+02 -1.12610333E+02 -1.12181000E+02 -1.10560333E+02 -1.12534667E+02 
 -1.11524667E+02 -1.12581000E+02 -1.11531333E+02 -1.12882333E+02 -1.13235333E+02 -1.14156333E+02 -1.13892667E+02 -1.15724667E+02 -1.16757667E+02 -1.17670667E+02 -1.18689667E+02 -1.17469000E+02 -1.16546667E+02 -1.17291667E+02 -1.18003000E+02 -1.19523000E+02 -1.20579333E+02 -1.19777333E+02 -1.20345667E+02 -1.18943667E+02 -1.19908000E+02 -1.20052000E+02 -1.19271333E+02 -1.20014333E+02 -1.21875333E+02 
 -1.20575000E+02 -1.22905667E+02 -1.23251667E+02 -1.22382333E+02 -1.21779000E+02 -1.22331000E+02 -1.22110000E+02 -1.23152000E+02 -1.21442000E+02 -1.22192000E+02 -1.22674000E+02 -1.21148667E+02 -1.21382667E+02 -1.23584000E+02 -1.23197000E+02 -1.23046000E+02 -1.23908667E+02 -1.23243333E+02 -1.23905000E+02 -1.23152000E+02 -1.24256000E+02 -1.22769667E+02 -1.24728333E+02 -1.26087333E+02 -1.23243667E+02 
 -1.23754667E+02 -1.24699333E+02 -1.26461333E+02 -1.26754333E+02 -1.26007000E+02 -1.27005000E+02 -1.28607333E+02 -1.27667000E+02 -1.25394667E+02 -1.27062333E+02 -1.26212333E+02 -1.28055667E+02 -1.26803667E+02 -1.27808000E+02 -1.28714667E+02 -1.27937667E+02 -1.27645333E+02 -1.28862000E+02 -1.29626333E+02 -1.30076667E+02 -1.31603333E+02 -1.30627000E+02 -1.32034000E+02 -1.31568000E+02 -1.31112333E+02 
 -1.31157667E+02 -1.31595667E+02 -1.32405667E+02 -1.31958667E+02 -1.33882000E+02 -1.35766667E+02 -1.35388667E+02 -1.34427667E+02 -1.34874667E+02 -1.34754333E+02 -1.34510333E+02 -1.34852667E+02 -1.35965667E+02 -1.37229667E+02 -1.38875000E+02 -1.37140667E+02 -1.37354667E+02 -1.39025333E+02 -1.38110000E+02 -1.37343333E+02 -1.37865333E+02 -1.37367333E+02 -1.36573000E+02 -1.37753667E+02 -1.38127667E+02 
 -1.36874667E+02 -1.37067667E+02 -1.37240667E+02 -1.38963000E+02 -1.38148333E+02 -1.39572667E+02 -1.40214000E+02 -1.41138333E+02 -1.40372333E+02 -1.40695333E+02 -1.42448667E+02 -1.41510667E+02 -1.43015333E+02 -1.43063000E+02 -1.43662333E+02 -1.44589333E+02 -1.43549667E+02 -1.43554667E+02 -1.43411333E+02 -1.43482000E+02 -1.42842000E+02 -1.43347000E+02 -1.42824333E+02 -1.43306667E+02 -1.44341333E+02 
 -1.42628000E+02 -1.43991333E+02 -1.43113000E+02 -1.44243333E+02 -1.44922667E+02 -1.45167333E+02 -1.45563667E+02 -1.46027667E+02 -1.45143667E+02 -1.45032667E+02 -1.45976000E+02 -1.44782667E+02 -1.45502000E+02 -1.45304667E+02 -1.45463000E+02 -1.45673333E+02 -1.46796000E+02 -1.45916667E+02 -1.46068333E+02 -1.44835000E+02 -1.45070000E+02 -1.45741333E+02 -1.45396333E+02 -1.46187667E+02 -1.44428667E+02 
 -1.45303333E+02 -1.46535667E+02 -1.47094000E+02 -1.46653000E+02 -1.47059000E+02 -1.47533667E+02 -1.49620333E+02 -1.50086000E+02 -1.50810333E+02 -1.51522667E+02 -1.52237000E+02 -1.53191000E+02 -1.53073667E+02 -1.54352667E+02 -1.53000333E+02 -1.54281333E+02 -1.53767333E+02 -1.55585333E+02 -1.54295333E+02 -1.52940333E+02 -1.55353333E+02 -1.54209667E+02 -1.56958000E+02 -1.54915000E+02 -1.54700667E+02 
 -1.55376667E+02 -1.55955333E+02 -1.56187667E+02 -1.57134000E+02 -1.58232667E+02 -1.58635667E+02 -1.56718333E+02 -1.56068000E+02 -1.55001000E+02 -1.55655333E+02 -1.58186333E+02 -1.58731667E+02 -1.58185000E+02 -1.58218000E+02 -1.56166333E+02 -1.55614667E+02 -1.56078000E+02 -1.56228333E+02 -1.57932000E+02 -1.57439333E+02 -1.58582333E+02 -1.60063000E+02 -1.60924000E+02 -1.60197333E+02 -1.61150000E+02 
 -1.61820000E+02 -1.61505667E+02 -1.61956000E+02 -1.63184667E+02 -1.64489000E+02 -1.62307333E+02 -1.62465333E+02 -1.63908333E+02 -1.64104667E+02 -1.67404000E+02 -1.65483333E+02 -1.64913333E+02 -1.64999000E+02 -1.66965000E+02 -1.67020667E+02 -1.67844000E+02 -1.68886333E+02 -1.68549667E+02 -1.69816000E+02 -1.69967667E+02 -1.71373333E+02 -1.70681667E+02 -1.69704667E+02 -1.71000667E+02 -1.72006333E+02 
 -1.72033333E+02 -1.73413667E+02 -1.76109667E+02 -1.77580333E+02 -1.77059667E+02 -1.77415667E+02 -1.76949667E+02 -1.77205667E+02 -1.75966667E+02 -1.77023000E+02 -1.78944333E+02 -1.78018667E+02 -1.79752000E+02 -1.81368667E+02 -1.80975667E+02 -1.81398000E+02 -1.81823000E+02 -1.81844667E+02 -1.83079333E+02 -1.82285333E+02 -1.82064667E+02 -1.82282000E+02 -1.81842667E+02 -1.82801667E+02 -1.81552333E+02 
 -1.82355000E+02 -1.83635667E+02 -1.82748667E+02 -1.84866000E+02 -1.84974333E+02 -1.85270667E+02 -1.84741667E+02 -1.85071000E+02 -1.85459000E+02 -1.84486000E+02 -1.83004667E+02 -1.83711333E+02 -1.83681667E+02 -1.83428333E+02 -1.84897000E+02 -1.86385333E+02 -1.86083000E+02 -1.85753667E+02 -1.87305000E+02 -1.87086667E+02 -1.87222667E+02 -1.85895000E+02 -1.86128000E+02 -1.85307667E+02 -1.86805333E+02 
 -1.88505333E+02 -1.88749333E+02 -1.88726333E+02 -1.90961667E+02 -1.91201000E+02 -1.92944333E+02 -1.93432667E+02 -1.94461000E+02 -1.95212667E+02 -1.95038000E+02 -1.95693000E+02 -1.96693000E+02 -1.95742000E+02 -1.96825000E+02 -1.95724000E+02 -1.95703000E+02 -1.94033667E+02 -1.97250333E+02 -1.97022667E+02 -1.99035000E+02 -1.99187333E+02 -1.98429000E+02 -1.99879333E+02 -1.99889333E+02 -2.02069000E+02 
 -2.02496000E+02 -2.02504667E+02 -2.03446667E+02 -2.04955667E+02 -2.06181000E+02 -2.05285333E+02 -2.05379000E+02 -2.05366667E+02 -2.05482333E+02 -2.04606000E+02 -2.07124000E+02 -2.07205333E+02 -2.07329667E+02 -2.07009000E+02 -2.07986667E+02 -2.08763667E+02 -2.08284333E+02 -2.08612000E+02 -2.08716000E+02 -2.09331667E+02 -2.09221000E+02 -2.09220333E+02 -2.11349667E+02 -2.10741000E+02 -2.11143333E+02 
 -2.11656667E+02 -2.12660333E+02 -2.12546000E+02 -2.14876333E+02 -2.15178000E+02 -2.17160333E+02 -2.16586000E+02 -2.17874000E+02 -2.17895333E+02 -2.17127000E+02 -2.18867333E+02 -2.20927333E+02 -2.18837000E+02 -2.18471333E+02 -2.18374667E+02 -2.16698000E+02 -2.17935667E+02 -2.18827667E+02 -2.19257667E+02 -2.20786667E+02 -2.22357000E+02 -2.23446000E+02 -2.24602667E+02 -2.26626333E+02 -2.26391000E+02 
 -2.26291333E+02 -2.28002000E+02 -2.28971667E+02 -2.28644333E+02 -2.29140000E+02 -2.32301000E+02 -2.30477667E+02 -2.31023333E+02 -2.31516667E+02 -2.30773333E+02 -2.32320333E+02 -2.33270333E+02 -2.35972333E+02 -2.34970000E+02 -2.34807333E+02 -2.36584667E+02 -2.35799000E+02 -2.37946667E+02 -2.37411667E+02 -2.37107667E+02 -2.37693333E+02 -2.37889333E+02 -2.37247667E+02 -2.36837000E+02 -2.37108333E+02 
 -2.37582000E+02 -2.38817000E+02 -2.40965667E+02 -2.41622667E+02 -2.42096333E+02 -2.42283667E+02 -2.44154667E+02 -2.44870333E+02 -2.43107000E+02 -2.43383000E+02 -2.43670333E+02 -2.43939333E+02 -2.43706333E+02 -2.45796667E+02 -2.45548000E+02 -2.45247333E+02 -2.44738333E+02 -2.44867333E+02 -2.44893333E+02 -2.46273333E+02 -2.46184333E+02 -2.46867333E+02 -2.47284000E+02 -2.46678333E+02 -2.47436000E+02 
 -2.47066000E+02 -2.48221333E+02 -2.47513333E+02 -2.48877000E+02 -2.49110000E+02 -2.51613000E+02 -2.51104000E+02 -2.51259333E+02 -2.50650333E+02 -2.52041333E+02 -2.53292333E+02 -2.54433333E+02 -2.54602000E+02 -2.56671000E+02 -2.55679000E+02 -2.56465667E+02 -2.57018333E+02 -2.59401000E+02 -2.58041333E+02 -2.60549000E+02 -2.59259333E+02 -2.61314333E+02 -2.61373333E+02 -2.62184000E+02 -2.61861000E+02 
 -2.63179000E+02 -2.63835333E+02 -2.63309667E+02 -2.67922333E+02 -2.68297000E+02 -2.66982333E+02 -2.68979333E+02 -2.68477667E+02 -2.67494333E+02 -2.69300000E+02 -2.70026333E+02 -2.70863667E+02 -2.71115000E+02 -2.72269000E+02 -2.72515667E+02 -2.73262000E+02 -2.74632333E+02 -2.74118667E+02 -2.74903667E+02 -2.77389333E+02 -2.79073667E+02 -2.80119000E+02 -2.81204333E+02 -2.82413333E+02 -2.83523000E+02 
 -2.85209333E+02 -2.87000000E+02 -2.86490333E+02 -2.88796667E+02 -2.90474000E+02 -2.91323667E+02 -2.91848667E+02 -2.92536333E+02 -2.92725333E+02 -2.93052667E+02 -2.95211000E+02 -2.94370333E+02 -2.96832667E+02 -2.97678667E+02 -2.97877000E+02 -2.99522000E+02 -3.00496333E+02 -3.00809000E+02 -3.00584333E+02 -3.01408667E+02 -3.01162667E+02 -3.03014333E+02 -3.05222333E+02 -3.07060667E+02 -3.04504667E+02 
 -3.05453667E+02 -3.07119000E+02 -3.09860333E+02 -3.08747333E+02 -3.10697667E+02 -3.11680333E+02 -3.12110333E+02 -3.13210333E+02 -3.13595333E+02 -3.15181667E+02 -3.14191333E+02 -3.17083667E+02 -3.18354000E+02 -3.19108000E+02 -3.20450333E+02 -3.21179333E+02 -3.21926667E+02 -3.22908667E+02 -3.22882000E+02 -3.23680333E+02 -3.23468333E+02 -3.24784333E+02 -3.24123000E+02 -3.27196000E+02 -3.28166000E+02 
 -3.29468667E+02 -3.31131333E+02 -3.32170333E+02 -3.33194000E+02 -3.35137333E+02 -3.36450333E+02 -3.37901333E+02 -3.36517667E+02 -3.37896667E+02 -3.38322333E+02 -3.40056000E+02 -3.40315667E+02 -3.42065000E+02 -3.43242667E+02 -3.43755333E+02 -3.44233667E+02 -3.45047000E+02 -3.46074333E+02 -3.47259333E+02 -3.49443333E+02 -3.49879667E+02 -3.49256333E+02 -3.50584667E+02 -3.51930000E+02 -3.52253333E+02 
 -3.51745000E+02 -3.55169000E+02 -3.54973000E+02 -3.54966333E+02 -3.55787000E+02 -3.57135667E+02 -3.57718667E+02 -3.56306000E+02 -3.58544000E+02 -3.58802000E+02 -3.60485333E+02 -3.62358333E+02 -3.63633000E+02 -3.64799000E+02 -3.64985333E+02 -3.66823000E+02 -3.67202667E+02 -3.68714333E+02 -3.69114333E+02 -3.70353333E+02 -3.73072667E+02 -3.73251667E+02 -3.75999000E+02 -3.75461000E+02 -3.78111667E+02 
 -3.80589333E+02 -3.82084667E+02 -3.84368000E+02 -3.84227000E+02 -3.88199667E+02 -3.88072667E+02 -3.88754000E+02 -3.90652000E+02 -3.90845667E+02 -3.91524667E+02 -3.93076333E+02 -3.94743333E+02 -3.94415333E+02 -3.97407333E+02 -3.98480000E+02 -3.99157333E+02 -3.98445667E+02 -3.99904333E+02 -4.00151000E+02 -4.00039667E+02 -4.03610000E+02 -4.04518667E+02 -4.06233000E+02 -4.07174667E+02 -4.06996667E+02 
 -4.07770333E+02 -4.10170667E+02 -4.10044000E+02 -4.09929333E+02 -4.13673667E+02 -4.13582667E+02 -4.13638333E+02 -4.16028000E+02 -4.17463000E+02 -4.18616000E+02 -4.19682333E+02 -4.20348000E+02 -4.21868000E+02 -4.22306000E+02 -4.24157667E+02 -4.22230667E+02 -4.25616000E+02 -4.24873000E+02 -4.27747667E+02 -4.29018667E+02 -4.29708000E+02 -4.29572667E+02 -4.32489333E+02 -4.31644333E+02 -4.33388667E+02 
 -4.34090333E+02 -4.36143333E+02 -4.36173000E+02 -4.38351000E+02 -4.41780667E+02 -4.42919333E+02 -4.44993667E+02 -4.43624000E+02 -4.46854333E+02 -4.49153333E+02 -4.48219667E+02 -4.49032000E+02 -4.51515667E+02 -4.50857667E+02 -4.52753000E+02 -4.55197667E+02 -4.56164333E+02 -4.56473667E+02 -4.56097000E+02 -4.56629000E+02 -4.58944667E+02 -4.61373667E+02 -4.61056333E+02 -4.62361000E+02 -4.63451333E+02 
 -4.64458333E+02 -4.66156333E+02 -4.67131333E+02 -4.70705667E+02 -4.70184333E+02 -4.73181000E+02 -4.73141000E+02 -4.73641000E+02 -4.76880667E+02 -4.79769333E+02 -4.80595667E+02 -4.80976333E+02 -4.82502667E+02 -4.84332667E+02 -4.84501333E+02 -4.87181667E+02 -4.89138000E+02 -4.89894000E+02 -4.91381667E+02 -4.92329000E+02 -4.93271333E+02 -4.92350333E+02 -4.94616000E+02 -4.93424333E+02 -4.96718000E+02 
 -4.97088333E+02 -5.00577333E+02 -5.03096667E+02 -5.05657333E+02 -5.09389667E+02 -5.08895667E+02 -5.08543000E+02 -5.10304667E+02 -5.13383667E+02 -5.16037667E+02 -5.16450333E+02 -5.17456333E+02 -5.19522333E+02 -5.21132333E+02 -5.22536000E+02 -5.23638667E+02 -5.26339333E+02 -5.26790333E+02 -5.26691333E+02 -5.27606000E+02 -5.28478000E+02 -5.30547000E+02 -5.31559333E+02 -5.33017333E+02 -5.33823667E+02 
 -5.36573667E+02 -5.39072667E+02 -5.40053333E+02 -5.41348667E+02 -5.42860000E+02 -5.43778000E+02 -5.44035333E+02 -5.46490000E+02 -5.50310000E+02 -5.50765667E+02 -5.53292333E+02 -5.54605667E+02 -5.56960667E+02 -5.56512667E+02 -5.58658000E+02 -5.59635000E+02 -5.63298000E+02 -5.64370667E+02 -5.65227000E+02 -5.66413667E+02 -5.69167333E+02 -5.71651333E+02 -5.71341667E+02 -5.74257333E+02 -5.76280667E+02 
 -5.78288667E+02 -5.79566667E+02 -5.82329000E+02 -5.82719000E+02 -5.84745000E+02 -5.86193333E+02 -5.87943000E+02 -5.91793333E+02 -5.92906333E+02 -5.94780000E+02 -5.95902333E+02 -5.96152000E+02 -5.98338000E+02 -5.98848667E+02 -6.00625333E+02 -6.03407333E+02 -6.05552333E+02 -6.07204333E+02 -6.07485667E+02 -6.09495667E+02 -6.10941333E+02 -6.14643333E+02 -6.15918000E+02 -6.18145333E+02 -6.21076000E+02 
 -6.23908333E+02 -6.26321333E+02 -6.29152000E+02 -6.30490333E+02 -6.32141000E+02 -6.33935667E+02 -6.34901333E+02 -6.36802667E+02 -6.40350333E+02 -6.44696667E+02 -6.43996000E+02 -6.47841333E+02 -6.49118333E+02 -6.49846667E+02 -6.52628333E+02 -6.54587000E+02 -6.56602000E+02 -6.58129000E+02 -6.60469333E+02 -6.62054000E+02 -6.65447333E+02 -6.66937333E+02 -6.68595333E+02 -6.68713667E+02 -6.72123000E+02 
 -6.73612333E+02 -6.78131000E+02 -6.77570333E+02 -6.79733667E+02 -6.82495333E+02 -6.86176667E+02 -6.87584667E+02 -6.88142667E+02 -6.92572667E+02 -6.93764667E+02 -6.96898000E+02 -6.98401333E+02 -7.03271667E+02 -7.02123667E+02 -7.02068667E+02 -7.04917333E+02 -7.04721667E+02 -7.07952333E+02 -7.07951333E+02 -7.10609333E+02 -7.11104000E+02 -7.13235333E+02 -7.14791000E+02 -7.16746333E+02 -7.21404000E+02 
 -7.20659000E+02 -7.25223667E+02 -7.28422000E+02 -7.29746333E+02 -7.31057000E+02 -7.36638333E+02 -7.39082333E+02 -7.40130333E+02 -7.42530000E+02 -7.46846333E+02 -7.49180333E+02 -7.52617000E+02 -7.53258667E+02 -7.57231667E+02 -7.60175333E+02 -7.61302667E+02 -7.64251667E+02 -7.67012000E+02 -7.69666333E+02 -7.70906667E+02 -7.72543333E+02 -7.74629000E+02 -7.77366333E+02 -7.77092333E+02 -7.80709000E+02 
 -7.81359333E+02 -7.84621000E+02 -7.87082667E+02 -7.89668667E+02 -7.91976667E+02 -7.94872000E+02 -7.96308000E+02 -7.98720667E+02 -8.01691667E+02 -8.02222667E+02 -8.06444333E+02 -8.07637000E+02 -8.11054000E+02 -8.12337667E+02 -8.16590000E+02 -8.18266000E+02 -8.19207333E+02 -8.22619000E+02 -8.23851333E+02 -8.27518667E+02 -8.28808333E+02 -8.31757667E+02 -8.33794667E+02 -8.35095667E+02 -8.37030333E+02 
 -8.39380000E+02 -8.42099667E+02 -8.46994000E+02 -8.49309667E+02 -8.49715667E+02 -8.52905000E+02 -8.55983333E+02 -8.59384000E+02 -8.61791333E+02 -8.66198333E+02 -8.67288000E+02 -8.69136000E+02 -8.72761333E+02 -8.76291000E+02 -8.77659000E+02 -8.81506000E+02 -8.82302667E+02 -8.82191667E+02 -8.85407667E+02 -8.88519333E+02 -8.91806667E+02 -8.95009667E+02 -8.94045667E+02 -8.97942667E+02 -8.99691333E+02 
 -9.03117333E+02 -9.09920000E+02 -9.11590667E+02 -9.14340667E+02 -9.16405000E+02 -9.20621667E+02 -9.21879333E+02 -9.24578000E+02 -9.27553000E+02 -9.31903000E+02 -9.35361333E+02 -9.35560667E+02 -9.37330667E+02 -9.40285667E+02 -9.41667667E+02 -9.47475333E+02 -9.51978000E+02 -9.52646333E+02 -9.55719667E+02 -9.57111000E+02 -9.58688333E+02 -9.62369667E+02 -9.64914000E+02 -9.68978667E+02 -9.70350333E+02 
 -9.73431667E+02 -9.77412667E+02 -9.80999333E+02 -9.83320000E+02 -9.86152667E+02 -9.88903667E+02 -9.92667667E+02 -9.97715333E+02 -9.99287667E+02 -1.00361067E+03 -1.00748800E+03 -1.01008967E+03 -1.01215100E+03 -1.01526500E+03 -1.01817500E+03 -1.02039333E+03 -1.02413000E+03 -1.02762533E+03 -1.02961667E+03 -1.03128800E+03 -1.03434600E+03 -1.03748000E+03 -1.04155433E+03 -1.04491433E+03 -1.04583133E+03 
 -1.04990200E+03 -1.05301567E+03 -1.05669867E+03 -1.06091467E+03 -1.06584467E+03 -1.06704733E+03 -1.07295233E+03 -1.07434800E+03 -1.07913833E+03 -1.08113067E+03 -1.08369800E+03 -1.08810767E+03 -1.09124933E+03 -1.09516800E+03 -1.09602000E+03 -1.10007733E+03 -1.10431900E+03 -1.10774100E+03 -1.11025633E+03 -1.11359233E+03 -1.11589233E+03 -1.11951167E+03 -1.12377200E+03 -1.12617433E+03 -1.13010367E+03 
 -1.13284367E+03 -1.13794400E+03 -1.14041500E+03 -1.14436800E+03 -1.14802133E+03 -1.15125533E+03 -1.15393533E+03 -1.15663633E+03 -1.15949900E+03 -1.16279567E+03 -1.16599900E+03 -1.16947000E+03 -1.17336233E+03 -1.17846967E+03 -1.18110467E+03 -1.18625067E+03 -1.18820433E+03 -1.19176700E+03 -1.19579967E+03 -1.19940500E+03 -1.20221967E+03 -1.20416033E+03 -1.21017067E+03 -1.21262233E+03 -1.21482800E+03 
 -1.21858233E+03 -1.22265800E+03 -1.22825200E+03 -1.23077700E+03 -1.23369867E+03 -1.23832567E+03 -1.24077133E+03 -1.24539233E+03 -1.24921800E+03 -1.25451600E+03 -1.25918833E+03 -1.26274367E+03 -1.26804233E+03 -1.26949000E+03 -1.27350433E+03 -1.27693967E+03 -1.28105700E+03 -1.28421900E+03 -1.28695367E+03 -1.29168467E+03 -1.29303133E+03 -1.29557167E+03 -1.30230900E+03 -1.30515767E+03 -1.30976133E+03 
 -1.31400100E+03 -1.31812000E+03 -1.32145733E+03 -1.32558800E+03 -1.32943533E+03 -1.33509333E+03 -1.33921233E+03 -1.34477067E+03 -1.34901500E+03 -1.34965433E+03 -1.35593667E+03 -1.36070733E+03 -1.36427933E+03 -1.36955167E+03 -1.37256800E+03 -1.37608500E+03 -1.38025033E+03 -1.38495033E+03 -1.38989300E+03 -1.39363267E+03 -1.39850133E+03 -1.39964033E+03 -1.40434233E+03 -1.40904600E+03 -1.41400800E+03 
 -1.41876700E+03 -1.42155767E+03 -1.42676900E+03 -1.43061700E+03 -1.43540700E+03 -1.43851533E+03 -1.44350933E+03 -1.44654700E+03 -1.45150267E+03 -1.45550633E+03 -1.46161467E+03 -1.46492033E+03 -1.46916233E+03 -1.47381933E+03 -1.47897333E+03 -1.48195167E+03 -1.48540033E+03 -1.48979600E+03 -1.49455133E+03 -1.49845200E+03 -1.50220300E+03 -1.50665700E+03 -1.50986467E+03 -1.51483533E+03 -1.51711967E+03 
 -1.52178600E+03 -1.52691433E+03 -1.53093133E+03 -1.53777533E+03 -1.54113833E+03 -1.54477067E+03 -1.54981700E+03 -1.55523267E+03 -1.55976200E+03 -1.56536133E+03 -1.56917800E+03 -1.57350933E+03 -1.57798100E+03 -1.58212267E+03 -1.58558000E+03 -1.58951233E+03 -1.59426367E+03 -1.59887100E+03 -1.60236400E+03 -1.60577867E+03 -1.61032300E+03 -1.61497433E+03 -1.61888200E+03 -1.62295033E+03 -1.62705833E+03 
 -1.63148233E+03 -1.63633733E+03 -1.64123067E+03 -1.64677067E+03 -1.65052567E+03 -1.65623900E+03 -1.66046633E+03 -1.66488633E+03 -1.66761367E+03 -1.67172667E+03 -1.67637833E+03 -1.68316700E+03 -1.68714233E+03 -1.69161567E+03 -1.69583633E+03 -1.69993233E+03 -1.70533900E+03 -1.70782733E+03 -1.71471100E+03 -1.71928667E+03 -1.72419900E+03 -1.72634300E+03 -1.73126800E+03 -1.73722467E+03 -1.74295167E+03 
 -1.74627900E+03 -1.75166467E+03 -1.75863567E+03 -1.76052033E+03 -1.76602067E+03 -1.77102000E+03 -1.77404100E+03 -1.78006867E+03 -1.78536400E+03 -1.78907333E+03 -1.79334433E+03 -1.79938767E+03 -1.80646967E+03 -1.80951100E+03 -1.81441167E+03 -1.81951900E+03 -1.82637967E+03 -1.83128900E+03 -1.83346900E+03 -1.83743167E+03 -1.84437567E+03 -1.85016800E+03 -1.85231667E+03 -1.85655900E+03 -1.86450200E+03 
 -1.86578867E+03 -1.87194567E+03 -1.87712600E+03 -1.88198333E+03 -1.88831767E+03 -1.89247300E+03 -1.89992000E+03 -1.90416533E+03 -1.90965067E+03 -1.91414300E+03 -1.91898000E+03 -1.92384800E+03 -1.93063667E+03 -1.93514200E+03 -1.94142033E+03 -1.94537767E+03 -1.95259933E+03 -1.95587500E+03 -1.96307967E+03 -1.96687967E+03 -1.97336433E+03 -1.97726167E+03 -1.98312200E+03 -1.98702033E+03 -1.99273467E+03 
 -1.99624000E+03 -2.00477900E+03 -2.00880667E+03 -2.01543933E+03 -2.01986767E+03 -2.02499700E+03 -2.03073400E+03 -2.03536600E+03 -2.03999733E+03 -2.04489033E+03 -2.05117867E+03 -2.05601367E+03 -2.06168933E+03 -2.06874067E+03 -2.07463033E+03 -2.07989533E+03 -2.08451233E+03 -2.08957133E+03 -2.09509233E+03 -2.10124167E+03 -2.10705133E+03 -2.11150933E+03 -2.11567800E+03 -2.12078433E+03 -2.12678300E+03 
 -2.13075567E+03 -2.13716300E+03 -2.14255067E+03 -2.14926133E+03 -2.15401667E+03 -2.15968700E+03 -2.16442733E+03 -2.16872033E+03 -2.17502833E+03 -2.18227533E+03 -2.18772333E+03 -2.19258500E+03 -2.19774833E+03 -2.20480833E+03 -2.20916967E+03 -2.21355000E+03 -2.21990267E+03 -2.22422967E+03 -2.23012133E+03 -2.23640700E+03 -2.24087300E+03 -2.24668267E+03 -2.25272867E+03 -2.25929467E+03 -2.26522033E+03 
 -2.27078700E+03 -2.27717833E+03 -2.28350833E+03 -2.28927033E+03 -2.29293933E+03 -2.30022833E+03 -2.30496533E+03 -2.30952067E+03 -2.31586367E+03 -2.32239767E+03 -2.32836467E+03 -2.33307367E+03 -2.33958733E+03 -2.34290000E+03 -2.34874733E+03 -2.35573433E+03 -2.35912400E+03 -2.36618933E+03 -2.37214767E+03 -2.37657233E+03 -2.38373300E+03 -2.39031167E+03 -2.39532000E+03 -2.40078900E+03 -2.40748667E+03 
 -2.41261467E+03 -2.41825967E+03 -2.42369467E+03 -2.43072133E+03 -2.43708367E+03 -2.44214700E+03 -2.44851733E+03 -2.45448833E+03 -2.46098267E+03 -2.46835267E+03 -2.47306200E+03 -2.48080167E+03 -2.48624333E+03 -2.49110967E+03 -2.49562067E+03 -2.50254700E+03 -2.50712333E+03 -2.51424600E+03 -2.52015433E+03 -2.52480100E+03 -2.53071167E+03 -2.53572467E+03 -2.54235167E+03 -2.54732600E+03 -2.55050700E+03 
 -2.55575200E+03 -2.56284800E+03 -2.56995400E+03 -2.57506900E+03 -2.58169667E+03 -2.58825100E+03 -2.59491467E+03 -2.60145500E+03 -2.60844933E+03 -2.61377200E+03 -2.62063500E+03 -2.62960067E+03 -2.63414900E+03 -2.63939333E+03 -2.64787400E+03 -2.65347600E+03 -2.65898967E+03 -2.66422433E+03 -2.66934000E+03 -2.67534733E+03 -2.68053733E+03 -2.68607467E+03 -2.69279000E+03 -2.69986167E+03 -2.70439100E+03 
 -2.71229633E+03 -2.71865700E+03 -2.72256900E+03 -2.72912767E+03 -2.73591900E+03 -2.74210533E+03 -2.74798133E+03 -2.75219367E+03 -2.75907800E+03 -2.76556067E+03 -2.77203333E+03 -2.77728033E+03 -2.78337500E+03 -2.78967233E+03 -2.79451067E+03 -2.80140200E+03 -2.80568067E+03 -2.81107900E+03 -2.81765200E+03 -2.82364000E+03 -2.83091133E+03 -2.83669933E+03 -2.84152067E+03 -2.84854100E+03 -2.85410367E+03 
 -2.85968500E+03 -2.86630700E+03 -2.87451567E+03 -2.87942800E+03 -2.88471933E+03 -2.89009033E+03 -2.89634000E+03 -2.90255933E+03 -2.90918500E+03 -2.91510067E+03 -2.92217400E+03 -2.92846500E+03 -2.93534933E+03 -2.94022600E+03 -2.94572800E+03 -2.95141767E+03 -2.95717333E+03 -2.96339200E+03 -2.96949267E+03 -2.97605267E+03 -2.98175133E+03 -2.98752100E+03 -2.99485133E+03 -2.99917967E+03 -3.00514833E+03 
 -3.01248367E+03 -3.01824200E+03 -3.02433067E+03 -3.03059400E+03 -3.03551867E+03 -3.04082033E+03 -3.04744467E+03 -3.05312100E+03 -3.06125800E+03 -3.06747167E+03 -3.07507100E+03 -3.08014500E+03 -3.08697367E+03 -3.09310600E+03 -3.09991967E+03 -3.10716867E+03 -3.11271300E+03 -3.11803600E+03 -3.12250633E+03 -3.12809767E+03 -3.13357733E+03 -3.14109233E+03 -3.14655067E+03 -3.15223500E+03 -3.15724167E+03 
 -3.16300000E+03 -3.17289500E+03 -3.17853900E+03 -3.18519100E+03 -3.19105033E+03 -3.19668033E+03 -3.20413167E+03 -3.20944733E+03 -3.21542900E+03 -3.22080433E+03 -3.22674000E+03 -3.23446600E+03 -3.24195267E+03 -3.24716400E+03 -3.25385667E+03 -3.25864733E+03 -3.26297700E+03 -3.26973700E+03 -3.27600467E+03 -3.28116767E+03 -3.28727633E+03 -3.29365867E+03 -3.29981267E+03 -3.30477167E+03 -3.31157667E+03 
 -3.31715333E+03 -3.32422367E+03 -3.33025333E+03 -3.33695633E+03 -3.34305400E+03 -3.34932700E+03 -3.35392567E+03 -3.36065833E+03 -3.36623133E+03 -3.37383100E+03 -3.38008633E+03 -3.38585533E+03 -3.39204800E+03 -3.39639867E+03 -3.40241567E+03 -3.40782233E+03 -3.41349600E+03 -3.41969300E+03 -3.42555267E+03 -3.42990633E+03 -3.43529700E+03 -3.44167100E+03 -3.44802400E+03 -3.45380967E+03 -3.45869900E+03 
 -3.46621400E+03 -3.47159833E+03 -3.47710300E+03 -3.48394567E+03 -3.48993367E+03 -3.49703900E+03 -3.50363600E+03 -3.51085100E+03 -3.51632200E+03 -3.52288600E+03 -3.52897533E+03 -3.53636600E+03 -3.54279900E+03 -3.54824633E+03 -3.55542467E+03 -3.56062933E+03 -3.56651533E+03 -3.57236133E+03 -3.57858433E+03 -3.58467467E+03 -3.59196433E+03 -3.59565300E+03 -3.60299700E+03 -3.60939967E+03 -3.61474800E+03 
 -3.62314367E+03 -3.63025200E+03 -3.63604133E+03 -3.64318067E+03 -3.64894667E+03 -3.65625967E+03 -3.66176133E+03 -3.66805100E+03 -3.67353300E+03 -3.67966900E+03 -3.68551633E+03 -3.69243467E+03 -3.69882100E+03 -3.70481167E+03 -3.71192233E+03 -3.71787700E+03 -3.72283267E+03 -3.72899500E+03 -3.73483133E+03 -3.74190700E+03 -3.74862000E+03 -3.75597400E+03 -3.76205767E+03 -3.76769667E+03 -3.77391767E+03 
 -3.78075633E+03 -3.78761200E+03 -3.79322267E+03 -3.79988700E+03 -3.80580500E+03 -3.81188833E+03 -3.81912933E+03 -3.82530467E+03 -3.83106000E+03 -3.83741100E+03 -3.84397833E+03 -3.84861567E+03 -3.85297733E+03 -3.85932300E+03 -3.86464100E+03 -3.87103367E+03 -3.87699367E+03 -3.88335000E+03 -3.88943967E+03 -3.89563833E+03 -3.90112100E+03 -3.90713400E+03 -3.91279633E+03 -3.91842867E+03 -3.92459633E+03 
 -3.92980300E+03 -3.93747500E+03 -3.94399000E+03 -3.94973300E+03 -3.95480233E+03 -3.96139900E+03 -3.96626500E+03 -3.97197067E+03 -3.97814367E+03 -3.98406333E+03 -3.99142433E+03 -3.99643267E+03 -4.00178967E+03 -4.00815467E+03 -4.01374167E+03 -4.01936700E+03 -4.02505633E+03 -4.03051833E+03 -4.03697433E+03 -4.04228800E+03 -4.04837767E+03 -4.05460000E+03 -4.06030000E+03 -4.06497567E+03 -4.07178033E+03 
 -4.07740267E+03 -4.08396500E+03 -4.08973200E+03 -4.09490267E+03 -4.09985967E+03 -4.10602767E+03 -4.11213467E+03 -4.11793733E+03 -4.12382967E+03 -4.12984500E+03 -4.13610833E+03 -4.14236067E+03 -4.14769367E+03 -4.15225433E+03 -4.15758467E+03 -4.16437133E+03 -4.17011567E+03 -4.17468033E+03 -4.18068033E+03 -4.18510167E+03 -4.19162200E+03 -4.19753233E+03 -4.20316567E+03 -4.20912433E+03 -4.21681933E+03 
 -4.22194600E+03 -4.22821333E+03 -4.23450500E+03 -4.23985767E+03 -4.24571267E+03 -4.25191533E+03 -4.25696633E+03 -4.26249500E+03 -4.26900533E+03 -4.27523067E+03 -4.28030100E+03 -4.28632267E+03 -4.29086033E+03 -4.29557033E+03 -4.30079867E+03 -4.30708800E+03 -4.31218967E+03 -4.31788333E+03 -4.32315933E+03 -4.32856500E+03 -4.33430767E+03 -4.34107867E+03 -4.34553433E+03 -4.35021467E+03 -4.35726467E+03 
 -4.36294200E+03 -4.36870867E+03 -4.37323300E+03 -4.37811700E+03 -4.38322233E+03 -4.38830833E+03 -4.39587433E+03 -4.40133533E+03 -4.40702100E+03 -4.41263600E+03 -4.41878433E+03 -4.42429233E+03 -4.42870667E+03 -4.43471400E+03 -4.43938033E+03 -4.44525900E+03 -4.45142300E+03 -4.45709267E+03 -4.46190967E+03 -4.46705033E+03 -4.47227500E+03 -4.47855567E+03 -4.48408833E+03 -4.49000700E+03 -4.49568067E+03 
 -4.50198333E+03 -4.50774533E+03 -4.51330667E+03 -4.51841467E+03 -4.52285100E+03 -4.52897533E+03 -4.53480500E+03 -4.53959167E+03 -4.54467800E+03 -4.55014300E+03 -4.55582000E+03 -4.56085700E+03 -4.56565200E+03 -4.57070033E+03 -4.57552600E+03 -4.58021100E+03 -4.58474833E+03 -4.59015633E+03 -4.59424767E+03 -4.59910067E+03 -4.60474900E+03 -4.60793767E+03 -4.61391733E+03 -4.62045500E+03 -4.62575600E+03 
 -4.63090000E+03 -4.63655667E+03 -4.64203233E+03 -4.64831667E+03 -4.65399167E+03 -4.65769433E+03 -4.66302400E+03 -4.66910300E+03 -4.67338033E+03 -4.67935867E+03 -4.68485533E+03 -4.68997033E+03 -4.69499800E+03 -4.70085733E+03 -4.70661967E+03 -4.71222200E+03 -4.71557400E+03 -4.72054367E+03 -4.72591900E+03 -4.73189600E+03 -4.73669067E+03 -4.74093200E+03 -4.74471500E+03 -4.74907233E+03 -4.75521767E+03 
 -4.76009933E+03 -4.76609467E+03 -4.77109100E+03 -4.77596300E+03 -4.78102600E+03 -4.78559167E+03 -4.79159600E+03 -4.79578967E+03 -4.80053033E+03 -4.80505433E+03 -4.81031733E+03 -4.81520967E+03 -4.81897600E+03 -4.82312267E+03 -4.82755233E+03 -4.83345933E+03 -4.83759900E+03 -4.84308267E+03 -4.84799900E+03 -4.85213600E+03 -4.85695767E+03 -4.86164867E+03 -4.86635000E+03 -4.87110767E+03 -4.87658833E+03 
 -4.88153133E+03 -4.88701033E+03 -4.89203467E+03 -4.89653333E+03 -4.90108900E+03 -4.90547900E+03 -4.91078033E+03 -4.91510267E+03 -4.92001500E+03 -4.92411167E+03 -4.92934800E+03 -4.93343400E+03 -4.93752967E+03 -4.94301767E+03 -4.94681367E+03 -4.95280567E+03 -4.95651800E+03 -4.96117133E+03 -4.96575933E+03 -4.96952167E+03 -4.97419033E+03 -4.97901633E+03 -4.98331200E+03 -4.98886800E+03 -4.99305067E+03 
 -4.99750567E+03 -5.00265433E+03 -5.00721800E+03 -5.01147600E+03 -5.01534733E+03 -5.02034567E+03 -5.02461533E+03 -5.02909767E+03 -5.03317667E+03 -5.03822067E+03 -5.04264800E+03 -5.04732033E+03 -5.05228133E+03 -5.05620400E+03 -5.06046900E+03 -5.06494433E+03 -5.06944700E+03 -5.07476667E+03 -5.07921267E+03 -5.08294333E+03 -5.08583300E+03 -5.08999833E+03 -5.09372900E+03 -5.09810933E+03 -5.10389400E+03 
 -5.10786767E+03 -5.11145300E+03 -5.11562100E+03 -5.12139400E+03 -5.12541800E+03 -5.13037133E+03 -5.13402400E+03 -5.13807000E+03 -5.14205367E+03 -5.14689100E+03 -5.15192567E+03 -5.15588867E+03 -5.15962067E+03 -5.16393167E+03 -5.16788767E+03 -5.17272400E+03 -5.17668667E+03 -5.18084300E+03 -5.18443267E+03 -5.18816867E+03 -5.19164000E+03 -5.19638933E+03 -5.19932133E+03 -5.20387267E+03 -5.20791333E+03 
 -5.21202033E+03 -5.21689367E+03 -5.22169933E+03 -5.22534533E+03 -5.22976867E+03 -5.23348133E+03 -5.23821633E+03 -5.24277733E+03 -5.24653133E+03 -5.25070033E+03 -5.25429133E+03 -5.25788167E+03 -5.26177000E+03 -5.26554700E+03 -5.26932967E+03 -5.27283900E+03 -5.27821067E+03 -5.28181367E+03 -5.28558633E+03 -5.29042800E+03 -5.29355133E+03 -5.29754600E+03 -5.30172300E+03 -5.30596833E+03 -5.30860800E+03 
 -5.31266633E+03 -5.31676500E+03 -5.32063533E+03 -5.32597467E+03 -5.32939133E+03 -5.33248067E+03 -5.33640800E+03 -5.34119433E+03 -5.34522600E+03 -5.34893500E+03 -5.35317300E+03 -5.35654367E+03 -5.36010933E+03 -5.36490500E+03 -5.36815067E+03 -5.37192533E+03 -5.37591833E+03 -5.38066933E+03 -5.38454400E+03 -5.38858133E+03 -5.39330467E+03 -5.39707500E+03 -5.40031967E+03 -5.40427767E+03 -5.40749700E+03 
 -5.40979433E+03 -5.41319733E+03 -5.41618967E+03 -5.41951000E+03 -5.42294333E+03 -5.42647933E+03 -5.42984867E+03 -5.43387700E+03 -5.43699067E+03 -5.44143500E+03 -5.44547967E+03 -5.44881467E+03 -5.45230867E+03 -5.45559400E+03 -5.45883633E+03 -5.46205567E+03 -5.46570667E+03 -5.46938433E+03 -5.47347600E+03 -5.47742133E+03 -5.48032333E+03 -5.48336833E+03 -5.48708467E+03 -5.49054767E+03 -5.49486000E+03 
 -5.49863800E+03 -5.50311833E+03 -5.50626000E+03 -5.50981300E+03 -5.51325200E+03 -5.51621100E+03 -5.52001700E+03 -5.52253667E+03 -5.52557167E+03 -5.52986467E+03 -5.53441267E+03 -5.53828067E+03 -5.54142967E+03 -5.54515933E+03 -5.54925167E+03 -5.55130500E+03 -5.55462133E+03 -5.55790900E+03 -5.56105167E+03 -5.56337633E+03 -5.56741800E+03 -5.57073633E+03 -5.57356500E+03 -5.57642733E+03 -5.58019600E+03 
 -5.58248533E+03 -5.58624700E+03 -5.58926900E+03 -5.59197667E+03 -5.59522233E+03 -5.59858133E+03 -5.60166300E+03 -5.60464567E+03 -5.60791467E+03 -5.61101100E+03 -5.61480900E+03 -5.61756000E+03 -5.62081133E+03 -5.62423500E+03 -5.62632800E+03 -5.62943500E+03 -5.63235933E+03 -5.63546067E+03 -5.63875633E+03 -5.64192167E+03 -5.64450300E+03 -5.64728067E+03 -5.65012800E+03 -5.65304067E+03 -5.65604833E+03 
 -5.65887667E+03 -5.66224500E+03 -5.66470867E+03 -5.66734633E+03 -5.67161467E+03 -5.67436133E+03 -5.67702533E+03 -5.67958133E+03 -5.68226300E+03 -5.68552667E+03 -5.68842533E+03 -5.69115200E+03 -5.69418067E+03 -5.69686733E+03 -5.69906000E+03 -5.70232067E+03 -5.70557767E+03 -5.70813167E+03 -5.71155667E+03 -5.71527467E+03 -5.71791900E+03 -5.72020900E+03 -5.72309967E+03 -5.72621200E+03 -5.72925200E+03 
 -5.73112100E+03 -5.73409367E+03 -5.73692133E+03 -5.73957067E+03 -5.74253133E+03 -5.74508533E+03 -5.74775033E+03 -5.75052400E+03 -5.75359467E+03 -5.75540433E+03 -5.75696433E+03 -5.75958033E+03 -5.76217333E+03 -5.76470200E+03 -5.76787467E+03 -5.77063233E+03 -5.77340900E+03 -5.77643867E+03 -5.78001033E+03 -5.78246900E+03 -5.78444533E+03 -5.78682967E+03 -5.78957067E+03 -5.79237833E+03 -5.79490367E+03 
 -5.79688100E+03 -5.79911433E+03 -5.80187967E+03 -5.80450100E+03 -5.80609133E+03 -5.80891333E+03 -5.81075533E+03 -5.81319467E+03 -5.81594733E+03 -5.81922267E+03 -5.82255967E+03 -5.82478533E+03 -5.82642733E+03 -5.82897933E+03 -5.83205533E+03 -5.83441067E+03 -5.83707867E+03 -5.83944733E+03 -5.84176467E+03 -5.84389033E+03 -5.84678167E+03 -5.84968933E+03 -5.85243267E+03 -5.85435333E+03 -5.85734200E+03 
 -5.85915800E+03 -5.86250800E+03 -5.86476200E+03 -5.86733667E+03 -5.87033500E+03 -5.87317700E+03 -5.87530967E+03 -5.87789667E+03 -5.88038533E+03 -5.88274433E+03 -5.88394900E+03 -5.88558167E+03 -5.88824500E+03 -5.89079067E+03 -5.89305133E+03 -5.89541800E+03 -5.89741267E+03 -5.89909733E+03 -5.90134033E+03 -5.90328433E+03 -5.90524467E+03 -5.90735367E+03 -5.91009833E+03 -5.91241067E+03 -5.91468100E+03 
 -5.91705800E+03 -5.91903633E+03 -5.92156333E+03 -5.92361767E+03 -5.92549967E+03 -5.92678600E+03 -5.92836867E+03 -5.93064233E+03 -5.93305667E+03 -5.93624467E+03 -5.93834967E+03 -5.93958400E+03 -5.94219333E+03 -5.94408333E+03 -5.94677267E+03 -5.94856033E+03 -5.95103433E+03 -5.95264200E+03 -5.95452867E+03 -5.95602500E+03 -5.95768767E+03 -5.95985233E+03 -5.96173167E+03 -5.96394867E+03 -5.96578567E+03 
 -5.96782400E+03 -5.96973667E+03 -5.97169300E+03 -5.97455533E+03 -5.97642433E+03 -5.97867767E+03 -5.98030000E+03 -5.98192467E+03 -5.98393867E+03 -5.98563033E+03 -5.98794733E+03 -5.98930000E+03 -5.99106333E+03 -5.99289433E+03 -5.99494200E+03 -5.99627500E+03 -5.99785433E+03 -5.99916400E+03 -6.00121000E+03 -6.00350567E+03 -6.00565567E+03 -6.00789500E+03 -6.00983800E+03 -6.01155633E+03 -6.01399600E+03 
 -6.01503200E+03 -6.01658967E+03 -6.01771633E+03 -6.01942900E+03 -6.02140900E+03 -6.02294967E+03 -6.02390033E+03 -6.02560167E+03 -6.02787600E+03 -6.03013267E+03 -6.03274600E+03 -6.03396200E+03 -6.03591533E+03 -6.03736667E+03 -6.03923167E+03 -6.04130100E+03 -6.04333367E+03 -6.04535000E+03 -6.04695133E+03 -6.04858067E+03 -6.04989567E+03 -6.05197633E+03 -6.05432300E+03 -6.05662800E+03 -6.05813700E+03 
 -6.06097567E+03 -6.06169767E+03 -6.06397967E+03 -6.06559067E+03 -6.06699833E+03 -6.06736267E+03 -6.06953533E+03 -6.07050100E+03 -6.07306000E+03 -6.07504067E+03 -6.07603333E+03 -6.07730467E+03 -6.07857867E+03 -6.08058867E+03 -6.08270767E+03 -6.08505000E+03 -6.08730567E+03 -6.08950933E+03 -6.09065667E+03 -6.09189000E+03 -6.09306167E+03 -6.09516367E+03 -6.09652900E+03 -6.09782800E+03 -6.09950500E+03 
 -6.10140533E+03 -6.10212833E+03 -6.10386100E+03 -6.10537100E+03 -6.10636633E+03 -6.10760367E+03 -6.10951333E+03 -6.11104500E+03 -6.11194467E+03 -6.11338667E+03 -6.11413967E+03 -6.11555733E+03 -6.11662933E+03 -6.11762500E+03 -6.11860767E+03 -6.12065467E+03 -6.12216233E+03 -6.12459300E+03 -6.12565433E+03 -6.12696867E+03 -6.12846233E+03 -6.12976867E+03 -6.13118933E+03 -6.13274367E+03 -6.13460633E+03 
 -6.13580867E+03 -6.13697300E+03 -6.13888767E+03 -6.14053300E+03 -6.14191767E+03 -6.14327067E+03 -6.14489700E+03 -6.14597100E+03 -6.14756733E+03 -6.14929967E+03 -6.15117733E+03 -6.15261933E+03 -6.15342467E+03 -6.15462067E+03 -6.15652300E+03 -6.15789500E+03 -6.15905333E+03 -6.16077867E+03 -6.16165433E+03 -6.16332067E+03 -6.16473700E+03 -6.16661500E+03 -6.16752367E+03 -6.16872300E+03 -6.16976200E+03 
 -6.17120933E+03 -6.17336667E+03 -6.17421533E+03 -6.17520533E+03 -6.17689533E+03 -6.17776267E+03 -6.17930567E+03 -6.18003867E+03 -6.18139100E+03 -6.18218367E+03 -6.18418467E+03 -6.18571767E+03 -6.18626400E+03 -6.18696333E+03 -6.18908600E+03 -6.19091467E+03 -6.19138200E+03 -6.19266567E+03 -6.19392200E+03 -6.19531900E+03 -6.19673567E+03 -6.19790367E+03 -6.19897567E+03 -6.20047700E+03 -6.20192967E+03 
 -6.20267733E+03 -6.20367700E+03 -6.20460333E+03 -6.20539333E+03 -6.20633500E+03 -6.20795400E+03 -6.20863133E+03 -6.20969767E+03 -6.21056433E+03 -6.21194800E+03 -6.21317900E+03 -6.21479633E+03 -6.21590367E+03 -6.21677767E+03 -6.21797133E+03 -6.21908767E+03 -6.21994000E+03 -6.22061633E+03 -6.22170133E+03 -6.22243267E+03 -6.22344167E+03 -6.22414000E+03 -6.22521967E+03 -6.22600133E+03 -6.22654867E+03 
 -6.22750733E+03 -6.22801733E+03 -6.22871467E+03 -6.22948100E+03 -6.23051367E+03 -6.23103667E+03 -6.23268567E+03 -6.23348500E+03 -6.23465533E+03 -6.23530267E+03 -6.23604600E+03 -6.23712533E+03 -6.23825900E+03 -6.23871500E+03 -6.23958000E+03 -6.24069300E+03 -6.24116633E+03 -6.24187367E+03 -6.24232700E+03 -6.24261800E+03 -6.24372267E+03 -6.24490567E+03 -6.24620800E+03 -6.24758233E+03 -6.24857533E+03 
 -6.24987800E+03 -6.25031900E+03 -6.25107233E+03 -6.25156600E+03 -6.25170567E+03 -6.25250700E+03 -6.25323033E+03 -6.25440267E+03 -6.25518700E+03 -6.25570300E+03 -6.25583133E+03 -6.25690300E+03 -6.25768833E+03 -6.25878300E+03 -6.26077733E+03 -6.26144067E+03 -6.26282167E+03 -6.26361000E+03 -6.26462933E+03 -6.26480933E+03 -6.26499200E+03 -6.26629433E+03 -6.26710433E+03 -6.26816767E+03 -6.26943867E+03 
 -6.26993600E+03 -6.27053433E+03 -6.27144467E+03 -6.27210867E+03 -6.27322600E+03 -6.27425167E+03 -6.27419933E+03 -6.27559067E+03 -6.27655100E+03 -6.27735800E+03 -6.27839367E+03 -6.27859067E+03 -6.27911067E+03 -6.27933967E+03 -6.27990800E+03 -6.28093567E+03 -6.28235400E+03 -6.28287933E+03 -6.28376800E+03 -6.28360233E+03 -6.28392533E+03 -6.28499567E+03 -6.28557900E+03 -6.28655767E+03 -6.28761267E+03 
 -6.28764533E+03 -6.28811367E+03 -6.28876667E+03 -6.28981333E+03 -6.29025967E+03 -6.29126167E+03 -6.29203200E+03 -6.29267233E+03 -6.29281133E+03 -6.29333467E+03 -6.29322067E+03 -6.29383100E+03 -6.29468467E+03 -6.29489000E+03 -6.29473400E+03 -6.29516167E+03 -6.29581833E+03 -6.29657033E+03 -6.29691067E+03 -6.29737100E+03 -6.29883167E+03 -6.29913000E+03 -6.29998633E+03 -6.29947633E+03 -6.29942333E+03 
 -6.30045600E+03 -6.30087700E+03 -6.30186200E+03 -6.30238500E+03 -6.30336433E+03 -6.30341567E+03 -6.30440567E+03 -6.30474367E+03 -6.30514533E+03 -6.30601633E+03 -6.30561033E+03 -6.30600800E+03 -6.30721267E+03 -6.30753533E+03 -6.30891367E+03 -6.30820467E+03 -6.30911500E+03 -6.31017067E+03 -6.31076900E+03 -6.31108133E+03 -6.31151800E+03 -6.31140900E+03 -6.31185867E+03 -6.31242367E+03 -6.31347867E+03 
 -6.31387767E+03 -6.31396133E+03 -6.31387133E+03 -6.31408067E+03 -6.31453400E+03 -6.31523300E+03 -6.31580267E+03 -6.31598067E+03 -6.31657733E+03 -6.31769033E+03 -6.31742200E+03 -6.31847867E+03 -6.31928800E+03 -6.31935500E+03 -6.31973400E+03 -6.31948767E+03 -6.32020233E+03 -6.32098200E+03 -6.32095600E+03 -6.32169233E+03 -6.32178433E+03 -6.32197500E+03 -6.32321000E+03 -6.32392700E+03 -6.32365400E+03 
 -6.32434233E+03 -6.32437533E+03 -6.32420167E+03 -6.32455900E+03 -6.32479833E+03 -6.32476367E+03 -6.32522167E+03 -6.32481467E+03 -6.32605900E+03 -6.32587433E+03 -6.32614467E+03 -6.32675900E+03 -6.32659467E+03 -6.32635167E+03 -6.32735933E+03 -6.32772200E+03 -6.32829067E+03 -6.32868800E+03 -6.32868600E+03 -6.32861033E+03 -6.32993300E+03 -6.33030200E+03 -6.33006800E+03 -6.32989700E+03 -6.32973333E+03 
 -6.32977367E+03 -6.33062667E+03 -6.33062633E+03 -6.33116567E+03 -6.33095400E+03 -6.33118700E+03 -6.33075167E+03 -6.33158567E+03 -6.33105233E+03 -6.33247467E+03 -6.33309433E+03 -6.33316833E+03 -6.33298467E+03 -6.33331600E+03 -6.33442800E+03 -6.33406600E+03 -6.33496633E+03 -6.33474633E+03 -6.33460533E+03 -6.33493600E+03 -6.33582267E+03 -6.33568667E+03 -6.33598033E+03 -6.33638200E+03 -6.33703100E+03 
 -6.33671100E+03 -6.33632600E+03 -6.33613300E+03 -6.33577567E+03 -6.33591833E+03 -6.33550433E+03 -6.33599667E+03 -6.33540533E+03 -6.33616567E+03 -6.33659733E+03 -6.33651367E+03 -6.33611767E+03 -6.33627200E+03 -6.33670767E+03 -6.33669933E+03 -6.33735567E+03 -6.33749367E+03 -6.33691467E+03 -6.33757000E+03 -6.33813100E+03 -6.33792533E+03 -6.33802267E+03 -6.33804967E+03 -6.33778300E+03 -6.33808933E+03 
 -6.33878400E+03 -6.33827833E+03 -6.33876800E+03 -6.33882200E+03 -6.33909667E+03 -6.33913667E+03 -6.33900967E+03 -6.33999967E+03 -6.34010567E+03 -6.34023933E+03 -6.34003867E+03 -6.33995033E+03 -6.33965767E+03 -6.33879367E+03 -6.33918033E+03 -6.33896200E+03 -6.33893933E+03 -6.33944900E+03 -6.34080167E+03 -6.34087933E+03 -6.34062067E+03 -6.34139600E+03 -6.34221233E+03 -6.34098067E+03 -6.34109400E+03 
 -6.34096267E+03 -6.34099100E+03 -6.33986833E+03 -6.34000800E+03 -6.34050067E+03 -6.34090400E+03 -6.34052333E+03 -6.34072000E+03 -6.34048333E+03 -6.34147467E+03 -6.34116167E+03 -6.34163333E+03 -6.34060967E+03 -6.34012967E+03 -6.34077633E+03 -6.34043800E+03 -6.34018000E+03 -6.33919700E+03 -6.34008300E+03 -6.34032200E+03 -6.34067133E+03 -6.34077967E+03 -6.34108200E+03 -6.34106833E+03 -6.34101933E+03 
 -6.34170267E+03 -6.34160933E+03 -6.34224333E+03 -6.34251733E+03 -6.34118800E+03 -6.34191633E+03 -6.34265600E+03 -6.34181133E+03 -6.34140400E+03 -6.34071133E+03 -6.34099700E+03 -6.34123367E+03 -6.34140300E+03 -6.34089100E+03 -6.34144700E+03 -6.34101667E+03 -6.34076333E+03 -6.34021133E+03 -6.33966633E+03 -6.33985100E+03 -6.34049967E+03 -6.34031000E+03 -6.33938300E+03 -6.33975867E+03 -6.33990667E+03 
 -6.33920033E+03 -6.33968767E+03 -6.33936933E+03 -6.33890367E+03 -6.33913200E+03 -6.33884600E+03 -6.33869333E+03 -6.33823833E+03 -6.33723900E+03 -6.33748533E+03 -6.33744133E+03 -6.33741600E+03 -6.33725500E+03 -6.33715067E+03 -6.33655667E+03 -6.33683733E+03 -6.33618633E+03 -6.33647133E+03 -6.33605800E+03 -6.33526533E+03 -6.33516600E+03 -6.33521100E+03 -6.33491267E+03 -6.33439733E+03 -6.33439267E+03 
 -6.33441067E+03 -6.33332900E+03 -6.33321633E+03 -6.33267033E+03 -6.33267567E+03 -6.33083667E+03 -6.33083900E+03 -6.33089833E+03 -6.33023300E+03 -6.33009200E+03 -6.33048433E+03 -6.33035900E+03 -6.33007567E+03 -6.32935067E+03 -6.32903467E+03 -6.32876200E+03 -6.32873500E+03 -6.32847133E+03 -6.32833967E+03 -6.32785833E+03 -6.32817200E+03 -6.32835267E+03 -6.32714700E+03 -6.32816500E+03 -6.32775600E+03 
 -6.32761800E+03 -6.32567600E+03 -6.32622800E+03 -6.32560867E+03 -6.32537167E+03 -6.32514933E+03 -6.32507033E+03 -6.32464067E+03 -6.32440500E+03 -6.32325300E+03 -6.32364767E+03 -6.32306833E+03 -6.32216800E+03 -6.32302067E+03 -6.32181633E+03 -6.32153300E+03 -6.32142033E+03 -6.32095267E+03 -6.32119833E+03 -6.32028800E+03 -6.31980733E+03 -6.31925500E+03 -6.31851533E+03 -6.31834900E+03 -6.31927800E+03 
 -6.31889700E+03 -6.31812300E+03 -6.31786967E+03 -6.31696767E+03 -6.31685533E+03 -6.31596800E+03 -6.31653300E+03 -6.31617467E+03 -6.31539033E+03 -6.31504933E+03 -6.31482533E+03 -6.31509167E+03 -6.31457800E+03 -6.31379500E+03 -6.31295033E+03 -6.31279133E+03 -6.31212633E+03 -6.31182967E+03 -6.31179100E+03 -6.31137433E+03 -6.31130667E+03 -6.31083767E+03 -6.31011167E+03 -6.30924000E+03 -6.30834133E+03 
 -6.30841967E+03 -6.30872367E+03 -6.30776033E+03 -6.30623100E+03 -6.30637800E+03 -6.30618900E+03 -6.30516733E+03 -6.30483100E+03 -6.30312933E+03 -6.30325600E+03 -6.30388967E+03 -6.30258633E+03 -6.30185200E+03 -6.30168867E+03 -6.30029433E+03 -6.30054967E+03 -6.29995633E+03 -6.29922567E+03 -6.29833200E+03 -6.29825167E+03 -6.29671900E+03 -6.29565500E+03 -6.29560533E+03 -6.29464567E+03 -6.29442367E+03 
 -6.29321267E+03 -6.29234533E+03 -6.29296267E+03 -6.29117367E+03 -6.29015300E+03 -6.29051867E+03 -6.29000333E+03 -6.28914467E+03 -6.28963600E+03 -6.28888733E+03 -6.28796267E+03 -6.28766500E+03 -6.28651433E+03 -6.28753433E+03 -6.28654933E+03 -6.28607600E+03 -6.28545400E+03 -6.28508800E+03 -6.28484467E+03 -6.28417233E+03 -6.28376067E+03 -6.28352733E+03 -6.28188267E+03 -6.28129933E+03 -6.28102900E+03 
 -6.28135067E+03 -6.27982500E+03 -6.27858900E+03 -6.27813033E+03 -6.27812300E+03 -6.27787400E+03 -6.27706367E+03 -6.27704833E+03 -6.27568000E+03 -6.27585167E+03 -6.27511167E+03 -6.27528600E+03 -6.27405033E+03 -6.27253300E+03 -6.27227000E+03 -6.27180333E+03 -6.27046733E+03 -6.27016033E+03 -6.26861533E+03 -6.26743500E+03 -6.26748100E+03 -6.26622700E+03 -6.26614467E+03 -6.26546733E+03 -6.26513600E+03 
 -6.26448167E+03 -6.26300500E+03 -6.26229200E+03 -6.26139867E+03 -6.26079933E+03 -6.26016233E+03 -6.25987600E+03 -6.25891300E+03 -6.25634800E+03 -6.25592767E+03 -6.25554933E+03 -6.25417033E+03 -6.25395033E+03 -6.25230900E+03 -6.25050767E+03 -6.24958433E+03 -6.24881200E+03 -6.24793400E+03 -6.24752700E+03 -6.24709033E+03 -6.24763333E+03 -6.24498000E+03 -6.24565867E+03 -6.24441867E+03 -6.24321967E+03 
 -6.24326367E+03 -6.24106833E+03 -6.24080700E+03 -6.23991633E+03 -6.23879567E+03 -6.23795800E+03 -6.23773400E+03 -6.23740667E+03 -6.23661400E+03 -6.23561733E+03 -6.23591200E+03 -6.23434933E+03 -6.23426800E+03 -6.23219033E+03 -6.23201100E+03 -6.23079533E+03 -6.23013900E+03 -6.22894133E+03 -6.22779333E+03 -6.22694867E+03 -6.22662367E+03 -6.22571633E+03 -6.22557600E+03 -6.22470333E+03 -6.22335100E+03 
 -6.22325667E+03 -6.22220033E+03 -6.21999867E+03 -6.21941167E+03 -6.21933833E+03 -6.21793700E+03 -6.21707933E+03 -6.21561700E+03 -6.21382200E+03 -6.21218533E+03 -6.21168067E+03 -6.21135100E+03 -6.20970967E+03 -6.20915800E+03 -6.20732433E+03 -6.20624133E+03 -6.20530167E+03 -6.20403700E+03 -6.20303000E+03 -6.20091067E+03 -6.20069533E+03 -6.19947967E+03 -6.19805433E+03 -6.19765633E+03 -6.19693767E+03 
 -6.19612533E+03 -6.19508400E+03 -6.19404600E+03 -6.19200400E+03 -6.19032867E+03 -6.18953567E+03 -6.18966467E+03 -6.18752333E+03 -6.18634200E+03 -6.18471400E+03 -6.18444900E+03 -6.18356567E+03 -6.18122467E+03 -6.18028867E+03 -6.17885567E+03 -6.17819333E+03 -6.17789367E+03 -6.17582567E+03 -6.17647567E+03 -6.17476133E+03 -6.17399900E+03 -6.17317700E+03 -6.17222400E+03 -6.17115967E+03 -6.17020033E+03 
 -6.16848833E+03 -6.16640933E+03 -6.16511600E+03 -6.16352033E+03 -6.16301900E+03 -6.16085133E+03 -6.15910300E+03 -6.15824900E+03 -6.15774600E+03 -6.15581900E+03 -6.15450267E+03 -6.15295500E+03 -6.15128033E+03 -6.14981233E+03 -6.14929267E+03 -6.14817467E+03 -6.14633967E+03 -6.14417900E+03 -6.14246567E+03 -6.14136867E+03 -6.14052200E+03 -6.13982933E+03 -6.13910833E+03 -6.13717733E+03 -6.13579933E+03 
 -6.13395767E+03 -6.13219633E+03 -6.12940267E+03 -6.12852233E+03 -6.12602167E+03 -6.12582333E+03 -6.12497000E+03 -6.12453933E+03 -6.12355867E+03 -6.12157033E+03 -6.11948867E+03 -6.11794433E+03 -6.11778233E+03 -6.11594633E+03 -6.11564200E+03 -6.11450400E+03 -6.11289333E+03 -6.11183867E+03 -6.10991500E+03 -6.10807433E+03 -6.10564500E+03 -6.10401367E+03 -6.10340967E+03 -6.10208567E+03 -6.10038033E+03 
 -6.10002033E+03 -6.09738233E+03 -6.09539933E+03 -6.09353033E+03 -6.09367633E+03 -6.09170767E+03 -6.09009133E+03 -6.08774567E+03 -6.08621833E+03 -6.08499867E+03 -6.08299600E+03 -6.08198533E+03 -6.08047800E+03 -6.07808667E+03 -6.07658633E+03 -6.07571700E+03 -6.07397067E+03 -6.07200333E+03 -6.07098267E+03 -6.06952967E+03 -6.06720933E+03 -6.06516000E+03 -6.06464533E+03 -6.06105800E+03 -6.06084833E+03 
 -6.05941667E+03 -6.05771833E+03 -6.05491067E+03 -6.05339333E+03 -6.05136033E+03 -6.04987367E+03 -6.04796867E+03 -6.04649733E+03 -6.04412833E+03 -6.04251833E+03 -6.03947000E+03 -6.03887733E+03 -6.03636167E+03 -6.03345833E+03 -6.03233667E+03 -6.02956733E+03 -6.02738900E+03 -6.02507633E+03 -6.02344233E+03 -6.02143600E+03 -6.01962833E+03 -6.01780900E+03 -6.01635467E+03 -6.01568167E+03 -6.01383700E+03 
 -6.01240167E+03 -6.01020433E+03 -6.00865667E+03 -6.00702667E+03 -6.00351233E+03 -6.00195033E+03 -5.99990267E+03 -5.99810667E+03 -5.99687333E+03 -5.99438267E+03 -5.99222667E+03 -5.98947267E+03 -5.98846333E+03 -5.98803633E+03 -5.98521433E+03 -5.98286900E+03 -5.98101933E+03 -5.97843633E+03 -5.97632600E+03 -5.97378133E+03 -5.97141967E+03 -5.96992367E+03 -5.96761967E+03 -5.96532700E+03 -5.96301900E+03 
 -5.96146767E+03 -5.95942600E+03 -5.95696300E+03 -5.95518600E+03 -5.95131633E+03 -5.95061267E+03 -5.94779667E+03 -5.94619800E+03 -5.94376533E+03 -5.94157233E+03 -5.93868667E+03 -5.93522367E+03 -5.93373733E+03 -5.93213433E+03 -5.93016133E+03 -5.92690467E+03 -5.92508700E+03 -5.92366433E+03 -5.92013733E+03 -5.91737067E+03 -5.91465133E+03 -5.91254800E+03 -5.91107133E+03 -5.90910400E+03 -5.90543733E+03 
 -5.90285933E+03 -5.90026667E+03 -5.89732200E+03 -5.89514033E+03 -5.89351167E+03 -5.89034233E+03 -5.88773833E+03 -5.88557233E+03 -5.88230167E+03 -5.88053100E+03 -5.87729300E+03 -5.87477133E+03 -5.87304633E+03 -5.87172067E+03 -5.86912600E+03 -5.86639667E+03 -5.86395367E+03 -5.86170333E+03 -5.86114433E+03 -5.85719833E+03 -5.85437767E+03 -5.85155233E+03 -5.84881767E+03 -5.84774833E+03 -5.84556367E+03 
 -5.84229167E+03 -5.83977567E+03 -5.83622667E+03 -5.83350533E+03 -5.83123333E+03 -5.82729300E+03 -5.82483933E+03 -5.82193500E+03 -5.81816533E+03 -5.81435100E+03 -5.81064600E+03 -5.80766367E+03 -5.80345900E+03 -5.80075267E+03 -5.79712700E+03 -5.79377233E+03 -5.79154667E+03 -5.78721800E+03 -5.78510933E+03 -5.78197833E+03 -5.78050967E+03 -5.77759367E+03 -5.77532200E+03 -5.77310400E+03 -5.76978567E+03 
 -5.76694600E+03 -5.76150700E+03 -5.75785967E+03 -5.75428100E+03 -5.75121833E+03 -5.74762433E+03 -5.74463567E+03 -5.74114000E+03 -5.73806167E+03 -5.73417700E+03 -5.73179900E+03 -5.72785500E+03 -5.72443767E+03 -5.72123767E+03 -5.71916433E+03 -5.71637267E+03 -5.71300300E+03 -5.70983667E+03 -5.70716000E+03 -5.70301167E+03 -5.69960367E+03 -5.69651667E+03 -5.69301233E+03 -5.68923033E+03 -5.68717800E+03 
 -5.68324267E+03 -5.67901933E+03 -5.67444967E+03 -5.67183533E+03 -5.66888000E+03 -5.66642767E+03 -5.66142500E+03 -5.65803567E+03 -5.65511000E+03 -5.65115900E+03 -5.64651533E+03 -5.64337767E+03 -5.63977467E+03 -5.63574767E+03 -5.63259100E+03 -5.62911300E+03 -5.62447667E+03 -5.62117733E+03 -5.61732167E+03 -5.61366533E+03 -5.60972133E+03 -5.60641900E+03 -5.60316800E+03 -5.60048233E+03 -5.59761900E+03 
 -5.59357000E+03 -5.58852500E+03 -5.58536767E+03 -5.58151067E+03 -5.57711000E+03 -5.57207967E+03 -5.56656933E+03 -5.56477867E+03 -5.56047000E+03 -5.55702100E+03 -5.55447833E+03 -5.55122167E+03 -5.54779167E+03 -5.54268233E+03 -5.53964000E+03 -5.53636200E+03 -5.53088533E+03 -5.52756500E+03 -5.52283167E+03 -5.51896433E+03 -5.51526767E+03 -5.51246267E+03 -5.50832167E+03 -5.50426500E+03 -5.50079033E+03 
 -5.49630333E+03 -5.49088700E+03 -5.48478567E+03 -5.48239167E+03 -5.47597200E+03 -5.47154500E+03 -5.46610700E+03 -5.46062833E+03 -5.45497900E+03 -5.45110733E+03 -5.44521900E+03 -5.44119867E+03 -5.43734667E+03 -5.43307700E+03 -5.42865600E+03 -5.42480233E+03 -5.42077000E+03 -5.41599267E+03 -5.41216800E+03 -5.40714300E+03 -5.40330800E+03 -5.39860367E+03 -5.39413333E+03 -5.38969600E+03 -5.38423200E+03 
 -5.38057133E+03 -5.37594267E+03 -5.37050867E+03 -5.36468033E+03 -5.36012267E+03 -5.35453733E+03 -5.35004633E+03 -5.34646567E+03 -5.34210133E+03 -5.33656400E+03 -5.33262167E+03 -5.32774767E+03 -5.32143100E+03 -5.31656400E+03 -5.31055467E+03 -5.30545633E+03 -5.30246967E+03 -5.29726633E+03 -5.29305467E+03 -5.28750600E+03 -5.28219000E+03 -5.27688033E+03 -5.27336567E+03 -5.26846400E+03 -5.26261300E+03 
 -5.25698300E+03 -5.25213667E+03 -5.24547767E+03 -5.24126667E+03 -5.23702567E+03 -5.23146133E+03 -5.22596467E+03 -5.22155633E+03 -5.21485167E+03 -5.20953667E+03 -5.20332200E+03 -5.19728733E+03 -5.19259967E+03 -5.18847633E+03 -5.18351600E+03 -5.17790533E+03 -5.17107033E+03 -5.16558767E+03 -5.15803067E+03 -5.15265767E+03 -5.14864333E+03 -5.14133033E+03 -5.13525067E+03 -5.13181233E+03 -5.12662700E+03 
 -5.12065933E+03 -5.11302033E+03 -5.10697367E+03 -5.10091567E+03 -5.09528067E+03 -5.08720667E+03 -5.08057667E+03 -5.07422533E+03 -5.06765967E+03 -5.06059067E+03 -5.05405133E+03 -5.04783000E+03 -5.04390367E+03 -5.03722567E+03 -5.03130233E+03 -5.02384933E+03 -5.01875500E+03 -5.01185067E+03 -5.00610667E+03 -4.99945767E+03 -4.99216133E+03 -4.98597467E+03 -4.97915667E+03 -4.97235100E+03 -4.96770567E+03 
 -4.96221233E+03 -4.95422433E+03 -4.94664033E+03 -4.93845800E+03 -4.93183233E+03 -4.92446600E+03 -4.91809400E+03 -4.91137733E+03 -4.90541467E+03 -4.89706567E+03 -4.89078200E+03 -4.88354500E+03 -4.87422133E+03 -4.86809933E+03 -4.85984967E+03 -4.85308900E+03 -4.84674700E+03 -4.84037633E+03 -4.83221200E+03 -4.82524967E+03 -4.81974900E+03 -4.81093500E+03 -4.80419700E+03 -4.79710767E+03 -4.78960100E+03 
 -4.78227733E+03 -4.77315167E+03 -4.76748600E+03 -4.75837967E+03 -4.75174400E+03 -4.74428300E+03 -4.73579500E+03 -4.72790433E+03 -4.72085167E+03 -4.71393133E+03 -4.70631533E+03 -4.69887367E+03 -4.69343467E+03 -4.68587500E+03 -4.67736667E+03 -4.66789767E+03 -4.65912400E+03 -4.65247500E+03 -4.64467100E+03 -4.63715400E+03 -4.63140000E+03 -4.62379167E+03 -4.61663333E+03 -4.61037800E+03 -4.60163967E+03 
 -4.59459533E+03 -4.58473500E+03 -4.57607467E+03 -4.56738300E+03 -4.55711933E+03 -4.54931733E+03 -4.53962233E+03 -4.53139900E+03 -4.52354067E+03 -4.51478233E+03 -4.50598500E+03 -4.49827000E+03 -4.49128733E+03 -4.48017633E+03 -4.47302567E+03 -4.46530167E+03 -4.45667267E+03 -4.44831200E+03 -4.43823800E+03 -4.43111633E+03 -4.42248833E+03 -4.41486067E+03 -4.40647633E+03 -4.39747967E+03 -4.38976333E+03 
 -4.38421500E+03 -4.37383933E+03 -4.36407700E+03 -4.35646467E+03 -4.34528833E+03 -4.33536533E+03 -4.32687400E+03 -4.31757867E+03 -4.30916367E+03 -4.30096700E+03 -4.29195067E+03 -4.28112167E+03 -4.27211967E+03 -4.26284633E+03 -4.25392900E+03 -4.24298867E+03 -4.23386400E+03 -4.22545400E+03 -4.21776233E+03 -4.20859733E+03 -4.19844033E+03 -4.18867100E+03 -4.18016567E+03 -4.16924133E+03 -4.16229500E+03 
 -4.15319167E+03 -4.14446600E+03 -4.13503833E+03 -4.12387033E+03 -4.11264667E+03 -4.10313867E+03 -4.09171833E+03 -4.08073133E+03 -4.07158567E+03 -4.06216600E+03 -4.05385233E+03 -4.04288067E+03 -4.03219767E+03 -4.02319500E+03 -4.01065633E+03 -4.00048867E+03 -3.99103800E+03 -3.98111633E+03 -3.97236567E+03 -3.96169900E+03 -3.95249833E+03 -3.94368567E+03 -3.93417133E+03 -3.92386100E+03 -3.91613900E+03 
 -3.90641867E+03 -3.89640600E+03 -3.88303500E+03 -3.87351567E+03 -3.86205533E+03 -3.85211300E+03 -3.84142633E+03 -3.83071100E+03 -3.81896967E+03 -3.80617067E+03 -3.79441933E+03 -3.78538567E+03 -3.77345267E+03 -3.76415767E+03 -3.75107633E+03 -3.74230333E+03 -3.72994033E+03 -3.71829500E+03 -3.70753933E+03 -3.69843767E+03 -3.68745100E+03 -3.67520600E+03 -3.66660633E+03 -3.65614467E+03 -3.64516633E+03 
 -3.63522000E+03 -3.62328067E+03 -3.61316800E+03 -3.60012133E+03 -3.58946733E+03 -3.57717667E+03 -3.56416367E+03 -3.55305733E+03 -3.54242000E+03 -3.53033267E+03 -3.51834567E+03 -3.50766033E+03 -3.49568567E+03 -3.48514600E+03 -3.47350233E+03 -3.46268800E+03 -3.45102667E+03 -3.43920233E+03 -3.42737167E+03 -3.41820100E+03 -3.40674833E+03 -3.39651767E+03 -3.38332333E+03 -3.37201900E+03 -3.36226300E+03 
 -3.35222600E+03 -3.33989667E+03 -3.32509000E+03 -3.31312867E+03 -3.30302300E+03 -3.29176833E+03 -3.28050767E+03 -3.26835433E+03 -3.25610300E+03 -3.24388933E+03 -3.23138100E+03 -3.22085967E+03 -3.20984467E+03 -3.19660900E+03 -3.18431367E+03 -3.17191700E+03 -3.16087700E+03 -3.15043500E+03 -3.13988367E+03 -3.12985733E+03 -3.11608300E+03 -3.10421933E+03 -3.09187367E+03 -3.08259767E+03 -3.07206233E+03 
 -3.06199167E+03 -3.04870400E+03 -3.03593067E+03 -3.02276733E+03 -3.01082733E+03 -2.99939467E+03 -2.98897200E+03 -2.97537367E+03 -2.96395133E+03 -2.95272167E+03 -2.94106467E+03 -2.92993033E+03 -2.91857833E+03 -2.90546533E+03 -2.89221867E+03 -2.88109233E+03 -2.86939500E+03 -2.85682733E+03 -2.84527567E+03 -2.83484867E+03 -2.82148167E+03 -2.81012833E+03 -2.79837633E+03 -2.78696767E+03 -2.77678067E+03 
 -2.76416800E+03 -2.74955600E+03 -2.73923767E+03 -2.72746933E+03 -2.71384167E+03 -2.70092000E+03 -2.68647900E+03 -2.67402833E+03 -2.66213900E+03 -2.64810833E+03 -2.63514700E+03 -2.62225067E+03 -2.61194200E+03 -2.59737933E+03 -2.58591833E+03 -2.57333567E+03 -2.56266433E+03 -2.54913933E+03 -2.53705167E+03 -2.52454833E+03 -2.51540833E+03 -2.50238133E+03 -2.49152800E+03 -2.47927467E+03 -2.46683433E+03 
 -2.45631467E+03 -2.44253633E+03 -2.43090400E+03 -2.41795367E+03 -2.40623933E+03 -2.39384867E+03 -2.38198900E+03 -2.37091967E+03 -2.35951333E+03 -2.34815467E+03 -2.33575700E+03 -2.32485800E+03 -2.31211167E+03 -2.29971167E+03 -2.28777000E+03 -2.27638933E+03 -2.26282000E+03 -2.25162333E+03 -2.23923400E+03 -2.22810667E+03 -2.21596733E+03 -2.20496667E+03 -2.19237300E+03 -2.17844900E+03 -2.16642233E+03 
 -2.15563467E+03 -2.14337167E+03 -2.13112900E+03 -2.11878500E+03 -2.10791233E+03 -2.09416067E+03 -2.08329367E+03 -2.07121433E+03 -2.05865167E+03 -2.04655800E+03 -2.03414233E+03 -2.02345333E+03 -2.01225867E+03 -2.00025333E+03 -1.98975833E+03 -1.97900233E+03 -1.96641300E+03 -1.95528867E+03 -1.94490333E+03 -1.93579767E+03 -1.92410467E+03 -1.91408200E+03 -1.90265267E+03 -1.89122633E+03 -1.88066133E+03 
 -1.86972033E+03 -1.85687067E+03 -1.84500467E+03 -1.83383933E+03 -1.82166833E+03 -1.81054900E+03 -1.79950833E+03 -1.78567033E+03 -1.77549867E+03 -1.76294933E+03 -1.75252567E+03 -1.74065200E+03 -1.72949633E+03 -1.71846267E+03 -1.70826167E+03 -1.69586933E+03 -1.68576833E+03 -1.67241267E+03 -1.66135967E+03 -1.65053300E+03 -1.63886300E+03 -1.62922733E+03 -1.61755567E+03 -1.60518500E+03 -1.59285233E+03 
 -1.58281300E+03 -1.57138400E+03 -1.56013067E+03 -1.54895933E+03 -1.53918867E+03 -1.52821600E+03 -1.51694533E+03 -1.50753200E+03 -1.49590900E+03 -1.48508200E+03 -1.47607433E+03 -1.46336567E+03 -1.45452133E+03 -1.44326433E+03 -1.43340100E+03 -1.42172700E+03 -1.41293133E+03 -1.40386433E+03 -1.39380033E+03 -1.38399700E+03 -1.37438633E+03 -1.36316600E+03 -1.35557633E+03 -1.34478133E+03 -1.33480400E+03 
 -1.32533067E+03 -1.31502000E+03 -1.30331567E+03 -1.29396367E+03 -1.28254900E+03 -1.27450367E+03 -1.26416867E+03 -1.25418633E+03 -1.24449900E+03 -1.23403567E+03 -1.22338600E+03 -1.21606267E+03 -1.20847667E+03 -1.19892233E+03 -1.18901533E+03 -1.18118367E+03 -1.17141033E+03 -1.16180733E+03 -1.15266533E+03 -1.14296200E+03 -1.13475200E+03 -1.12588133E+03 -1.11788600E+03 -1.10893433E+03 -1.10047233E+03 
 -1.09040733E+03 -1.08139233E+03 -1.07369767E+03 -1.06343400E+03 -1.05666400E+03 -1.04708633E+03 -1.03671700E+03 -1.02861067E+03 -1.02075900E+03 -1.01085900E+03 -1.00230367E+03 -9.92877667E+02 -9.83526667E+02 -9.76343667E+02 -9.68094667E+02 -9.59539000E+02 -9.51729333E+02 -9.44913333E+02 -9.38528333E+02 -9.30700000E+02 -9.22731667E+02 -9.14594000E+02 -9.07625333E+02 -8.99963667E+02 -8.93831333E+02 
 -8.85896667E+02 -8.77543667E+02 -8.70623000E+02 -8.59544333E+02 -8.50859333E+02 -8.45356000E+02 -8.34912333E+02 -8.28507333E+02 -8.20594667E+02 -8.13256333E+02 -8.04468333E+02 -7.97936333E+02 -7.90604000E+02 -7.83502000E+02 -7.75728000E+02 -7.69242333E+02 -7.66357333E+02 -7.55839333E+02 -7.51395667E+02 -7.45060667E+02 -7.35303667E+02 -7.30912333E+02 -7.25140333E+02 -7.17340000E+02 -7.12030333E+02 
 -7.07606000E+02 -7.00750000E+02 -6.93864000E+02 -6.87170333E+02 -6.81248000E+02 -6.77044333E+02 -6.70133333E+02 -6.64730333E+02 -6.58404333E+02 -6.53027333E+02 -6.46416667E+02 -6.40307333E+02 -6.36772000E+02 -6.30874000E+02 -6.25851000E+02 -6.19421667E+02 -6.13551000E+02 -6.10440333E+02 -6.04750667E+02 -6.00169667E+02 -5.95090333E+02 -5.88797333E+02 -5.85166333E+02 -5.78691000E+02 -5.72801333E+02 
 -5.68549333E+02 -5.62544667E+02 -5.58222000E+02 -5.53419667E+02 -5.48424667E+02 -5.41881333E+02 -5.36414667E+02 -5.33155667E+02 -5.28121667E+02 -5.22167667E+02 -5.18570000E+02 -5.13423667E+02 -5.08967667E+02 -5.04137667E+02 -5.00426000E+02 -4.94570333E+02 -4.90825667E+02 -4.85325333E+02 -4.82155000E+02 -4.78819000E+02 -4.73115667E+02 -4.69341000E+02 -4.66061000E+02 -4.61241000E+02 -4.58070333E+02 
 -4.53540000E+02 -4.50951667E+02 -4.45054000E+02 -4.41607333E+02 -4.34982333E+02 -4.32246667E+02 -4.30574667E+02 -4.26046667E+02 -4.22546000E+02 -4.18781667E+02 -4.14269333E+02 -4.11609333E+02 -4.06677667E+02 -4.03077667E+02 -4.01175333E+02 -3.97606333E+02 -3.95382000E+02 -3.90397667E+02 -3.90373667E+02 -3.86953000E+02 -3.83930000E+02 -3.80376000E+02 -3.75850333E+02 -3.73203000E+02 -3.71228333E+02 
 -3.68080000E+02 -3.63490333E+02 -3.61457667E+02 -3.58637333E+02 -3.54384000E+02 -3.52189667E+02 -3.47708667E+02 -3.45515333E+02 -3.44719000E+02 -3.41536333E+02 -3.39692000E+02 -3.35424333E+02 -3.32520333E+02 -3.27583333E+02 -3.26148333E+02 -3.24097000E+02 -3.20992667E+02 -3.18731667E+02 -3.16186667E+02 -3.14069000E+02 -3.12914333E+02 -3.11062333E+02 -3.08815333E+02 -3.06900000E+02 -3.04262667E+02 
 -3.03532333E+02 -2.98410000E+02 -2.96771667E+02 -2.94582333E+02 -2.91300333E+02 -2.89353333E+02 -2.87338333E+02 -2.82973333E+02 -2.83095333E+02 -2.81425000E+02 -2.77628667E+02 -2.74739000E+02 -2.74416667E+02 -2.73410000E+02 -2.72009667E+02 -2.69364667E+02 -2.70362000E+02 -2.68516667E+02 -2.64818667E+02 -2.63852000E+02 -2.64224000E+02 -2.62118000E+02 -2.57073000E+02 -2.56457000E+02 -2.56955667E+02 
 -2.53831667E+02 -2.52681333E+02 -2.51780667E+02 -2.48908000E+02 -2.46594000E+02 -2.44520333E+02 -2.42615000E+02 -2.41678000E+02 -2.40118000E+02 -2.39950667E+02 -2.39965667E+02 -2.39177000E+02 -2.36727333E+02 -2.34863667E+02 -2.33544667E+02 -2.32035000E+02 -2.29204667E+02 -2.29678000E+02 -2.28466667E+02 -2.27298000E+02 -2.26567000E+02 -2.25553667E+02 -2.25885667E+02 -2.23361000E+02 -2.22090667E+02 
 -2.21861333E+02 -2.19715000E+02 -2.19190333E+02 -2.17039667E+02 -2.16316667E+02 -2.13727667E+02 -2.13558000E+02 -2.13435667E+02 -2.11981333E+02 -2.11713333E+02 -2.08456333E+02 -2.08422667E+02 -2.08442000E+02 -2.08731667E+02 -2.07368000E+02 -2.05343333E+02 -2.03632667E+02 -2.03107000E+02 -2.03928667E+02 -2.04093000E+02 -2.00874667E+02 -2.00307667E+02 -2.00060333E+02 -1.98748333E+02 -1.98882000E+02 
 -1.97845333E+02 -1.95400000E+02 -1.93189667E+02 -1.92853333E+02 -1.92585667E+02 -1.92153667E+02 -1.92162333E+02 -1.91235000E+02 -1.90391333E+02 -1.89884667E+02 -1.88708667E+02 -1.87436000E+02 -1.85597667E+02 -1.86255667E+02 -1.82907333E+02 -1.84653333E+02 -1.86390667E+02 -1.84768000E+02 -1.84836667E+02 -1.85167000E+02 -1.85842000E+02 -1.83531000E+02 -1.82687000E+02 -1.81735667E+02 -1.82937333E+02 
 -1.83473000E+02 -1.79677000E+02 -1.80060000E+02 -1.80487000E+02 -1.81161333E+02 -1.78199333E+02 -1.78560333E+02 -1.78379667E+02 -1.77993667E+02 -1.77236667E+02 -1.76001667E+02 -1.73938667E+02 -1.72773667E+02 -1.72169000E+02 -1.72817000E+02 -1.71204000E+02 -1.72380667E+02 -1.72786667E+02 -1.72013333E+02 -1.71556000E+02 -1.72235000E+02 -1.70645000E+02 -1.69991667E+02 -1.67976000E+02 -1.68581333E+02 
 -1.68174667E+02 -1.65596333E+02 -1.64778000E+02 -1.65007667E+02 -1.63881333E+02 -1.63813333E+02 -1.63186000E+02 -1.62071333E+02 -1.61685667E+02 -1.59394667E+02 -1.60820667E+02 -1.59909667E+02 -1.59992667E+02 -1.58943000E+02 -1.59970333E+02 -1.61556333E+02 -1.61232000E+02 -1.59476000E+02 -1.60649000E+02 -1.59978667E+02 -1.57971667E+02 -1.58319333E+02 -1.58613333E+02 -1.57578000E+02 -1.60103000E+02 
 -1.58688667E+02 -1.58543333E+02 -1.56391000E+02 -1.56108667E+02 -1.55875667E+02 -1.56331000E+02 -1.55416333E+02 -1.54188000E+02 -1.55014000E+02 -1.54645000E+02 -1.54293667E+02 -1.54355333E+02 -1.53775333E+02 -1.52887667E+02 -1.53574000E+02 -1.52074667E+02 -1.54343667E+02 -1.54717667E+02 -1.53913333E+02 -1.54328667E+02 -1.52074000E+02 -1.52376000E+02 -1.52573333E+02 -1.51793000E+02 -1.51430000E+02 
 -1.51125667E+02 -1.49223000E+02 -1.47841333E+02 -1.46795333E+02 -1.46255333E+02 -1.47628667E+02 -1.45864667E+02 -1.45123333E+02 -1.45158333E+02 -1.44927667E+02 -1.44692667E+02 -1.43947667E+02 -1.43865000E+02 -1.44503667E+02 -1.43465333E+02 -1.43952667E+02 -1.41044000E+02 -1.40092000E+02 -1.42415333E+02 -1.39993333E+02 -1.41049667E+02 -1.40887333E+02 -1.39410000E+02 -1.40770667E+02 -1.41264667E+02 
 -1.40925000E+02 -1.40149667E+02 -1.40108667E+02 -1.38515333E+02 -1.39917000E+02 -1.41029000E+02 -1.38804667E+02 -1.37002000E+02 -1.37960333E+02 -1.37797667E+02 -1.36269333E+02 -1.37807667E+02 -1.37166000E+02 -1.37606667E+02 -1.37909333E+02 -1.36773333E+02 -1.38534667E+02 -1.37702000E+02 -1.38323000E+02 -1.38211667E+02 -1.37620000E+02 -1.36750000E+02 -1.35937000E+02 -1.36271000E+02 -1.34630333E+02 
 -1.34771000E+02 -1.32898000E+02 -1.32751333E+02 -1.31011000E+02 -1.31443667E+02 -1.30959333E+02 -1.29901000E+02 -1.30854000E+02 -1.29798000E+02 -1.30416333E+02 -1.31885667E+02 -1.30876333E+02 -1.30766000E+02 -1.31728333E+02 -1.31192333E+02 -1.31012000E+02 -1.32370000E+02 -1.31290333E+02 -1.31299333E+02 -1.30268333E+02 -1.28863000E+02 -1.28907667E+02 -1.29498667E+02 -1.28103667E+02 -1.27712667E+02 
 -1.29003000E+02 -1.25517667E+02 -1.26477667E+02 -1.26501000E+02 -1.26042667E+02 -1.24773667E+02 -1.25592000E+02 -1.22449333E+02 -1.24242333E+02 -1.22607000E+02 -1.23065333E+02 -1.23424333E+02 -1.21809000E+02 -1.22679000E+02 -1.22796000E+02 -1.23790667E+02 -1.23319333E+02 -1.22768667E+02 -1.23014667E+02 -1.24269333E+02 -1.23875667E+02 -1.23212000E+02 -1.25063333E+02 -1.23674000E+02 -1.24228667E+02 
 -1.22830000E+02 -1.22214333E+02 -1.21048000E+02 -1.20492000E+02 -1.20204667E+02 -1.19479667E+02 -1.18228667E+02 -1.19199000E+02 -1.18331000E+02 -1.19877333E+02 -1.18575667E+02 -1.18157000E+02 -1.17348667E+02 -1.17816333E+02 -1.16620667E+02 -1.16421667E+02 -1.17788333E+02 -1.16151333E+02 -1.14235333E+02 -1.15275667E+02 -1.14368000E+02 -1.14416000E+02 -1.15332333E+02 -1.16306333E+02 -1.15395000E+02 
 -1.13701333E+02 -1.13660000E+02 -1.13386000E+02 -1.13118667E+02 -1.13602000E+02 -1.13680667E+02 -1.12386333E+02 -1.11644667E+02 -1.13009000E+02 -1.11441000E+02 -1.12800667E+02 -1.10905000E+02 -1.09744000E+02 -1.10051667E+02 -1.10384000E+02 -1.11041000E+02 -1.11592000E+02 -1.11090667E+02 -1.11684333E+02 -1.10951667E+02 -1.10959333E+02 -1.09992333E+02 -1.09883667E+02 -1.07861000E+02 -1.08502000E+02 
 -1.09161000E+02 -1.08683000E+02 -1.06506333E+02 -1.06407667E+02 -1.08063000E+02 -1.07429333E+02 -1.07119333E+02 -1.08789333E+02 -1.08103000E+02 -1.07690000E+02 -1.08986667E+02 -1.06869000E+02 -1.08167333E+02 -1.09131000E+02 -1.08691333E+02 -1.08680000E+02 -1.07410000E+02 -1.09165333E+02 -1.08480667E+02 -1.08493333E+02 -1.08073667E+02 -1.08593333E+02 -1.08620667E+02 -1.07741333E+02 -1.09756000E+02 
