      0.00000000      0.07500000      0.30833333      0.62500000      1.00833333      1.25000000      1.65000000      2.05833333      2.64166667      3.21666667      3.40833333      3.79166667      4.40833333      4.54166667      4.53333333      4.86666667      5.00000000      5.32500000      5.45833333      5.87500000      6.30000000      6.48333333      6.35000000      6.53333333      6.47500000 
      6.80000000      7.15000000      7.05833333      7.07500000      7.24166667      7.48333333      7.45833333      7.35833333      7.48333333      7.65000000      7.86666667      7.79166667      7.99166667      8.23333333      8.10833333      8.23333333      8.25833333      8.35833333      8.59166667      8.82500000      9.04166667      9.11666667      9.20000000      8.75000000      8.65833333 
      8.63333333      8.84166667      8.87500000      8.85000000      9.03333333      9.16666667      9.33333333      9.68333333      9.77500000     10.20000000     10.35833333     10.25000000     10.40000000     10.53333333     10.40833333     10.60833333     10.75000000     10.84166667     11.27500000     11.09166667     11.37500000     10.99166667     10.95833333     11.06666667     10.94166667 
     11.30833333     11.31666667     11.10833333     10.81666667     10.86666667     11.00833333     11.05000000     11.25833333     11.09166667     10.95833333     10.97500000     11.24166667     11.15833333     11.13333333     11.11666667     11.20000000     11.60000000     11.65000000     11.43333333     11.30833333     11.55000000     11.43333333     11.57500000     11.59166667     11.58333333 
     11.57500000     11.39166667     11.58333333     11.63333333     11.81666667     11.75833333     11.85833333     11.75000000     11.75000000     11.84166667     11.75833333     12.10833333     12.31666667     12.33333333     12.48333333     12.35000000     12.43333333     12.25833333     12.55833333     12.90000000     12.82500000     12.93333333     12.92500000     12.95833333     13.14166667 
     13.26666667     13.59166667     13.45000000     13.50000000     13.80833333     14.03333333     14.02500000     13.90000000     13.96666667     14.00000000     13.95000000     14.02500000     14.09166667     14.44166667     14.41666667     14.19166667     14.09166667     14.60833333     14.68333333     14.80000000     14.90833333     15.00833333     14.80833333     14.80833333     14.53333333 
     14.42500000     14.36666667     14.08333333     14.19166667     14.30000000     14.37500000     14.50000000     14.78333333     14.66666667     14.90833333     14.75833333     15.06666667     14.91666667     15.24166667     15.46666667     15.41666667     15.87500000     15.70000000     15.85000000     16.05833333     16.02500000     15.89166667     15.74166667     16.25000000     16.11666667 
     16.07500000     15.84166667     16.01666667     16.14166667     16.41666667     16.30000000     16.22500000     16.16666667     15.96666667     15.95000000     16.07500000     16.05000000     16.13333333     16.15000000     15.96666667     16.34166667     16.07500000     16.00000000     15.95833333     15.70833333     15.78333333     15.88333333     15.91666667     16.16666667     15.85000000 
     15.76666667     16.29166667     16.55000000     16.34166667     16.47500000     16.53333333     17.22500000     17.65000000     17.64166667     17.90000000     18.12500000     18.13333333     17.99166667     17.80000000     17.85833333     17.80833333     17.83333333     18.05833333     17.99166667     18.10833333     18.11666667     18.03333333     18.13333333     18.31666667     18.39166667 
     18.25833333     18.15000000     18.39166667     18.76666667     18.97500000     18.55833333     18.30833333     18.20833333     18.05833333     18.15833333     18.55000000     18.65000000     18.32500000     18.64166667     18.42500000     18.37500000     18.45000000     18.58333333     18.68333333     18.67500000     18.50000000     18.76666667     18.95833333     19.23333333     19.32500000 
     20.00833333     19.90833333     20.50833333     20.62500000     20.43333333     20.42500000     20.45000000     20.35833333     20.26666667     20.40833333     20.71666667     20.56666667     20.73333333     21.00000000     21.03333333     21.36666667     21.50000000     21.48333333     21.49166667     21.42500000     21.81666667     21.87500000     21.75000000     21.82500000     22.26666667 
     22.31666667     22.43333333     22.75833333     23.40000000     23.48333333     23.49166667     23.25833333     23.43333333     23.28333333     23.67500000     23.70000000     24.06666667     24.36666667     24.38333333     24.17500000     24.39166667     24.51666667     24.75833333     24.95000000     24.99166667     24.58333333     24.39166667     24.68333333     24.68333333     24.73333333 
     24.99166667     25.06666667     25.13333333     25.65833333     25.61666667     25.25833333     25.07500000     25.22500000     25.03333333     24.60833333     24.99166667     25.02500000     24.97500000     24.71666667     24.72500000     25.15833333     25.10000000     25.60000000     25.54166667     25.69166667     25.97500000     25.49166667     25.75833333     25.68333333     25.90000000 
     26.35833333     26.27500000     26.16666667     26.49166667     26.63333333     27.00833333     27.15000000     27.30000000     27.20833333     27.31666667     27.71666667     27.92500000     28.15000000     28.03333333     28.30000000     28.45000000     28.51666667     28.61666667     28.98333333     29.23333333     29.06666667     28.90000000     29.15833333     29.09166667     29.57500000 
     29.72500000     30.06666667     29.58333333     30.16666667     30.00000000     30.12500000     30.43333333     30.42500000     30.30833333     30.55000000     30.49166667     30.30000000     30.57500000     30.82500000     31.12500000     31.48333333     31.62500000     31.74166667     31.60833333     31.28333333     31.12500000     31.32500000     31.91666667     31.67500000     32.07500000 
     32.06666667     32.35000000     32.64166667     32.93333333     33.00833333     33.34166667     33.82500000     33.51666667     33.95833333     34.35000000     34.79166667     34.97500000     34.45000000     34.61666667     34.58333333     34.18333333     34.38333333     35.20000000     35.01666667     35.62500000     36.00833333     35.75000000     36.10000000     36.55000000     36.86666667 
     37.19166667     37.71666667     37.70000000     37.85000000     37.30833333     37.57500000     38.40833333     38.26666667     38.37500000     38.17500000     38.25833333     38.79166667     38.80000000     38.61666667     38.73333333     39.39166667     39.58333333     39.65833333     39.81666667     39.71666667     39.80000000     39.54166667     39.74166667     40.26666667     40.09166667 
     39.65833333     40.16666667     40.15833333     40.15000000     40.35833333     40.27500000     40.95000000     41.20833333     40.95000000     41.34166667     41.37500000     41.61666667     42.06666667     41.85000000     42.59166667     42.37500000     42.51666667     42.33333333     41.87500000     42.23333333     42.59166667     42.63333333     42.54166667     42.98333333     43.05833333 
     42.97500000     42.45000000     42.63333333     42.74166667     42.70000000     42.76666667     42.86666667     43.35833333     43.25833333     43.18333333     43.58333333     43.65000000     44.05000000     44.35000000     44.50000000     45.03333333     44.91666667     45.42500000     45.25833333     45.55833333     45.85833333     46.20000000     46.05000000     46.36666667     46.45833333 
     47.35833333     47.48333333     47.94166667     48.06666667     48.63333333     48.60000000     48.74166667     48.55833333     48.45000000     49.10000000     49.15833333     50.06666667     50.08333333     50.12500000     50.48333333     50.65000000     51.10000000     51.30000000     51.56666667     51.56666667     52.15833333     52.70000000     52.59166667     53.09166667     53.20833333 
     53.68333333     54.40833333     54.91666667     55.55000000     55.60000000     55.99166667     56.01666667     55.79166667     56.46666667     56.34166667     56.71666667     56.84166667     57.12500000     57.49166667     57.96666667     59.20833333     59.12500000     59.60833333     59.42500000     59.80000000     60.08333333     60.50000000     60.61666667     60.97500000     61.24166667 
     61.58333333     61.35000000     61.64166667     61.75000000     62.03333333     62.40833333     62.45833333     62.95000000     62.93333333     63.70000000     64.02500000     64.31666667     64.48333333     65.17500000     65.49166667     65.87500000     65.84166667     66.47500000     66.37500000     66.80833333     66.83333333     67.21666667     67.55000000     67.52500000     67.78333333 
     68.38333333     68.65000000     69.31666667     69.45833333     69.80833333     69.89166667     70.22500000     70.66666667     70.67500000     71.37500000     71.84166667     72.69166667     72.86666667     72.93333333     73.26666667     73.50833333     73.88333333     73.70000000     74.41666667     75.10000000     75.50833333     74.96666667     75.13333333     75.70833333     75.92500000 
     76.08333333     76.76666667     77.30833333     77.44166667     77.98333333     77.87500000     77.71666667     78.01666667     78.64166667     78.95833333     79.31666667     79.94166667     80.34166667     80.94166667     81.34166667     82.40000000     82.32500000     82.35833333     82.79166667     82.71666667     83.21666667     83.66666667     84.05833333     84.58333333     85.25000000 
     85.73333333     86.20000000     86.89166667     87.13333333     88.16666667     88.65833333     88.83333333     89.58333333     89.97500000     90.30000000     90.29166667     90.86666667     91.03333333     91.42500000     91.58333333     92.12500000     92.12500000     91.87500000     92.21666667     92.76666667     93.72500000     94.23333333     94.79166667     95.31666667     95.25000000 
     96.40000000     96.87500000     97.01666667     97.27500000     98.22500000     98.54166667     98.51666667     98.32500000     98.83333333     99.66666667    100.02500000     99.76666667    100.45000000    100.80833333    101.84166667    101.50000000    101.98333333    103.01666667    103.98333333    104.30000000    104.86666667    105.22500000    105.60833333    105.70000000    105.97500000 
    106.32500000    107.03333333    107.31666667    106.96666667    107.53333333    108.71666667    108.44166667    109.55833333    109.71666667    110.22500000    110.28333333    110.76666667    111.59166667    112.05000000    112.58333333    113.18333333    113.92500000    114.01666667    114.47500000    114.89166667    115.32500000    116.32500000    116.83333333    116.80000000    117.21666667 
    117.12500000    118.04166667    118.10833333    119.39166667    119.62500000    120.61666667    120.13333333    120.63333333    121.90000000    122.70000000    122.83333333    123.85000000    125.43333333    125.30000000    125.51666667    126.11666667    126.75833333    126.99166667    128.10833333    127.64166667    127.99166667    128.63333333    129.27500000    129.95833333    131.13333333 
    131.18333333    131.22500000    132.18333333    133.43333333    133.89166667    134.78333333    135.09166667    135.73333333    136.38333333    136.81666667    137.46666667    137.81666667    138.02500000    138.82500000    140.15000000    140.39166667    140.77500000    141.08333333    141.30000000    141.95833333    142.88333333    143.23333333    143.56666667    144.57500000    144.55000000 
    145.75833333    146.49166667    147.38333333    147.45000000    148.60000000    148.48333333    148.88333333    149.96666667    150.05000000    150.83333333    151.97500000    153.28333333    153.81666667    153.35833333    154.58333333    155.05000000    155.74166667    156.32500000    156.74166667    157.70000000    157.90833333    158.75000000    158.95000000    159.60000000    159.90833333 
    160.81666667    161.61666667    162.06666667    163.15000000    163.94166667    164.55833333    165.59166667    166.64166667    167.49166667    167.72500000    167.67500000    168.13333333    168.70833333    169.61666667    170.62500000    171.84166667    172.87500000    173.25000000    174.28333333    174.75833333    175.13333333    175.95833333    177.16666667    177.73333333    179.03333333 
    180.12500000    181.09166667    182.10833333    182.28333333    182.70000000    183.70000000    184.50833333    184.75833333    185.59166667    186.99166667    187.89166667    188.43333333    188.79166667    189.85000000    190.57500000    191.50000000    191.60833333    192.92500000    193.76666667    194.63333333    196.35000000    196.83333333    198.21666667    198.45000000    199.50833333 
    200.75000000    201.16666667    202.63333333    202.62500000    204.00833333    205.20833333    205.75833333    206.89166667    207.76666667    209.23333333    210.15000000    210.55000000    212.08333333    211.77500000    211.70000000    212.36666667    214.59166667    214.67500000    214.24166667    215.05000000    216.36666667    217.66666667    217.12500000    218.04166667    219.40000000 
    219.72500000    221.35000000    222.01666667    222.70000000    223.29166667    225.89166667    227.47500000    227.79166667    229.20000000    230.56666667    231.75000000    233.11666667    233.88333333    234.27500000    235.45000000    236.39166667    238.02500000    237.89166667    238.98333333    239.38333333    239.85000000    241.32500000    242.45000000    242.62500000    244.22500000 
    244.00000000    246.00833333    247.20000000    248.18333333    249.22500000    250.46666667    251.91666667    252.40000000    253.32500000    253.89166667    255.80833333    256.60833333    258.00833333    258.91666667    260.94166667    261.25000000    263.13333333    263.68333333    264.60000000    266.29166667    267.14166667    267.95833333    268.81666667    269.81666667    270.85000000 
    271.39166667    272.13333333    273.25833333    274.61666667    275.69166667    277.64166667    278.20000000    279.55000000    280.90833333    282.57500000    283.53333333    284.30833333    284.65833333    286.25833333    287.70000000    288.52500000    289.44166667    289.95833333    292.09166667    292.35833333    293.56666667    294.26666667    295.21666667    297.80000000    298.23333333 
    299.37500000    301.05833333    302.92500000    303.15833333    304.85833333    306.10833333    307.38333333    308.84166667    309.79166667    312.10833333    312.97500000    314.08333333    314.29166667    316.23333333    317.06666667    319.47500000    321.06666667    321.75000000    322.33333333    323.89166667    325.23333333    326.40833333    326.93333333    328.60000000    329.25000000 
    330.90833333    332.50000000    334.00833333    334.70833333    336.60833333    338.64166667    340.02500000    341.09166667    342.45833333    343.76666667    345.57500000    347.26666667    348.56666667    350.11666667    350.84166667    352.63333333    353.11666667    355.33333333    356.95000000    358.55833333    358.47500000    360.31666667    361.64166667    363.60000000    363.80833333 
    365.96666667    367.57500000    369.40000000    371.06666667    372.85833333    374.15000000    376.50000000    377.97500000    379.67500000    380.21666667    381.78333333    384.41666667    384.80000000    387.32500000    387.99166667    391.30000000    392.54166667    392.67500000    395.26666667    396.13333333    398.18333333    398.42500000    399.84166667    402.05833333    403.91666667 
    404.30833333    406.94166667    408.21666667    410.10000000    411.58333333    414.15000000    414.88333333    416.41666667    417.43333333    419.40000000    420.67500000    422.03333333    424.22500000    426.65000000    428.91666667    430.59166667    432.05000000    432.65000000    434.95000000    436.45833333    437.69166667    439.39166667    441.47500000    443.72500000    444.90833333 
    447.24166667    449.50833333    451.40833333    452.11666667    453.83333333    455.90833333    456.77500000    459.26666667    461.63333333    462.45833333    465.35000000    467.50000000    468.91666667    469.75833333    472.50000000    474.59166667    476.26666667    478.66666667    479.43333333    481.00000000    483.56666667    484.55000000    486.98333333    488.71666667    490.92500000 
    492.26666667    492.91666667    495.34166667    497.65000000    500.44166667    502.75833333    504.15000000    507.10000000    508.71666667    509.52500000    512.05000000    514.55833333    516.99166667    520.07500000    520.24166667    522.95000000    526.35000000    528.31666667    530.56666667    532.75833333    535.20833333    535.90000000    539.10833333    540.28333333    543.17500000 
    545.80000000    547.97500000    549.85833333    551.66666667    554.15000000    555.96666667    557.49166667    560.50000000    562.53333333    564.60833333    567.37500000    569.91666667    572.19166667    574.51666667    575.64166667    578.25833333    579.34166667    582.71666667    584.41666667    587.30000000    588.99166667    590.87500000    593.37500000    595.04166667    596.64166667 
    599.54166667    602.25000000    604.14166667    607.19166667    609.96666667    611.50000000    613.89166667    616.27500000    617.88333333    620.80833333    622.80833333    625.58333333    628.16666667    630.67500000    632.70000000    634.12500000    636.75000000    637.89166667    640.48333333    642.79166667    643.93333333    646.35000000    649.86666667    651.65833333    653.29166667 
    656.19166667    658.51666667    661.08333333    663.76666667    666.20833333    669.34166667    671.58333333    672.42500000    673.95833333    677.71666667    680.04166667    682.90833333    685.46666667    688.29166667    690.08333333    691.99166667    693.71666667    696.71666667    699.00833333    700.76666667    702.27500000    704.76666667    706.74166667    710.31666667    712.54166667 
    715.19166667    717.64166667    720.32500000    722.66666667    725.33333333    727.31666667    729.26666667    733.13333333    734.01666667    736.23333333    738.19166667    742.65000000    746.30833333    747.51666667    750.77500000    754.40000000    757.00000000    759.84166667    762.85833333    765.11666667    767.17500000    769.97500000    771.95833333    773.79166667    777.20000000 
    779.51666667    781.59166667    785.62500000    787.22500000    790.90000000    792.65000000    796.01666667    798.15833333    801.70000000    804.32500000    807.30000000    809.31666667    813.77500000    816.54166667    820.56666667    822.86666667    825.90833333    828.15000000    829.97500000    833.53333333    836.85833333    840.08333333    842.33333333    845.87500000    848.13333333 
    850.02500000    854.54166667    855.97500000    859.69166667    863.25833333    865.34166667    868.75000000    872.57500000    874.83333333    877.65000000    879.82500000    881.37500000    885.82500000    889.14166667    892.03333333    894.94166667    897.39166667    900.07500000    904.40000000    907.60833333    909.44166667    914.17500000    915.92500000    919.78333333    922.80833333 
    923.12500000    928.05000000    929.92500000    933.21666667    936.09166667    939.76666667    943.84166667    946.37500000    949.31666667    951.31666667    954.92500000    958.51666667    962.42500000    963.88333333    966.35833333    970.43333333    974.19166667    976.09166667    979.53333333    983.69166667    987.46666667    989.07500000    992.32500000    997.11666667   1000.22500000 
   1002.07500000   1005.62500000   1008.80000000   1012.39166667   1014.27500000   1018.38333333   1021.13333333   1023.31666667   1027.71666667   1031.10833333   1035.49166667   1037.78333333   1040.48333333   1042.42500000   1045.75000000   1049.78333333   1050.65833333   1055.84166667   1057.85000000   1062.06666667   1065.22500000   1069.26666667   1072.44166667   1074.99166667   1079.35000000 
   1081.63333333   1084.75833333   1088.80000000   1091.95833333   1095.71666667   1099.08333333   1102.10000000   1105.99166667   1109.34166667   1113.96666667   1116.08333333   1121.98333333   1124.66666667   1127.01666667   1130.15833333   1134.96666667   1137.30000000   1139.80000000   1144.61666667   1146.80833333   1149.50833333   1154.63333333   1157.46666667   1159.71666667   1161.45000000 
   1166.59166667   1170.95000000   1173.20833333   1176.84166667   1179.72500000   1183.70000000   1187.62500000   1191.42500000   1194.04166667   1197.90833333   1203.02500000   1208.35000000   1211.50833333   1214.20000000   1218.99166667   1220.96666667   1223.84166667   1227.07500000   1231.23333333   1234.44166667   1237.00833333   1240.45000000   1244.08333333   1247.51666667   1251.90833333 
   1256.75000000   1259.56666667   1262.58333333   1266.18333333   1269.86666667   1273.54166667   1277.93333333   1280.45833333   1285.87500000   1287.39166667   1292.50833333   1295.40833333   1298.92500000   1302.83333333   1304.91666667   1309.30833333   1313.18333333   1315.80833333   1318.81666667   1322.50833333   1328.78333333   1328.94166667   1333.09166667   1337.31666667   1340.08333333 
   1343.70000000   1348.17500000   1353.52500000   1356.10833333   1359.03333333   1362.13333333   1366.63333333   1371.28333333   1374.19166667   1378.75833333   1382.38333333   1385.98333333   1390.95000000   1394.76666667   1397.89166667   1400.84166667   1404.63333333   1409.37500000   1411.92500000   1414.69166667   1418.09166667   1421.45000000   1425.95000000   1429.48333333   1432.47500000 
   1437.40833333   1441.55833333   1444.32500000   1448.53333333   1450.25833333   1453.98333333   1456.83333333   1461.02500000   1465.36666667   1468.99166667   1474.14166667   1477.95000000   1481.16666667   1485.30000000   1489.34166667   1493.91666667   1496.96666667   1498.97500000   1502.56666667   1506.07500000   1511.17500000   1514.90833333   1518.73333333   1521.85000000   1526.15833333 
   1529.14166667   1534.66666667   1538.09166667   1540.95833333   1544.98333333   1548.55000000   1554.53333333   1556.55000000   1561.73333333   1564.98333333   1569.59166667   1572.73333333   1577.18333333   1580.80833333   1584.10833333   1588.01666667   1590.70000000   1595.04166667   1597.65833333   1601.26666667   1604.62500000   1609.79166667   1611.48333333   1615.78333333   1620.02500000 
   1624.72500000   1628.44166667   1632.09166667   1636.13333333   1639.50000000   1643.19166667   1646.27500000   1650.73333333   1654.81666667   1659.74166667   1662.88333333   1666.22500000   1669.17500000   1672.20833333   1674.44166667   1678.73333333   1684.25833333   1686.35833333   1690.50000000   1694.15833333   1697.43333333   1701.64166667   1706.52500000   1708.90833333   1713.64166667 
   1717.10000000   1720.37500000   1723.03333333   1727.36666667   1731.65000000   1734.64166667   1738.45000000   1743.58333333   1747.54166667   1751.51666667   1755.09166667   1759.20000000   1762.52500000   1768.94166667   1773.45000000   1775.44166667   1778.07500000   1783.00833333   1786.95000000   1790.55000000   1794.69166667   1797.70833333   1802.35833333   1806.54166667   1809.43333333 
   1814.12500000   1819.01666667   1822.70000000   1827.17500000   1830.72500000   1835.07500000   1836.87500000   1842.27500000   1846.10000000   1850.00833333   1854.40000000   1859.36666667   1863.82500000   1866.04166667   1869.82500000   1873.21666667   1879.27500000   1882.30833333   1887.00833333   1891.16666667   1895.55000000   1898.45000000   1903.35833333   1908.50833333   1912.65000000 
   1917.55833333   1921.55833333   1925.45000000   1928.49166667   1932.19166667   1937.53333333   1943.77500000   1947.26666667   1951.45000000   1953.87500000   1957.65000000   1961.95000000   1963.98333333   1966.65000000   1970.78333333   1974.15000000   1978.80833333   1982.75833333   1986.85000000   1990.48333333   1994.81666667   1999.79166667   2003.47500000   2006.17500000   2009.09166667 
   2012.53333333   2018.20000000   2022.39166667   2026.15000000   2029.75833333   2033.50000000   2036.04166667   2040.11666667   2044.86666667   2048.80833333   2052.85000000   2057.29166667   2060.91666667   2065.17500000   2067.95000000   2072.08333333   2074.98333333   2079.37500000   2083.73333333   2088.65000000   2090.68333333   2095.51666667   2099.10833333   2102.62500000   2107.61666667 
   2111.11666667   2115.60833333   2120.30000000   2121.83333333   2125.44166667   2130.01666667   2134.29166667   2137.00833333   2140.55833333   2146.20000000   2149.85833333   2153.95000000   2157.10833333   2160.76666667   2163.73333333   2168.11666667   2171.21666667   2175.46666667   2179.12500000   2181.55000000   2185.50833333   2190.05000000   2194.31666667   2199.03333333   2204.38333333 
   2208.32500000   2211.84166667   2216.29166667   2219.37500000   2223.53333333   2228.88333333   2230.95000000   2234.95000000   2239.54166667   2244.80833333   2246.78333333   2251.28333333   2254.71666667   2256.70000000   2260.28333333   2264.47500000   2268.13333333   2270.58333333   2275.68333333   2279.35833333   2282.88333333   2286.95833333   2290.57500000   2293.80000000   2299.51666667 
   2303.77500000   2307.84166667   2310.75833333   2312.94166667   2317.15000000   2319.95000000   2323.76666667   2328.39166667   2331.88333333   2337.30000000   2341.33333333   2343.91666667   2347.25000000   2351.95833333   2354.31666667   2357.68333333   2362.47500000   2367.31666667   2371.02500000   2374.12500000   2377.85000000   2382.17500000   2386.46666667   2391.15000000   2394.93333333 
   2397.62500000   2402.15833333   2406.73333333   2408.47500000   2413.39166667   2418.28333333   2421.40833333   2425.70833333   2428.33333333   2431.59166667   2435.20000000   2437.72500000   2442.11666667   2445.01666667   2449.33333333   2452.49166667   2455.60000000   2459.03333333   2461.97500000   2465.53333333   2469.53333333   2471.89166667   2475.92500000   2481.75000000   2484.04166667 
   2487.01666667   2492.60000000   2496.53333333   2502.06666667   2506.07500000   2508.23333333   2510.22500000   2514.07500000   2517.05000000   2521.80833333   2525.94166667   2529.42500000   2534.10000000   2538.45000000   2542.04166667   2547.39166667   2549.49166667   2553.29166667   2556.99166667   2559.58333333   2563.76666667   2568.61666667   2570.08333333   2573.01666667   2577.32500000 
   2581.30833333   2586.09166667   2588.76666667   2591.60000000   2594.76666667   2597.49166667   2602.47500000   2603.96666667   2607.60833333   2612.03333333   2615.84166667   2619.34166667   2622.45833333   2624.54166667   2628.02500000   2630.87500000   2634.15833333   2638.89166667   2643.30000000   2646.45833333   2650.60000000   2652.53333333   2654.80000000   2658.95833333   2662.91666667 
   2666.50000000   2669.93333333   2673.65000000   2677.23333333   2679.72500000   2682.17500000   2686.45833333   2690.17500000   2694.69166667   2696.61666667   2700.22500000   2702.98333333   2706.43333333   2711.15833333   2712.78333333   2718.27500000   2720.28333333   2724.34166667   2726.37500000   2728.50000000   2732.28333333   2736.75833333   2739.30833333   2743.09166667   2745.48333333 
   2749.31666667   2753.23333333   2757.84166667   2760.92500000   2762.48333333   2766.73333333   2770.87500000   2774.03333333   2776.40000000   2780.20000000   2783.37500000   2787.76666667   2790.37500000   2793.68333333   2797.18333333   2799.91666667   2803.69166667   2807.03333333   2810.75000000   2813.69166667   2814.54166667   2817.88333333   2820.23333333   2823.50833333   2827.62500000 
   2830.30833333   2833.18333333   2836.33333333   2841.30000000   2843.18333333   2847.04166667   2849.45000000   2853.67500000   2857.55833333   2860.02500000   2864.19166667   2866.41666667   2869.15833333   2872.09166667   2873.70000000   2876.80833333   2880.75833333   2883.18333333   2886.77500000   2891.50833333   2894.11666667   2895.88333333   2898.00833333   2900.32500000   2903.95000000 
   2908.03333333   2910.45833333   2914.50833333   2918.30833333   2920.59166667   2923.68333333   2927.65833333   2931.19166667   2933.03333333   2936.98333333   2937.43333333   2939.55833333   2943.43333333   2946.47500000   2950.44166667   2953.40833333   2957.07500000   2959.99166667   2963.45000000   2966.76666667   2968.28333333   2971.58333333   2974.47500000   2977.64166667   2979.09166667 
   2981.43333333   2985.10833333   2988.03333333   2993.55833333   2996.11666667   2998.79166667   3001.69166667   3004.67500000   3007.90000000   3010.90833333   3014.93333333   3016.95000000   3019.85833333   3023.51666667   3024.10833333   3028.29166667   3031.30000000   3034.96666667   3037.26666667   3040.35000000   3045.05000000   3047.12500000   3050.86666667   3052.87500000   3056.44166667 
   3057.41666667   3060.59166667   3063.33333333   3065.33333333   3068.21666667   3070.61666667   3073.95833333   3075.83333333   3077.79166667   3082.98333333   3085.63333333   3087.85833333   3090.12500000   3093.43333333   3094.70833333   3096.52500000   3098.85833333   3102.20000000   3106.22500000   3109.63333333   3112.08333333   3115.05000000   3117.11666667   3118.32500000   3122.43333333 
   3126.33333333   3129.97500000   3131.35000000   3135.01666667   3137.02500000   3140.52500000   3144.37500000   3145.41666667   3147.39166667   3150.22500000   3153.89166667   3157.40833333   3160.06666667   3162.66666667   3167.10833333   3167.54166667   3170.07500000   3171.72500000   3175.56666667   3177.50000000   3181.05000000   3183.20000000   3185.45833333   3187.33333333   3190.67500000 
   3192.08333333   3195.67500000   3197.39166667   3198.27500000   3201.25833333   3205.01666667   3206.48333333   3208.67500000   3212.45833333   3214.62500000   3217.81666667   3218.17500000   3221.16666667   3224.64166667   3225.19166667   3227.35000000   3230.08333333   3232.56666667   3236.00833333   3238.09166667   3239.62500000   3242.55833333   3244.83333333   3247.62500000   3248.70833333 
   3251.97500000   3253.55000000   3255.56666667   3257.45000000   3260.55000000   3262.21666667   3264.65833333   3266.81666667   3268.87500000   3270.92500000   3272.65000000   3275.87500000   3277.99166667   3280.51666667   3281.49166667   3283.89166667   3286.41666667   3288.40833333   3291.90000000   3295.59166667   3297.85833333   3299.91666667   3302.15833333   3304.05000000   3307.19166667 
   3308.82500000   3311.31666667   3314.00000000   3316.60000000   3318.38333333   3319.75833333   3322.95000000   3324.57500000   3328.31666667   3329.09166667   3329.51666667   3331.64166667   3333.42500000   3335.90833333   3337.91666667   3339.91666667   3342.65000000   3346.16666667   3349.09166667   3350.77500000   3351.58333333   3353.95833333   3356.03333333   3357.85000000   3360.07500000 
   3361.50833333   3362.74166667   3365.22500000   3366.55833333   3367.52500000   3370.23333333   3371.82500000   3372.91666667   3375.96666667   3379.02500000   3382.75833333   3384.40000000   3384.17500000   3386.20000000   3389.12500000   3391.17500000   3394.01666667   3396.28333333   3398.02500000   3399.65000000   3402.06666667   3404.07500000   3406.49166667   3407.65833333   3409.90000000 
   3411.67500000   3413.63333333   3416.40833333   3418.38333333   3420.88333333   3424.04166667   3425.88333333   3427.78333333   3429.87500000   3433.00833333   3433.76666667   3435.15000000   3437.13333333   3440.29166667   3441.92500000   3443.74166667   3444.65833333   3445.78333333   3447.13333333   3450.02500000   3450.88333333   3452.04166667   3454.42500000   3456.71666667   3457.58333333 
   3459.93333333   3460.83333333   3463.07500000   3465.35000000   3466.77500000   3467.48333333   3468.65833333   3469.89166667   3471.55000000   3475.15000000   3477.60000000   3478.75833333   3480.63333333   3482.25833333   3485.34166667   3487.04166667   3488.87500000   3489.62500000   3491.48333333   3491.55000000   3492.85000000   3494.55000000   3495.63333333   3498.58333333   3499.74166667 
   3502.56666667   3503.85000000   3505.32500000   3508.08333333   3508.17500000   3510.28333333   3511.40000000   3512.93333333   3515.17500000   3516.37500000   3519.04166667   3519.68333333   3521.12500000   3524.08333333   3525.41666667   3526.20833333   3527.14166667   3527.52500000   3530.12500000   3532.31666667   3533.91666667   3535.50833333   3536.07500000   3537.28333333   3539.91666667 
   3540.06666667   3540.89166667   3541.32500000   3542.58333333   3545.02500000   3546.59166667   3546.57500000   3548.25833333   3549.67500000   3552.50833333   3555.10833333   3555.76666667   3557.66666667   3558.76666667   3560.53333333   3562.49166667   3563.90833333   3565.60833333   3566.81666667   3568.35833333   3569.50000000   3571.50833333   3573.72500000   3575.80000000   3576.40000000 
   3580.34166667   3579.12500000   3582.50000000   3583.26666667   3584.13333333   3582.35000000   3585.26666667   3585.46666667   3587.72500000   3589.86666667   3590.75833333   3591.03333333   3591.62500000   3594.08333333   3596.29166667   3599.55833333   3601.66666667   3603.95000000   3604.62500000   3605.59166667   3605.38333333   3608.60000000   3610.10000000   3611.50000000   3612.83333333 
   3614.28333333   3613.97500000   3615.59166667   3615.96666667   3616.46666667   3617.76666667   3620.55000000   3622.26666667   3623.36666667   3624.51666667   3624.88333333   3624.80833333   3625.32500000   3626.23333333   3626.13333333   3629.05000000   3630.18333333   3633.85833333   3634.63333333   3635.93333333   3636.81666667   3637.02500000   3637.44166667   3638.35833333   3641.14166667 
   3641.50000000   3642.30833333   3643.96666667   3644.94166667   3645.90833333   3647.15000000   3649.55833333   3650.55833333   3652.11666667   3654.08333333   3655.02500000   3655.07500000   3655.90833333   3656.13333333   3659.26666667   3659.67500000   3660.08333333   3662.21666667   3662.52500000   3664.89166667   3666.90833333   3668.92500000   3668.87500000   3669.25000000   3669.71666667 
   3671.09166667   3673.91666667   3673.85000000   3674.17500000   3677.28333333   3677.22500000   3678.39166667   3679.20000000   3679.64166667   3679.40833333   3682.65833333   3683.81666667   3684.63333333   3684.62500000   3686.74166667   3689.35000000   3687.85833333   3688.92500000   3690.57500000   3691.88333333   3692.70833333   3694.03333333   3694.80833333   3696.35833333   3697.23333333 
   3698.13333333   3700.05000000   3701.13333333   3701.75000000   3701.55833333   3703.52500000   3703.00000000   3703.16666667   3703.73333333   3706.20833333   3707.20000000   3709.05000000   3710.10000000   3711.55000000   3712.07500000   3713.12500000   3712.58333333   3713.60833333   3714.36666667   3715.19166667   3716.40833333   3716.50833333   3718.60833333   3718.95833333   3719.15000000 
   3720.74166667   3720.35833333   3719.94166667   3721.45000000   3721.62500000   3722.01666667   3723.84166667   3724.52500000   3726.63333333   3727.11666667   3726.60000000   3727.45000000   3728.65000000   3729.38333333   3729.56666667   3730.41666667   3731.30833333   3731.50000000   3731.93333333   3730.65000000   3732.34166667   3733.50833333   3734.90833333   3737.41666667   3738.11666667 
   3739.05833333   3738.65833333   3739.56666667   3739.28333333   3737.95833333   3738.52500000   3738.05833333   3740.55833333   3741.24166667   3740.92500000   3739.38333333   3741.17500000   3741.45833333   3742.75000000   3746.02500000   3746.89166667   3749.82500000   3750.71666667   3752.40000000   3751.39166667   3750.54166667   3752.19166667   3752.77500000   3753.90833333   3754.60000000 
   3754.42500000   3755.45000000   3755.70833333   3755.30833333   3757.39166667   3757.94166667   3755.91666667   3758.57500000   3759.15833333   3759.94166667   3760.65000000   3760.90000000   3761.69166667   3760.90833333   3761.18333333   3762.68333333   3765.07500000   3764.41666667   3765.33333333   3764.58333333   3765.01666667   3765.77500000   3766.09166667   3767.95000000   3769.60000000 
   3768.58333333   3768.65833333   3769.44166667   3771.20000000   3771.48333333   3772.14166667   3774.00833333   3772.70833333   3771.45833333   3773.03333333   3772.27500000   3772.80000000   3774.45833333   3775.09166667   3773.78333333   3774.49166667   3775.09166667   3775.88333333   3776.26666667   3775.80000000   3778.12500000   3778.26666667   3778.38333333   3777.03333333   3776.20833333 
   3777.94166667   3777.80833333   3779.22500000   3779.60000000   3781.08333333   3780.08333333   3782.29166667   3781.94166667   3781.55833333   3783.14166667   3781.10000000   3780.71666667   3783.66666667   3783.46666667   3785.16666667   3783.16666667   3784.26666667   3786.26666667   3786.55833333   3787.23333333   3787.40833333   3787.00833333   3787.74166667   3788.14166667   3789.80000000 
   3789.71666667   3789.91666667   3789.20000000   3788.29166667   3789.15000000   3789.72500000   3790.48333333   3790.37500000   3791.29166667   3793.20833333   3791.73333333   3792.57500000   3793.50000000   3793.60000000   3793.28333333   3791.95833333   3793.92500000   3795.16666667   3794.40833333   3795.18333333   3794.61666667   3794.10833333   3796.93333333   3797.37500000   3796.68333333 
   3797.30833333   3796.64166667   3795.93333333   3795.96666667   3796.52500000   3795.92500000   3797.06666667   3794.87500000   3798.67500000   3797.43333333   3797.95000000   3798.14166667   3797.37500000   3795.78333333   3798.53333333   3799.63333333   3800.12500000   3800.50833333   3799.01666667   3798.05000000   3801.30833333   3801.55000000   3800.35833333   3799.93333333   3799.19166667 
   3799.10833333   3800.43333333   3800.30000000   3801.61666667   3800.77500000   3800.52500000   3799.34166667   3799.85000000   3798.35000000   3800.56666667   3800.95000000   3801.78333333   3800.71666667   3801.51666667   3804.55000000   3803.32500000   3804.79166667   3803.18333333   3802.49166667   3803.46666667   3805.36666667   3805.01666667   3805.45000000   3805.65000000   3806.70833333 
   3806.25000000   3805.03333333   3804.84166667   3802.18333333   3803.21666667   3801.83333333   3802.77500000   3801.15000000   3802.50000000   3804.15000000   3803.55000000   3802.76666667   3802.84166667   3803.80000000   3802.89166667   3804.49166667   3804.98333333   3802.50833333   3805.05833333   3805.50833333   3805.19166667   3805.51666667   3804.70833333   3803.41666667   3804.05000000 
   3804.65000000   3803.20000000   3804.45833333   3803.82500000   3804.71666667   3805.28333333   3803.82500000   3806.76666667   3805.73333333   3805.77500000   3805.61666667   3805.91666667   3805.48333333   3803.21666667   3803.61666667   3802.80833333   3802.28333333   3803.93333333   3807.00833333   3807.45833333   3805.32500000   3806.65833333   3808.96666667   3805.45000000   3805.98333333 
   3806.30833333   3805.72500000   3803.04166667   3803.62500000   3803.73333333   3804.85000000   3803.80000000   3803.75000000   3802.80833333   3805.38333333   3804.67500000   3807.16666667   3804.20000000   3803.92500000   3805.25000000   3804.49166667   3802.51666667   3799.78333333   3802.58333333   3803.60000000   3804.05000000   3804.72500000   3804.96666667   3805.04166667   3805.26666667 
   3805.55000000   3804.14166667   3805.65833333   3805.60833333   3800.98333333   3803.65833333   3806.55833333   3803.76666667   3802.60833333   3800.41666667   3801.97500000   3802.95000000   3803.92500000   3803.35833333   3804.67500000   3803.82500000   3803.75000000   3802.76666667   3800.84166667   3801.14166667   3802.33333333   3802.45833333   3799.74166667   3801.94166667   3801.75833333 
   3799.70833333   3801.79166667   3800.20833333   3799.35833333   3800.17500000   3800.68333333   3802.15833333   3800.53333333   3797.65833333   3798.22500000   3799.16666667   3799.37500000   3799.60833333   3800.36666667   3798.21666667   3799.17500000   3797.62500000   3798.24166667   3797.67500000   3795.31666667   3796.52500000   3796.43333333   3796.91666667   3795.30833333   3795.04166667 
   3795.49166667   3793.80000000   3793.95833333   3792.54166667   3793.14166667   3788.62500000   3789.85000000   3791.17500000   3789.61666667   3789.32500000   3790.60000000   3791.58333333   3791.55833333   3789.59166667   3789.29166667   3789.40000000   3789.35000000   3789.20000000   3789.43333333   3788.96666667   3788.57500000   3788.97500000   3787.29166667   3789.45833333   3788.12500000 
   3789.21666667   3783.90000000   3785.80833333   3785.57500000   3784.68333333   3784.16666667   3783.29166667   3783.63333333   3783.19166667   3779.93333333   3781.52500000   3780.96666667   3779.10833333   3781.59166667   3779.13333333   3779.29166667   3780.44166667   3779.48333333   3780.14166667   3778.00000000   3777.66666667   3777.05833333   3774.35000000   3775.81666667   3778.15000000 
   3777.33333333   3776.20833333   3777.30000000   3774.27500000   3774.76666667   3772.46666667   3775.15833333   3774.45833333   3772.81666667   3772.80000000   3772.82500000   3773.80000000   3773.33333333   3770.72500000   3769.46666667   3769.31666667   3768.18333333   3769.00833333   3769.38333333   3769.22500000   3770.07500000   3769.37500000   3767.58333333   3765.66666667   3765.37500000 
   3766.82500000   3767.41666667   3765.89166667   3763.22500000   3763.88333333   3763.99166667   3762.64166667   3762.65833333   3759.09166667   3760.05000000   3761.76666667   3760.23333333   3759.25833333   3760.20833333   3757.68333333   3758.94166667   3758.46666667   3757.08333333   3755.61666667   3756.62500000   3753.90000000   3751.93333333   3753.47500000   3751.45833333   3751.55833333 
   3749.19166667   3748.86666667   3751.00833333   3747.02500000   3746.20000000   3747.75833333   3748.15000000   3746.15000000   3747.36666667   3745.65833333   3745.00833333   3743.76666667   3741.83333333   3744.48333333   3743.49166667   3742.13333333   3741.12500000   3740.84166667   3741.59166667   3740.75000000   3741.00000000   3741.56666667   3738.56666667   3738.69166667   3738.44166667 
   3739.45833333   3735.23333333   3733.63333333   3733.62500000   3734.68333333   3733.97500000   3732.94166667   3733.93333333   3731.80833333   3732.88333333   3732.90000000   3735.10000000   3733.10000000   3730.36666667   3729.95833333   3730.33333333   3729.23333333   3729.56666667   3726.49166667   3723.85833333   3724.80833333   3722.61666667   3725.10000000   3725.10833333   3723.36666667 
   3722.44166667   3720.55000000   3719.55833333   3718.20000000   3717.59166667   3718.21666667   3719.46666667   3717.75833333   3713.35833333   3713.80833333   3713.19166667   3710.82500000   3711.68333333   3709.98333333   3706.87500000   3706.35833333   3705.72500000   3704.35833333   3704.16666667   3705.36666667   3706.18333333   3701.30833333   3704.27500000   3702.23333333   3700.54166667 
   3701.92500000   3697.99166667   3698.01666667   3697.37500000   3696.55833333   3695.31666667   3694.47500000   3694.73333333   3695.00833333   3693.25000000   3696.01666667   3692.82500000   3693.04166667   3689.49166667   3690.75000000   3688.74166667   3689.28333333   3687.57500000   3685.38333333   3684.33333333   3684.55000000   3684.39166667   3685.20833333   3684.77500000   3682.58333333 
   3682.79166667   3682.14166667   3678.01666667   3678.15000000   3679.84166667   3678.48333333   3678.43333333   3677.15833333   3673.45000000   3672.38333333   3671.66666667   3672.55000000   3669.46666667   3669.99166667   3667.71666667   3666.90833333   3666.90000000   3665.44166667   3664.25000000   3660.89166667   3661.88333333   3661.41666667   3659.92500000   3659.18333333   3658.69166667 
   3658.92500000   3657.18333333   3655.81666667   3653.25000000   3651.39166667   3650.74166667   3652.75833333   3648.66666667   3649.02500000   3645.87500000   3646.31666667   3645.48333333   3642.70833333   3643.07500000   3641.54166667   3641.07500000   3640.47500000   3638.14166667   3639.95000000   3638.01666667   3637.29166667   3636.10833333   3636.60000000   3636.40833333   3634.61666667 
   3633.48333333   3629.72500000   3627.83333333   3624.99166667   3626.80000000   3623.28333333   3621.11666667   3622.63333333   3622.40000000   3620.05000000   3619.96666667   3619.08333333   3616.05000000   3614.18333333   3616.15833333   3615.26666667   3612.05833333   3609.29166667   3607.49166667   3606.72500000   3606.79166667   3607.32500000   3607.23333333   3604.81666667   3603.20833333 
   3602.72500000   3600.09166667   3595.70833333   3597.96666667   3593.12500000   3593.36666667   3591.92500000   3592.60000000   3592.71666667   3590.75833333   3589.62500000   3587.51666667   3589.73333333   3585.20000000   3586.72500000   3585.28333333   3582.45000000   3582.72500000   3580.34166667   3580.15833333   3575.92500000   3574.95000000   3575.66666667   3575.21666667   3572.21666667 
   3573.76666667   3569.95000000   3567.28333333   3565.46666667   3566.28333333   3561.99166667   3562.34166667   3558.66666667   3557.55833333   3557.41666667   3554.35833333   3554.72500000   3552.69166667   3550.99166667   3550.18333333   3550.07500000   3548.65833333   3546.19166667   3545.55000000   3545.54166667   3541.92500000   3538.46666667   3540.50000000   3534.59166667   3536.23333333 
   3536.04166667   3533.91666667   3530.64166667   3529.70000000   3528.30000000   3527.80000000   3526.47500000   3526.05000000   3522.94166667   3522.68333333   3518.65000000   3519.52500000   3516.00833333   3512.95833333   3513.97500000   3511.36666667   3509.60000000   3506.58333333   3506.10000000   3503.56666667   3503.14166667   3501.28333333   3500.15833333   3500.70000000   3498.50000000 
   3497.90000000   3494.17500000   3493.67500000   3491.91666667   3487.80000000   3484.73333333   3484.20833333   3483.16666667   3482.91666667   3481.72500000   3479.15000000   3475.53333333   3475.56666667   3477.90000000   3475.38333333   3471.49166667   3470.07500000   3468.01666667   3466.72500000   3466.00000000   3460.35833333   3460.23333333   3458.26666667   3457.10000000   3455.19166667 
   3454.53333333   3452.61666667   3450.59166667   3448.82500000   3444.27500000   3446.84166667   3444.25833333   3443.66666667   3440.80000000   3439.20833333   3437.56666667   3433.87500000   3432.26666667   3432.24166667   3430.26666667   3425.21666667   3424.57500000   3424.47500000   3421.50833333   3418.49166667   3415.44166667   3414.15833333   3414.10000000   3412.20833333   3407.47500000 
   3404.33333333   3403.11666667   3402.13333333   3398.30000000   3398.13333333   3395.42500000   3390.89166667   3391.55833333   3387.79166667   3387.92500000   3383.84166667   3382.30833333   3381.18333333   3382.75000000   3378.58333333   3376.49166667   3375.10000000   3371.91666667   3373.89166667   3369.72500000   3366.60000000   3364.38333333   3360.57500000   3361.31666667   3360.54166667 
   3356.21666667   3355.23333333   3352.65833333   3348.58333333   3349.52500000   3345.54166667   3343.01666667   3341.92500000   3338.30833333   3334.32500000   3330.50000000   3330.10000000   3325.10833333   3324.66666667   3320.92500000   3317.45833333   3315.44166667   3311.70833333   3311.15833333   3308.43333333   3307.00833333   3305.21666667   3303.45000000   3302.34166667   3300.09166667 
   3298.20000000   3291.45000000   3287.79166667   3285.86666667   3282.82500000   3280.43333333   3278.32500000   3276.12500000   3274.34166667   3269.95000000   3269.49166667   3265.60000000   3263.42500000   3261.26666667   3258.56666667   3255.99166667   3255.27500000   3252.14166667   3250.84166667   3247.35000000   3245.40000000   3242.19166667   3240.15000000   3237.08333333   3236.76666667 
   3232.92500000   3229.45000000   3222.73333333   3221.19166667   3220.10833333   3217.98333333   3214.49166667   3212.35000000   3211.60833333   3206.76666667   3202.15000000   3201.69166667   3199.02500000   3195.34166667   3193.35000000   3190.39166667   3187.29166667   3185.90833333   3182.45833333   3178.93333333   3174.65000000   3173.61666667   3171.38333333   3170.25000000   3168.26666667 
   3164.30833333   3159.87500000   3157.15833333   3155.04166667   3150.89166667   3146.93333333   3140.31666667   3143.12500000   3138.00000000   3136.85000000   3135.93333333   3131.91666667   3129.80833333   3126.15000000   3123.63333333   3121.44166667   3115.82500000   3115.06666667   3109.93333333   3106.61666667   3104.17500000   3103.28333333   3100.13333333   3097.73333333   3093.22500000 
   3089.87500000   3085.17500000   3079.63333333   3080.31666667   3073.08333333   3071.07500000   3068.62500000   3064.27500000   3059.45833333   3057.07500000   3051.18333333   3047.84166667   3047.21666667   3043.88333333   3042.64166667   3038.32500000   3035.88333333   3031.94166667   3029.80000000   3023.40833333   3021.40000000   3018.59166667   3014.86666667   3011.65833333   3006.35000000 
   3004.42500000   3002.94166667   2998.10000000   2991.62500000   2988.65000000   2986.48333333   2983.93333333   2979.35000000   2978.39166667   2975.66666667   2971.96666667   2968.35000000   2961.70833333   2957.27500000   2954.71666667   2950.23333333   2950.66666667   2945.73333333   2943.70833333   2939.40000000   2935.90000000   2931.28333333   2928.75000000   2925.12500000   2920.35833333 
   2915.39166667   2911.99166667   2906.83333333   2903.10833333   2903.20833333   2896.18333333   2894.26666667   2891.04166667   2883.75833333   2880.70000000   2876.37500000   2871.87500000   2867.23333333   2867.10833333   2862.05833333   2857.28333333   2853.12500000   2849.35000000   2843.41666667   2839.55000000   2837.51666667   2829.40833333   2824.81666667   2822.91666667   2819.39166667 
   2817.04166667   2811.18333333   2807.60833333   2802.88333333   2799.80833333   2793.80833333   2788.37500000   2783.41666667   2779.25000000   2773.55833333   2769.00000000   2764.76666667   2763.10000000   2756.06666667   2752.75833333   2746.97500000   2744.35833333   2739.16666667   2735.79166667   2731.83333333   2725.57500000   2720.99166667   2716.59166667   2712.91666667   2710.34166667 
   2706.74166667   2699.86666667   2694.71666667   2688.15833333   2684.43333333   2678.44166667   2674.79166667   2670.38333333   2666.71666667   2658.85000000   2656.26666667   2651.87500000   2642.83333333   2639.02500000   2633.52500000   2629.61666667   2627.18333333   2622.90000000   2617.25833333   2610.95833333   2608.90833333   2601.05000000   2596.27500000   2591.03333333   2585.56666667 
   2582.55833333   2575.05000000   2571.61666667   2565.53333333   2559.47500000   2556.08333333   2550.65000000   2543.68333333   2540.33333333   2536.25000000   2530.08333333   2525.05833333   2521.72500000   2517.30833333   2510.87500000   2503.96666667   2498.05833333   2493.99166667   2489.43333333   2483.70000000   2480.34166667   2475.18333333   2471.12500000   2466.47500000   2459.73333333 
   2456.85833333   2448.93333333   2443.37500000   2436.86666667   2431.22500000   2425.11666667   2418.64166667   2411.24166667   2407.65000000   2401.15833333   2396.02500000   2391.22500000   2386.28333333   2378.55833333   2372.86666667   2367.57500000   2360.42500000   2356.10000000   2348.70833333   2344.74166667   2340.92500000   2334.23333333   2328.83333333   2323.77500000   2318.60000000 
   2316.55833333   2308.55000000   2302.63333333   2297.64166667   2288.18333333   2282.66666667   2278.80000000   2272.18333333   2265.95000000   2263.13333333   2254.57500000   2247.28333333   2241.70000000   2238.78333333   2230.69166667   2224.31666667   2218.50833333   2213.61666667   2209.73333333   2203.83333333   2198.30000000   2190.98333333   2186.99166667   2178.14166667   2176.12500000 
   2166.36666667   2160.71666667   2157.00000000   2149.30833333   2141.72500000   2135.26666667   2127.00833333   2120.00000000   2115.78333333   2109.75000000   2105.20833333   2096.56666667   2088.34166667   2085.66666667   2076.90000000   2069.95000000   2063.67500000   2058.35000000   2054.42500000   2047.55000000   2040.15000000   2034.51666667   2027.11666667   2022.34166667   2016.28333333 
   2011.39166667   2003.92500000   1996.01666667   1990.33333333   1984.25833333   1977.36666667   1971.26666667   1965.29166667   1957.12500000   1949.62500000   1941.35833333   1935.54166667   1926.25000000   1921.99166667   1913.16666667   1910.75833333   1901.93333333   1893.80833333   1886.64166667   1880.96666667   1875.42500000   1867.40000000   1859.81666667   1855.59166667   1849.96666667 
   1842.03333333   1835.20833333   1827.98333333   1819.75000000   1814.80833333   1806.80833333   1800.13333333   1792.23333333   1784.65000000   1778.54166667   1771.00833333   1764.25833333   1755.33333333   1750.77500000   1742.37500000   1736.40000000   1729.59166667   1721.22500000   1716.44166667   1710.79166667   1704.05000000   1698.21666667   1689.55833333   1683.59166667   1677.68333333 
   1669.55833333   1662.20833333   1653.02500000   1647.73333333   1641.63333333   1635.44166667   1626.54166667   1618.61666667   1613.11666667   1607.28333333   1597.50833333   1591.30000000   1583.21666667   1576.46666667   1568.05000000   1561.32500000   1554.15833333   1551.18333333   1543.28333333   1536.94166667   1527.22500000   1521.44166667   1512.41666667   1510.42500000   1502.99166667 
   1497.47500000   1489.45000000   1481.64166667   1475.00833333   1467.23333333   1459.92500000   1454.85000000   1448.01666667   1438.70000000   1431.78333333   1425.96666667   1419.55833333   1411.55000000   1405.34166667   1397.22500000   1391.71666667   1383.83333333   1376.73333333   1369.37500000   1363.21666667   1356.86666667   1350.17500000   1342.65000000   1337.18333333   1331.01666667 
   1324.05000000   1315.55000000   1310.81666667   1301.75833333   1294.90833333   1286.98333333   1280.00000000   1272.43333333   1263.18333333   1256.56666667   1248.47500000   1241.83333333   1236.24166667   1228.43333333   1222.40833333   1213.95833333   1208.45000000   1199.60833333   1194.10000000   1186.00833333   1180.71666667   1173.92500000   1168.14166667   1161.10000000   1155.95833333 
   1150.55000000   1142.04166667   1135.23333333   1128.59166667   1123.06666667   1113.60000000   1108.30833333   1102.75000000   1096.69166667   1090.59166667   1082.78333333   1077.72500000   1068.24166667   1063.18333333   1057.14166667   1050.60000000   1043.85833333   1037.99166667   1030.98333333   1023.77500000   1017.68333333   1011.07500000   1005.35000000    997.29166667    990.49166667 
    984.67500000    978.89166667    971.40000000    963.89166667    959.25833333    950.90000000    946.21666667    938.35000000    932.76666667    924.90833333    917.48333333    912.84166667    906.99166667    899.76666667    893.60833333    888.36666667    882.31666667    876.33333333    870.54166667    865.28333333    859.65000000    854.51666667    848.79166667    841.83333333    836.33333333 
    830.62500000    823.91666667    817.94166667    810.88333333    804.79166667    798.72500000    792.45833333    785.07500000    780.61666667    772.37500000    766.03333333    761.26666667    755.30833333    750.24166667    743.94166667    736.95833333    732.47500000    725.13333333    720.62500000    714.09166667    707.29166667    703.24166667    696.25000000    689.93333333    684.90000000 
    678.96666667    672.64166667    666.54166667    662.38333333    657.07500000    650.35833333    644.82500000    640.18333333    633.81666667    628.62500000    623.70833333    617.16666667    613.48333333    607.90833333    601.63333333    596.35000000    591.49166667    587.20000000    582.67500000    577.30000000    572.85000000    568.10833333    562.55000000    557.45000000    552.25000000 
    548.89166667    543.64166667    536.91666667    532.35833333    527.35833333    522.67500000    516.70000000    512.85833333    507.36666667    502.16666667    497.51666667    492.56666667    489.20000000    484.47500000    480.47500000    476.07500000    470.82500000    466.00000000    461.58333333    456.59166667    452.67500000    447.65000000    444.14166667    438.79166667    435.45833333 
    431.05000000    426.89166667    424.01666667    418.39166667    413.89166667    409.56666667    404.80833333    400.53333333    397.25833333    391.65833333    387.45000000    382.37500000    379.27500000    375.15000000    371.06666667    366.75833333    363.25000000    360.11666667    356.57500000    353.16666667    349.80000000    345.98333333    341.93333333    338.15833333    335.24166667 
    330.57500000    327.32500000    324.08333333    319.34166667    315.07500000    311.45000000    307.88333333    304.45000000    300.53333333    296.19166667    293.08333333    290.37500000    286.45000000    282.90000000    279.73333333    276.60000000    274.22500000    270.25000000    268.29166667    263.30000000    260.00833333    257.95000000    254.74166667    251.62500000    248.91666667 
    247.05833333    242.89166667    241.17500000    237.50000000    235.68333333    233.33333333    230.02500000    227.83333333    225.07500000    221.72500000    219.56666667    216.77500000    214.73333333    212.01666667    210.11666667    207.44166667    205.60833333    202.78333333    199.88333333    198.85000000    195.42500000    193.58333333    191.30000000    188.80833333    186.30000000 
    183.95833333    181.52500000    179.66666667    177.33333333    175.25833333    171.76666667    169.25833333    167.93333333    165.87500000    163.99166667    161.89166667    160.00000000    157.52500000    155.81666667    153.47500000    150.48333333    148.90000000    147.18333333    146.14166667    144.08333333    142.45833333    140.17500000    138.42500000    136.15833333    134.98333333 
    133.70000000    132.15833333    129.45000000    128.10000000    126.21666667    124.80833333    123.28333333    121.90833333    120.35833333    118.78333333    116.90000000    115.37500000    113.50000000    112.90000000    111.14166667    109.23333333    108.35000000    106.15833333    105.03333333    103.70833333    102.11666667    101.24166667     99.59166667     98.36666667     97.25000000 
     95.55833333     94.49166667     93.61666667     92.35000000     91.14166667     90.34166667     88.45000000     87.10000000     86.10833333     84.95833333     83.56666667     82.48333333     81.59166667     80.11666667     79.00833333     77.94166667     77.05000000     76.96666667     76.10833333     74.55000000     74.20000000     72.90000000     72.16666667     71.36666667     70.27500000 
     69.65000000     68.45833333     67.95000000     67.20833333     66.40000000     65.25833333     64.76666667     63.16666667     62.90833333     62.35833333     61.52500000     60.62500000     60.52500000     59.50833333     59.69166667     58.68333333     58.51666667     57.50833333     56.65000000     56.23333333     55.49166667     54.49166667     53.53333333     53.59166667     53.35000000 
     52.33333333     51.41666667     51.36666667     50.45000000     50.03333333     49.20000000     48.67500000     47.90000000     47.45833333     47.18333333     47.12500000     46.38333333     45.67500000     44.97500000     44.79166667     44.27500000     44.10000000     43.73333333     43.26666667     42.35000000     42.41666667     41.93333333     41.55833333     41.26666667     40.98333333 
     40.38333333     39.97500000     39.17500000     39.29166667     39.10833333     38.79166667     38.19166667     37.72500000     37.62500000     36.74166667     36.29166667     36.44166667     36.02500000     35.57500000     34.93333333     34.32500000     34.14166667     33.58333333     33.45000000     33.60833333     32.79166667     32.49166667     32.36666667     32.25833333     31.92500000 
     31.82500000     31.38333333     30.62500000     30.12500000     30.11666667     30.29166667     30.09166667     29.96666667     29.39166667     29.45000000     29.17500000     28.34166667     28.05000000     28.12500000     27.71666667     27.83333333     28.18333333     28.15833333     28.19166667     27.80000000     27.27500000     27.02500000     27.09166667     27.05833333     26.87500000 
     26.36666667     26.59166667     26.34166667     26.10833333     25.95000000     25.78333333     25.23333333     25.20833333     24.96666667     24.66666667     24.60833333     24.45833333     23.83333333     23.92500000     24.00000000     24.01666667     23.80833333     23.93333333     24.23333333     23.88333333     23.72500000     23.35000000     23.02500000     22.54166667     23.01666667 
     22.78333333     22.70000000     22.67500000     22.26666667     21.88333333     21.94166667     21.81666667     21.85000000     21.55833333     21.48333333     21.04166667     21.24166667     21.05000000     20.68333333     20.61666667     20.95833333     20.67500000     20.22500000     20.45000000     20.15000000     20.54166667     19.87500000     19.50833333     19.72500000     19.95000000 
     19.81666667     19.66666667     19.85833333     19.60000000     19.32500000     19.20000000     19.20000000     19.15000000     19.30000000     18.99166667     18.85000000     18.99166667     18.74166667     18.62500000     18.52500000     18.73333333     18.50833333     18.45000000     18.32500000     18.35000000     18.34166667     17.81666667     17.98333333     17.84166667     18.19166667 
     17.82500000     17.41666667     17.28333333     17.17500000     17.00833333     17.10833333     16.93333333     16.94166667     16.78333333     16.53333333     16.39166667     16.50000000     16.55833333     16.35833333     16.20833333     16.28333333     16.05000000     15.84166667     15.78333333     15.83333333     15.90833333     15.93333333     15.72500000     15.50000000     15.65833333 
     15.70833333     15.76666667     15.81666667     15.78333333     15.80833333     15.76666667     15.82500000     15.60833333     15.79166667     15.85833333     15.67500000     16.13333333     15.60833333     15.61666667     15.48333333     15.31666667     15.03333333     15.18333333     14.94166667     14.80833333     15.00833333     14.77500000     14.91666667     14.66666667     14.77500000 
     14.90000000     14.60833333     14.50000000     14.29166667     14.39166667     14.07500000     14.00833333     13.79166667     14.10000000     13.75000000     13.70000000     13.56666667     13.51666667     13.85833333     13.69166667     13.91666667     13.75833333     13.52500000     13.43333333     13.41666667     13.40833333     13.17500000     13.21666667     13.14166667     12.41666667 
     12.37500000     12.28333333     12.31666667     12.46666667     11.87500000     11.99166667     12.13333333     11.86666667     11.70000000     11.32500000     11.88333333     11.89166667     11.71666667     11.50833333     11.75000000     11.92500000     11.58333333     11.75833333     11.58333333     11.77500000     11.84166667     12.20000000     11.86666667     12.33333333     12.10000000 
     12.01666667     11.76666667     11.82500000     12.02500000     11.90000000     11.37500000     11.22500000     11.18333333     10.99166667     11.20833333     11.14166667     10.81666667     11.13333333     10.97500000     10.83333333     11.17500000     10.87500000     10.49166667     10.36666667     10.19166667     10.06666667     10.06666667     10.42500000     10.36666667     10.17500000 
     10.30833333     10.33333333     10.05000000      9.61666667      9.93333333      9.91666667      9.70833333      9.77500000      9.68333333      9.90000000      9.89166667      9.45000000      9.41666667      9.23333333      9.25833333      9.18333333      9.28333333      9.30000000      9.06666667      9.21666667      9.38333333      9.33333333      9.35000000      9.01666667      8.95833333 
      9.08333333      9.13333333      8.80000000      8.67500000      8.80000000      8.87500000      8.93333333      9.10000000      9.01666667      8.77500000      8.70000000      8.80833333      8.98333333      9.15000000      9.03333333      8.80000000      8.90000000      9.12500000      9.38333333      9.10000000      9.07500000      8.99166667      8.70833333      9.15000000      9.05833333 
