      0.00000000      2.15000000      4.31666667      6.69166667      8.25000000      9.71666667     11.18333333     12.15000000     13.85000000     15.19166667     16.15000000     16.84166667     17.66666667     18.16666667     18.67500000     19.73333333     19.84166667     20.59166667     20.99166667     21.71666667     22.74166667     22.78333333     22.90833333     23.30833333     23.50833333 
     23.96666667     24.34166667     24.51666667     24.82500000     25.33333333     25.92500000     25.75833333     25.77500000     26.01666667     25.97500000     26.27500000     26.41666667     26.60000000     26.97500000     26.64166667     27.25000000     27.28333333     27.45833333     27.67500000     28.02500000     28.10833333     28.60833333     28.34166667     27.74166667     28.00000000 
     27.64166667     28.23333333     27.80000000     28.25000000     28.52500000     28.92500000     29.14166667     29.44166667     30.00000000     30.55833333     30.90833333     30.35833333     30.65000000     30.82500000     30.95833333     31.57500000     31.51666667     31.49166667     31.92500000     31.87500000     31.92500000     31.73333333     31.59166667     31.75000000     32.22500000 
     32.39166667     32.75833333     32.48333333     32.42500000     32.26666667     32.48333333     32.59166667     32.66666667     32.33333333     32.07500000     32.25000000     32.27500000     32.55000000     32.86666667     32.81666667     32.88333333     33.17500000     33.23333333     33.01666667     32.84166667     33.02500000     33.19166667     33.65833333     33.65833333     33.49166667 
     33.33333333     33.15833333     33.71666667     33.98333333     34.39166667     34.46666667     34.50833333     34.11666667     34.09166667     34.11666667     34.03333333     34.59166667     34.76666667     34.75833333     35.32500000     35.03333333     34.96666667     35.08333333     35.40000000     35.94166667     35.95000000     36.13333333     36.32500000     36.38333333     36.37500000 
     36.28333333     36.70000000     36.68333333     36.90833333     37.50833333     37.86666667     37.89166667     38.00000000     38.39166667     38.30833333     37.81666667     38.12500000     38.36666667     38.99166667     39.20833333     38.92500000     38.80833333     39.43333333     39.26666667     39.05000000     39.48333333     39.24166667     38.98333333     39.21666667     38.96666667 
     38.85000000     38.84166667     38.65000000     39.15833333     39.46666667     39.47500000     39.73333333     40.15833333     40.10833333     40.40000000     40.41666667     40.75833333     40.65833333     41.16666667     41.49166667     41.76666667     41.63333333     41.20833333     41.35833333     42.05000000     41.68333333     41.50833333     41.50833333     41.91666667     41.54166667 
     41.41666667     41.30833333     41.48333333     41.76666667     42.14166667     42.40833333     42.46666667     42.60000000     42.16666667     42.13333333     42.21666667     42.06666667     42.12500000     42.15833333     42.14166667     42.55000000     42.34166667     42.25000000     42.16666667     41.91666667     42.03333333     41.97500000     41.96666667     42.14166667     41.92500000 
     41.97500000     42.23333333     42.40833333     42.35000000     42.50000000     42.73333333     43.50833333     44.25000000     44.59166667     45.04166667     45.40833333     45.81666667     45.69166667     45.60833333     45.60000000     45.73333333     45.90000000     46.05000000     46.19166667     45.89166667     46.03333333     45.91666667     46.51666667     46.44166667     46.50000000 
     46.46666667     46.39166667     47.11666667     47.29166667     47.40833333     47.45833333     46.64166667     46.42500000     46.45000000     46.52500000     47.05833333     47.40000000     47.11666667     47.10833333     46.60000000     46.46666667     46.50000000     46.62500000     47.17500000     47.23333333     47.44166667     47.77500000     48.31666667     48.38333333     48.57500000 
     49.42500000     48.97500000     49.69166667     50.09166667     49.87500000     49.70000000     50.02500000     50.10833333     50.52500000     50.76666667     50.84166667     50.60833333     50.88333333     51.04166667     51.39166667     51.76666667     52.17500000     52.40833333     52.46666667     52.81666667     53.27500000     53.16666667     53.21666667     53.51666667     53.94166667 
     54.15000000     54.50833333     55.26666667     56.22500000     56.24166667     56.26666667     56.01666667     55.79166667     55.65833333     56.26666667     56.67500000     56.97500000     57.60833333     57.87500000     57.57500000     58.15000000     58.27500000     58.26666667     58.71666667     58.85833333     58.50833333     58.30000000     58.49166667     58.43333333     58.55000000 
     58.70000000     58.67500000     58.91666667     59.55000000     59.71666667     59.40833333     59.32500000     59.57500000     59.22500000     58.70833333     59.04166667     59.20000000     59.01666667     58.71666667     59.09166667     59.65000000     59.85833333     60.21666667     60.20833333     60.56666667     60.49166667     60.07500000     60.30833333     59.95000000     60.39166667 
     61.05833333     61.08333333     61.25833333     61.90833333     62.19166667     62.73333333     63.00000000     63.44166667     63.60000000     63.95000000     64.18333333     64.60000000     64.43333333     64.36666667     64.45000000     64.41666667     64.67500000     65.02500000     65.70833333     66.44166667     65.96666667     66.00833333     66.25833333     66.19166667     67.05833333 
     67.61666667     67.95000000     67.79166667     68.31666667     68.64166667     68.49166667     68.66666667     68.46666667     68.45833333     68.69166667     69.10000000     69.12500000     69.41666667     69.60000000     70.00000000     70.14166667     70.39166667     70.56666667     70.58333333     70.57500000     70.43333333     70.56666667     71.21666667     71.23333333     71.49166667 
     71.65000000     72.00833333     72.40833333     72.85833333     73.18333333     73.91666667     74.30000000     74.37500000     74.36666667     74.84166667     75.56666667     75.95833333     75.35833333     75.12500000     74.92500000     74.60833333     74.82500000     75.67500000     75.95000000     76.58333333     77.50000000     77.35000000     78.20000000     78.85000000     79.09166667 
     79.36666667     79.75000000     79.95000000     80.36666667     79.89166667     80.59166667     80.96666667     81.05833333     81.29166667     81.05000000     81.29166667     82.32500000     82.70000000     82.78333333     82.84166667     83.27500000     83.73333333     84.20000000     84.06666667     84.06666667     84.25833333     84.01666667     84.09166667     84.25833333     84.17500000 
     84.02500000     84.61666667     85.01666667     85.41666667     85.53333333     85.93333333     87.08333333     87.03333333     86.77500000     86.60000000     86.78333333     87.00833333     87.61666667     87.60000000     87.89166667     87.81666667     87.43333333     87.48333333     87.45833333     88.27500000     88.56666667     88.32500000     88.31666667     88.90000000     88.90833333 
     88.70000000     88.37500000     88.67500000     88.90000000     88.99166667     89.48333333     89.89166667     90.20833333     89.91666667     90.44166667     91.02500000     91.52500000     91.91666667     92.45000000     92.69166667     93.01666667     93.20833333     93.69166667     93.64166667     94.12500000     94.37500000     94.92500000     94.75833333     95.35000000     95.60000000 
     96.34166667     96.43333333     96.95000000     97.63333333     98.08333333     98.20833333     98.34166667     98.15833333     98.09166667     98.93333333     99.12500000     99.76666667    100.12500000    100.44166667    100.84166667    101.01666667    101.54166667    101.66666667    102.14166667    102.87500000    103.81666667    104.55833333    104.94166667    105.59166667    106.30000000 
    106.86666667    107.40833333    108.36666667    108.88333333    109.16666667    109.73333333    110.13333333    110.21666667    111.25000000    111.02500000    111.40000000    111.33333333    112.18333333    112.77500000    113.12500000    114.15833333    114.13333333    114.50833333    114.56666667    115.20833333    115.43333333    116.43333333    116.97500000    117.37500000    117.37500000 
    117.61666667    117.54166667    118.17500000    118.85833333    119.09166667    119.94166667    119.99166667    120.77500000    120.67500000    121.53333333    121.82500000    122.47500000    123.25833333    123.76666667    124.19166667    124.76666667    124.88333333    125.55000000    125.65833333    126.38333333    126.37500000    126.94166667    127.22500000    127.62500000    128.34166667 
    128.75000000    129.20000000    130.30833333    131.02500000    131.58333333    131.88333333    132.44166667    132.76666667    132.75833333    133.48333333    134.15000000    134.92500000    135.49166667    135.70000000    136.17500000    136.62500000    137.08333333    137.17500000    137.76666667    138.43333333    138.76666667    138.60000000    139.51666667    139.95833333    140.34166667 
    140.37500000    141.08333333    141.48333333    141.90833333    142.51666667    142.56666667    142.45833333    142.74166667    143.79166667    144.20000000    144.51666667    145.31666667    146.01666667    146.71666667    147.54166667    148.57500000    148.63333333    148.87500000    149.14166667    149.84166667    150.73333333    151.33333333    152.20833333    152.89166667    153.50000000 
    154.33333333    155.12500000    156.19166667    156.87500000    157.88333333    158.63333333    158.90000000    159.82500000    160.50000000    160.55833333    161.00833333    161.74166667    162.27500000    162.78333333    163.54166667    164.19166667    164.27500000    164.51666667    164.85833333    165.27500000    166.22500000    166.93333333    167.63333333    168.32500000    168.45833333 
    169.05833333    169.44166667    169.87500000    170.70833333    171.92500000    172.14166667    172.39166667    172.83333333    173.63333333    174.30833333    174.75833333    174.98333333    175.62500000    176.15833333    177.02500000    176.94166667    177.62500000    178.44166667    179.45833333    180.08333333    180.50000000    180.99166667    181.70833333    181.80000000    182.00833333 
    182.56666667    183.53333333    184.11666667    184.19166667    185.35000000    186.52500000    186.97500000    187.91666667    188.52500000    189.35000000    189.79166667    190.30000000    191.07500000    191.60833333    192.42500000    193.11666667    193.94166667    193.96666667    194.25833333    194.79166667    195.45833333    196.52500000    197.21666667    197.52500000    198.05833333 
    198.16666667    199.05000000    199.49166667    200.70833333    201.51666667    202.46666667    202.19166667    203.10833333    204.38333333    205.88333333    206.44166667    207.31666667    208.57500000    208.81666667    209.40000000    210.61666667    211.68333333    211.76666667    212.69166667    212.75000000    213.08333333    213.41666667    214.29166667    214.80833333    216.14166667 
    216.72500000    217.20833333    218.35000000    219.70833333    220.77500000    221.60000000    221.97500000    222.99166667    223.87500000    225.04166667    226.00000000    226.49166667    226.96666667    228.05833333    229.25000000    229.96666667    230.62500000    231.20000000    231.55833333    232.05833333    232.85000000    233.35000000    234.16666667    235.22500000    235.41666667 
    236.62500000    237.50833333    238.05000000    238.69166667    239.85000000    239.95000000    240.70833333    242.21666667    242.84166667    243.94166667    245.08333333    246.51666667    247.21666667    247.20833333    248.25833333    249.09166667    250.16666667    251.26666667    251.85833333    253.35833333    253.76666667    254.67500000    254.86666667    256.29166667    257.10000000 
    258.01666667    259.20000000    259.59166667    260.71666667    261.52500000    262.47500000    263.51666667    265.18333333    266.29166667    267.22500000    267.28333333    267.66666667    268.50833333    269.60833333    270.70000000    271.95000000    273.40000000    274.01666667    275.10000000    275.99166667    276.64166667    278.00000000    279.34166667    280.18333333    281.84166667 
    283.04166667    284.35000000    285.64166667    286.02500000    286.80000000    288.05833333    289.10000000    289.65000000    291.00000000    292.99166667    294.11666667    294.85833333    295.83333333    297.05833333    298.07500000    299.20000000    299.72500000    301.03333333    302.32500000    303.57500000    305.37500000    306.06666667    307.08333333    307.65000000    308.76666667 
    310.40000000    311.26666667    312.54166667    312.90833333    314.75000000    316.00000000    317.01666667    318.20000000    319.57500000    321.24166667    322.57500000    323.05833333    324.87500000    324.97500000    325.15000000    326.14166667    327.92500000    328.45000000    328.58333333    329.56666667    331.10000000    332.28333333    332.18333333    333.46666667    335.05000000 
    335.54166667    337.34166667    338.67500000    339.87500000    340.90833333    343.51666667    345.41666667    346.28333333    347.70000000    349.49166667    351.07500000    352.65000000    353.87500000    354.90000000    356.23333333    357.24166667    359.19166667    359.80000000    361.15833333    361.84166667    362.55833333    364.39166667    365.58333333    366.10833333    367.95833333 
    368.18333333    369.81666667    371.09166667    372.63333333    373.60000000    374.91666667    376.42500000    377.42500000    378.82500000    379.65833333    381.65833333    383.01666667    384.45000000    385.72500000    387.81666667    388.18333333    389.90833333    390.70833333    392.02500000    394.03333333    395.10000000    396.14166667    397.36666667    398.38333333    400.00833333 
    400.68333333    401.97500000    403.49166667    405.41666667    406.25833333    407.97500000    409.53333333    411.28333333    413.00000000    414.99166667    415.91666667    417.24166667    418.33333333    419.98333333    421.68333333    422.95833333    423.95833333    424.75000000    426.65000000    427.29166667    429.19166667    430.23333333    431.45000000    433.56666667    434.57500000 
    436.19166667    438.30833333    440.32500000    441.14166667    443.02500000    444.69166667    446.40000000    448.18333333    449.21666667    451.70000000    452.85833333    453.98333333    454.94166667    456.71666667    458.08333333    460.63333333    462.74166667    463.63333333    464.67500000    465.99166667    467.56666667    469.25000000    470.12500000    472.17500000    473.70000000 
    475.20000000    476.80833333    478.56666667    480.25000000    482.16666667    484.30000000    485.83333333    487.37500000    489.68333333    491.41666667    493.58333333    495.40000000    496.45833333    498.36666667    499.50833333    501.67500000    502.65833333    504.78333333    506.61666667    508.40000000    509.07500000    511.19166667    513.07500000    515.20000000    516.10833333 
    518.00000000    519.72500000    521.97500000    523.90833333    525.99166667    527.46666667    530.15000000    531.94166667    533.84166667    535.36666667    537.25000000    539.47500000    540.60833333    543.33333333    544.45000000    547.57500000    549.10833333    550.15000000    552.56666667    553.90833333    555.87500000    557.21666667    559.08333333    561.53333333    563.49166667 
    564.59166667    567.00833333    569.00833333    571.06666667    573.05000000    575.51666667    576.91666667    578.34166667    579.54166667    581.71666667    583.49166667    585.78333333    587.87500000    590.40833333    593.09166667    595.03333333    596.69166667    598.10000000    600.79166667    602.37500000    603.95000000    606.13333333    608.25000000    610.04166667    611.91666667 
    614.18333333    616.64166667    619.02500000    620.56666667    622.28333333    624.89166667    626.53333333    629.04166667    631.85000000    633.55833333    636.72500000    638.99166667    641.15000000    642.42500000    644.93333333    647.60000000    649.75833333    652.10833333    653.42500000    655.25833333    657.45000000    659.13333333    661.88333333    664.10833333    666.51666667 
    668.36666667    669.70833333    672.32500000    675.11666667    677.72500000    680.55000000    682.30000000    685.33333333    687.63333333    689.00000000    691.46666667    694.37500000    697.21666667    700.53333333    701.66666667    704.24166667    707.71666667    710.22500000    712.49166667    715.02500000    717.38333333    718.68333333    721.50833333    723.63333333    726.76666667 
    729.33333333    731.82500000    734.09166667    736.32500000    738.80833333    741.00000000    743.21666667    745.86666667    748.42500000    751.20000000    754.00833333    756.78333333    759.30000000    761.82500000    763.85000000    766.46666667    768.29166667    771.31666667    773.67500000    776.62500000    778.70833333    780.99166667    783.34166667    785.49166667    787.35833333 
    790.35000000    793.18333333    795.60833333    798.68333333    801.42500000    803.23333333    806.30000000    809.20833333    811.54166667    814.23333333    816.65000000    819.76666667    822.64166667    825.27500000    827.65833333    829.81666667    832.32500000    834.11666667    836.92500000    839.45000000    841.23333333    843.95000000    847.56666667    849.73333333    851.41666667 
    854.46666667    856.95833333    859.85833333    862.83333333    865.73333333    868.65833333    871.30000000    873.01666667    874.95000000    878.21666667    881.00000000    884.31666667    887.40833333    890.35833333    892.63333333    894.97500000    896.99166667    900.28333333    902.85833333    905.10000000    907.84166667    910.10833333    912.33333333    916.45000000    919.37500000 
    922.09166667    924.52500000    927.60000000    929.95000000    932.90000000    935.31666667    937.90833333    941.62500000    943.45833333    946.02500000    948.54166667    952.54166667    956.19166667    958.57500000    961.48333333    964.88333333    968.05000000    971.03333333    973.96666667    976.70000000    979.53333333    982.40000000    984.87500000    987.48333333    990.65000000 
    993.05000000    995.74166667    999.60000000   1002.26666667   1005.45833333   1008.20000000   1011.80833333   1014.81666667   1017.76666667   1020.75000000   1023.96666667   1026.32500000   1030.73333333   1033.90833333   1038.22500000   1041.05000000   1044.38333333   1046.65000000   1049.40000000   1052.79166667   1056.29166667   1059.16666667   1062.28333333   1065.65833333   1068.14166667 
   1070.85833333   1075.02500000   1077.51666667   1081.00000000   1084.44166667   1087.29166667   1090.77500000   1094.38333333   1097.15000000   1100.22500000   1103.02500000   1105.90833333   1110.17500000   1113.75000000   1116.65000000   1119.68333333   1122.91666667   1126.00000000   1129.50833333   1133.19166667   1135.74166667   1139.94166667   1142.35000000   1145.92500000   1149.23333333 
   1150.85833333   1155.05833333   1157.90833333   1161.51666667   1164.75833333   1168.34166667   1172.20000000   1175.11666667   1178.15000000   1181.35000000   1184.67500000   1188.10000000   1191.96666667   1194.63333333   1197.61666667   1201.10000000   1204.95833333   1207.68333333   1211.50000000   1215.22500000   1218.39166667   1220.88333333   1224.48333333   1229.12500000   1232.55000000 
   1235.27500000   1239.08333333   1242.88333333   1246.38333333   1248.70833333   1253.00833333   1256.16666667   1258.96666667   1263.00000000   1267.00000000   1270.75000000   1273.40000000   1276.55000000   1279.00833333   1282.85833333   1286.34166667   1288.43333333   1292.94166667   1295.70000000   1299.96666667   1303.52500000   1307.55833333   1311.06666667   1314.26666667   1318.47500000 
   1321.10000000   1324.76666667   1328.76666667   1332.17500000   1335.91666667   1339.24166667   1342.91666667   1346.78333333   1350.35833333   1355.10833333   1358.15833333   1362.94166667   1366.08333333   1369.23333333   1372.60000000   1376.70833333   1379.55000000   1382.98333333   1387.55000000   1390.20000000   1393.50833333   1397.39166667   1400.88333333   1403.60833333   1406.23333333 
   1410.08333333   1414.33333333   1417.23333333   1421.03333333   1424.64166667   1428.80000000   1433.00833333   1436.63333333   1440.14166667   1443.77500000   1448.77500000   1453.95833333   1457.65833333   1460.70000000   1465.30833333   1468.19166667   1471.43333333   1474.71666667   1478.94166667   1482.55000000   1485.53333333   1489.00000000   1492.87500000   1496.43333333   1500.59166667 
   1505.09166667   1508.60000000   1511.44166667   1514.95000000   1519.01666667   1523.07500000   1527.10833333   1530.28333333   1534.88333333   1537.54166667   1542.21666667   1545.44166667   1548.84166667   1552.65000000   1555.65000000   1560.00833333   1563.66666667   1566.75000000   1570.05833333   1573.71666667   1579.12500000   1580.83333333   1584.74166667   1589.00000000   1592.36666667 
   1596.24166667   1600.29166667   1605.13333333   1608.40833333   1611.38333333   1614.66666667   1618.88333333   1623.25833333   1626.81666667   1631.11666667   1634.99166667   1638.90000000   1643.59166667   1647.11666667   1650.48333333   1653.90000000   1657.30000000   1661.95000000   1664.77500000   1668.37500000   1672.05833333   1675.42500000   1679.87500000   1683.61666667   1686.93333333 
   1691.31666667   1695.21666667   1698.60000000   1702.89166667   1705.20833333   1709.14166667   1712.50833333   1716.75000000   1721.00000000   1725.20000000   1729.95000000   1733.99166667   1737.53333333   1741.56666667   1745.55833333   1749.57500000   1753.14166667   1756.07500000   1759.57500000   1763.13333333   1767.45000000   1771.39166667   1775.30000000   1778.72500000   1782.49166667 
   1785.85000000   1790.83333333   1794.49166667   1798.10000000   1802.30833333   1805.50000000   1810.90833333   1813.99166667   1818.21666667   1821.75000000   1826.21666667   1829.62500000   1834.28333333   1838.16666667   1841.40000000   1845.16666667   1848.10833333   1852.11666667   1855.25000000   1859.24166667   1862.84166667   1867.57500000   1870.33333333   1874.28333333   1878.27500000 
   1882.80833333   1886.64166667   1890.25833333   1893.93333333   1897.48333333   1901.51666667   1904.71666667   1909.02500000   1913.28333333   1917.63333333   1921.39166667   1924.96666667   1928.01666667   1931.07500000   1934.17500000   1938.30000000   1943.06666667   1945.99166667   1949.85000000   1953.16666667   1956.59166667   1960.57500000   1965.00833333   1968.04166667   1972.00000000 
   1975.70833333   1978.95833333   1982.54166667   1986.68333333   1990.64166667   1994.29166667   1998.50833333   2003.18333333   2007.07500000   2011.11666667   2014.66666667   2018.92500000   2022.67500000   2028.07500000   2032.20833333   2035.12500000   2038.27500000   2042.55833333   2046.63333333   2050.18333333   2054.33333333   2057.55000000   2061.85000000   2066.25833333   2069.44166667 
   2074.15833333   2078.46666667   2082.50000000   2086.70000000   2090.85000000   2094.83333333   2097.55000000   2102.45833333   2106.06666667   2110.03333333   2114.28333333   2118.70833333   2123.21666667   2126.16666667   2129.93333333   2133.79166667   2138.45833333   2141.85000000   2146.26666667   2150.45000000   2154.55000000   2157.89166667   2162.54166667   2166.84166667   2171.37500000 
   2176.10833333   2179.71666667   2183.34166667   2186.90000000   2190.77500000   2195.40833333   2200.75000000   2204.40000000   2208.57500000   2211.35000000   2215.23333333   2219.10000000   2221.55000000   2224.90833333   2229.05000000   2232.51666667   2236.80000000   2240.80000000   2244.56666667   2248.44166667   2252.41666667   2256.81666667   2260.60833333   2263.58333333   2266.72500000 
   2270.58333333   2275.36666667   2279.35000000   2282.90833333   2286.45000000   2290.15000000   2293.16666667   2297.14166667   2301.44166667   2305.39166667   2309.40833333   2313.39166667   2317.13333333   2320.93333333   2324.28333333   2327.99166667   2331.36666667   2335.58333333   2339.37500000   2343.61666667   2346.53333333   2350.97500000   2354.48333333   2357.77500000   2362.23333333 
   2365.55000000   2369.77500000   2373.87500000   2376.39166667   2380.07500000   2384.20000000   2388.13333333   2391.36666667   2395.19166667   2399.95000000   2403.56666667   2407.47500000   2410.85000000   2414.07500000   2417.74166667   2421.75000000   2424.65833333   2428.66666667   2432.20000000   2434.96666667   2438.91666667   2443.07500000   2446.96666667   2451.25833333   2456.15000000 
   2459.38333333   2463.30000000   2467.20833333   2470.68333333   2474.38333333   2479.12500000   2481.79166667   2485.57500000   2489.70000000   2494.25000000   2496.88333333   2500.84166667   2504.25000000   2506.56666667   2510.27500000   2514.31666667   2518.01666667   2521.00000000   2525.11666667   2528.73333333   2532.02500000   2535.90833333   2539.42500000   2542.85000000   2547.44166667 
   2551.51666667   2555.12500000   2557.89166667   2560.68333333   2564.21666667   2567.32500000   2570.95000000   2575.55000000   2579.23333333   2583.44166667   2587.60000000   2590.31666667   2593.54166667   2597.60833333   2600.47500000   2603.91666667   2608.10833333   2612.08333333   2615.65833333   2618.99166667   2622.47500000   2626.28333333   2630.21666667   2634.35000000   2638.54166667 
   2641.58333333   2645.56666667   2649.44166667   2651.81666667   2655.95000000   2660.10833333   2663.45000000   2667.16666667   2670.05000000   2673.47500000   2676.86666667   2679.55000000   2683.27500000   2686.38333333   2689.97500000   2692.96666667   2696.10000000   2699.50000000   2702.32500000   2705.55833333   2709.18333333   2711.86666667   2715.57500000   2720.37500000   2722.89166667 
   2726.01666667   2730.60000000   2734.30833333   2738.90000000   2742.40833333   2744.83333333   2747.54166667   2751.08333333   2754.20833333   2758.38333333   2762.10000000   2765.37500000   2769.52500000   2773.51666667   2776.88333333   2781.13333333   2783.51666667   2787.07500000   2790.72500000   2793.47500000   2796.91666667   2801.10833333   2803.04166667   2806.00000000   2809.71666667 
   2813.28333333   2817.30833333   2820.32500000   2823.10833333   2826.07500000   2829.03333333   2833.28333333   2835.51666667   2838.97500000   2842.67500000   2845.90833333   2849.14166667   2851.85000000   2854.43333333   2857.46666667   2860.47500000   2863.80833333   2867.53333333   2871.32500000   2874.14166667   2877.57500000   2880.02500000   2882.84166667   2886.30833333   2889.66666667 
   2893.13333333   2896.46666667   2899.74166667   2903.23333333   2905.83333333   2908.40833333   2912.24166667   2915.48333333   2919.06666667   2921.40833333   2924.60833333   2927.25833333   2930.44166667   2934.59166667   2936.77500000   2940.96666667   2943.37500000   2946.76666667   2949.10000000   2951.50000000   2954.56666667   2958.26666667   2960.80000000   2964.35000000   2966.84166667 
   2970.13333333   2973.54166667   2977.22500000   2980.02500000   2982.05000000   2985.50833333   2988.90833333   2991.92500000   2994.44166667   2997.85000000   3000.84166667   3004.25833333   3007.00833333   3010.25000000   3013.37500000   3016.14166667   3019.43333333   3022.53333333   3025.89166667   3028.60833333   3030.09166667   3033.05000000   3035.46666667   3038.44166667   3042.10833333 
   3044.74166667   3047.44166667   3050.22500000   3054.03333333   3056.23333333   3059.55000000   3062.01666667   3065.38333333   3068.63333333   3071.08333333   3074.50833333   3077.20000000   3079.93333333   3082.88333333   3084.96666667   3087.66666667   3091.00833333   3093.52500000   3096.37500000   3100.00000000   3102.36666667   3104.44166667   3106.68333333   3109.25833333   3112.24166667 
   3115.60833333   3118.20000000   3121.35833333   3124.59166667   3127.00000000   3129.73333333   3133.08333333   3136.05000000   3138.08333333   3141.39166667   3142.81666667   3145.05833333   3147.97500000   3150.84166667   3153.95000000   3156.64166667   3159.97500000   3162.31666667   3165.25000000   3168.10833333   3170.12500000   3173.18333333   3175.73333333   3178.68333333   3180.60000000 
   3182.85833333   3185.73333333   3188.35833333   3192.48333333   3194.87500000   3197.15000000   3199.90833333   3202.48333333   3205.37500000   3208.03333333   3211.19166667   3213.31666667   3215.87500000   3219.05833333   3220.46666667   3223.78333333   3226.59166667   3229.65000000   3232.00000000   3234.73333333   3238.30833333   3240.66666667   3243.50000000   3245.76666667   3248.43333333 
   3249.89166667   3252.40833333   3254.96666667   3256.95833333   3259.34166667   3261.67500000   3264.49166667   3266.49166667   3268.40000000   3272.27500000   3274.72500000   3276.74166667   3278.95000000   3281.70833333   3283.50833333   3285.25833333   3287.60833333   3290.42500000   3293.57500000   3296.43333333   3298.58333333   3300.96666667   3303.12500000   3304.96666667   3308.05833333 
   3311.13333333   3314.14166667   3315.93333333   3318.81666667   3320.97500000   3323.58333333   3326.53333333   3328.04166667   3330.01666667   3332.52500000   3335.32500000   3338.35000000   3340.65833333   3343.10000000   3346.40000000   3347.62500000   3349.75000000   3351.50000000   3354.44166667   3356.13333333   3358.97500000   3361.04166667   3363.20833333   3364.94166667   3367.60833333 
   3369.40833333   3372.20833333   3374.00000000   3375.27500000   3377.86666667   3380.65000000   3382.28333333   3384.28333333   3387.21666667   3389.18333333   3391.67500000   3392.63333333   3395.17500000   3397.97500000   3399.15833333   3401.10000000   3403.43333333   3405.55000000   3408.18333333   3410.17500000   3411.75833333   3414.08333333   3416.13333333   3418.44166667   3419.58333333 
   3422.18333333   3423.80000000   3425.80833333   3427.54166667   3430.01666667   3431.76666667   3433.77500000   3435.70000000   3437.63333333   3439.55000000   3441.43333333   3443.82500000   3445.60000000   3447.79166667   3449.03333333   3451.29166667   3453.47500000   3455.20000000   3457.94166667   3460.64166667   3462.50833333   3464.44166667   3466.54166667   3468.33333333   3470.72500000 
   3472.38333333   3474.43333333   3476.50833333   3478.58333333   3480.35000000   3481.79166667   3483.94166667   3485.68333333   3488.32500000   3489.56666667   3490.49166667   3492.25833333   3494.00833333   3495.81666667   3497.84166667   3499.48333333   3501.71666667   3504.45000000   3506.75000000   3508.55000000   3509.70000000   3511.67500000   3513.26666667   3514.89166667   3516.81666667 
   3518.19166667   3519.59166667   3521.52500000   3523.07500000   3524.07500000   3526.10833333   3527.69166667   3528.80000000   3531.11666667   3533.66666667   3536.30833333   3537.72500000   3538.36666667   3540.17500000   3542.40833333   3544.11666667   3546.34166667   3548.26666667   3549.82500000   3551.39166667   3553.31666667   3555.09166667   3557.05000000   3558.28333333   3560.14166667 
   3561.72500000   3563.47500000   3565.65000000   3567.38333333   3569.50833333   3571.99166667   3573.60000000   3575.03333333   3576.78333333   3579.15000000   3580.04166667   3581.40000000   3583.00833333   3585.06666667   3586.51666667   3588.29166667   3589.46666667   3590.68333333   3591.95833333   3594.16666667   3595.22500000   3596.40833333   3598.34166667   3600.07500000   3601.22500000 
   3603.02500000   3604.00833333   3605.74166667   3607.49166667   3608.74166667   3609.50000000   3610.85833333   3612.16666667   3613.80000000   3616.20000000   3617.98333333   3619.24166667   3620.71666667   3621.96666667   3624.31666667   3625.61666667   3627.22500000   3628.24166667   3629.76666667   3630.42500000   3631.57500000   3633.11666667   3634.34166667   3636.40833333   3637.43333333 
   3639.38333333   3640.68333333   3641.95833333   3644.07500000   3644.60833333   3646.38333333   3647.40000000   3648.94166667   3650.66666667   3651.74166667   3653.65000000   3654.51666667   3655.79166667   3657.60000000   3658.82500000   3659.75000000   3660.65833333   3661.25833333   3663.20833333   3665.00833333   3666.23333333   3667.63333333   3668.66666667   3669.83333333   3671.72500000 
   3672.22500000   3673.19166667   3673.83333333   3674.94166667   3676.59166667   3677.89166667   3678.40000000   3679.80000000   3681.06666667   3683.10833333   3685.00000000   3685.80000000   3687.36666667   3688.39166667   3689.82500000   3691.34166667   3692.60833333   3694.10833333   3695.20000000   3696.46666667   3697.48333333   3699.01666667   3700.60833333   3702.22500000   3703.01666667 
   3705.61666667   3705.47500000   3707.71666667   3708.70833333   3709.71666667   3709.20000000   3711.17500000   3711.65000000   3713.35000000   3714.93333333   3715.88333333   3716.54166667   3717.24166667   3719.03333333   3720.51666667   3722.72500000   3724.40000000   3726.13333333   3726.95833333   3727.84166667   3728.13333333   3730.25833333   3731.45833333   3732.59166667   3733.75000000 
   3734.94166667   3735.18333333   3736.31666667   3737.06666667   3737.76666667   3738.84166667   3740.55000000   3741.80833333   3742.66666667   3743.64166667   3744.14166667   3744.41666667   3745.13333333   3745.98333333   3746.31666667   3748.14166667   3749.25000000   3751.61666667   3752.40000000   3753.50833333   3754.34166667   3754.93333333   3755.62500000   3756.47500000   3758.44166667 
   3759.07500000   3759.81666667   3761.10833333   3762.11666667   3763.09166667   3764.05000000   3765.80000000   3766.57500000   3767.76666667   3769.21666667   3770.09166667   3770.55000000   3771.33333333   3771.74166667   3773.85833333   3774.50833333   3775.20833333   3776.70833333   3777.20833333   3778.75000000   3780.10833333   3781.59166667   3781.90833333   3782.55000000   3783.16666667 
   3784.35833333   3786.20833333   3786.50833333   3786.95833333   3788.81666667   3789.07500000   3789.91666667   3790.90000000   3791.40833333   3791.65000000   3793.66666667   3794.62500000   3795.40833333   3795.75000000   3797.21666667   3798.94166667   3798.55833333   3799.45000000   3800.60833333   3801.70000000   3802.40000000   3803.48333333   3804.16666667   3805.30833333   3806.15833333 
   3806.90833333   3808.12500000   3808.88333333   3809.62500000   3809.89166667   3811.25833333   3811.30000000   3811.60000000   3812.33333333   3813.88333333   3814.64166667   3815.85000000   3816.59166667   3817.69166667   3818.20833333   3819.10000000   3819.29166667   3819.95000000   3820.58333333   3821.25000000   3822.11666667   3822.50833333   3823.82500000   3824.25833333   3824.64166667 
   3825.60000000   3825.67500000   3825.70000000   3826.63333333   3826.99166667   3827.39166667   3828.65833333   3829.23333333   3830.45833333   3830.92500000   3830.95000000   3831.77500000   3832.71666667   3833.09166667   3833.56666667   3834.25833333   3834.81666667   3835.15833333   3835.55000000   3835.28333333   3836.31666667   3837.20000000   3838.25000000   3839.69166667   3840.35833333 
   3841.23333333   3841.14166667   3841.84166667   3841.92500000   3841.52500000   3842.14166667   3842.21666667   3843.70000000   3844.23333333   3844.22500000   3843.64166667   3844.89166667   3845.29166667   3846.21666667   3848.17500000   3848.79166667   3850.61666667   3851.21666667   3852.29166667   3851.86666667   3851.65833333   3852.75000000   3853.29166667   3854.21666667   3854.80000000 
   3854.94166667   3855.75833333   3856.17500000   3856.25833333   3857.65833333   3858.06666667   3857.22500000   3858.85000000   3859.46666667   3860.03333333   3860.64166667   3860.84166667   3861.55000000   3861.37500000   3861.56666667   3862.62500000   3863.97500000   3863.93333333   3864.59166667   3864.48333333   3864.71666667   3865.17500000   3865.65833333   3866.84166667   3867.90833333 
   3867.53333333   3867.65000000   3868.15000000   3869.28333333   3869.65833333   3870.22500000   3871.33333333   3870.85833333   3870.46666667   3871.33333333   3871.05000000   3871.35833333   3872.25833333   3872.75833333   3872.14166667   3872.61666667   3873.09166667   3873.70833333   3874.12500000   3873.98333333   3875.45833333   3875.68333333   3875.85000000   3875.33333333   3875.00000000 
   3876.12500000   3876.21666667   3877.17500000   3877.51666667   3878.47500000   3877.98333333   3879.19166667   3879.22500000   3879.30000000   3880.19166667   3879.30000000   3879.30833333   3880.89166667   3880.91666667   3881.99166667   3881.09166667   3881.85000000   3883.04166667   3883.37500000   3883.82500000   3884.04166667   3883.95000000   3884.35833333   3884.75833333   3885.75000000 
   3885.85833333   3886.00833333   3885.75000000   3885.40000000   3885.92500000   3886.35833333   3886.87500000   3887.06666667   3887.65000000   3888.74166667   3888.10000000   3888.69166667   3889.34166667   3889.55833333   3889.55833333   3888.97500000   3889.99166667   3890.70000000   3890.42500000   3891.00000000   3890.75833333   3890.73333333   3892.35000000   3892.61666667   3892.41666667 
   3892.91666667   3892.59166667   3892.39166667   3892.49166667   3892.77500000   3892.45833333   3893.15000000   3892.13333333   3894.15833333   3893.57500000   3893.91666667   3894.16666667   3893.88333333   3893.11666667   3894.46666667   3895.12500000   3895.52500000   3895.85000000   3895.28333333   3894.87500000   3896.69166667   3896.91666667   3896.24166667   3896.17500000   3895.81666667 
   3895.85000000   3896.68333333   3896.55833333   3897.30833333   3896.84166667   3896.93333333   3896.30000000   3896.66666667   3896.00000000   3897.32500000   3897.67500000   3898.07500000   3897.60000000   3898.07500000   3899.72500000   3899.09166667   3899.92500000   3899.06666667   3898.77500000   3899.40000000   3900.55000000   3900.39166667   3900.69166667   3900.72500000   3901.39166667 
   3901.22500000   3900.55000000   3900.51666667   3899.25000000   3899.75833333   3899.05833333   3899.69166667   3898.76666667   3899.56666667   3900.38333333   3900.08333333   3899.70000000   3899.79166667   3900.23333333   3899.86666667   3900.85000000   3901.01666667   3899.89166667   3901.26666667   3901.56666667   3901.26666667   3901.49166667   3901.30000000   3900.63333333   3900.94166667 
   3901.42500000   3900.70000000   3901.42500000   3901.15000000   3901.59166667   3901.95000000   3901.29166667   3902.77500000   3902.38333333   3902.29166667   3902.31666667   3902.45000000   3902.16666667   3900.87500000   3901.15000000   3900.75833333   3900.59166667   3901.45833333   3903.13333333   3903.43333333   3902.35000000   3903.13333333   3904.36666667   3902.64166667   3902.92500000 
   3902.95000000   3902.70000000   3901.33333333   3901.67500000   3901.75833333   3902.45833333   3901.88333333   3901.79166667   3901.39166667   3902.72500000   3902.42500000   3903.62500000   3902.08333333   3901.76666667   3902.42500000   3902.08333333   3901.18333333   3899.81666667   3901.25833333   3901.71666667   3901.89166667   3902.27500000   3902.50000000   3902.50000000   3902.57500000 
   3902.94166667   3902.32500000   3903.20000000   3903.21666667   3900.95000000   3902.41666667   3903.78333333   3902.40000000   3901.80000000   3900.67500000   3901.34166667   3901.85833333   3902.22500000   3901.91666667   3902.45833333   3902.03333333   3901.95833333   3901.40000000   3900.47500000   3900.57500000   3901.21666667   3901.16666667   3899.75000000   3900.93333333   3900.88333333 
   3899.78333333   3900.89166667   3899.97500000   3899.51666667   3900.00000000   3900.03333333   3900.53333333   3899.65833333   3898.18333333   3898.50833333   3898.88333333   3899.01666667   3899.02500000   3899.35000000   3898.17500000   3898.53333333   3897.88333333   3898.33333333   3897.93333333   3896.43333333   3896.95833333   3896.86666667   3897.05833333   3896.20833333   3896.10000000 
   3896.30833333   3895.45000000   3895.34166667   3894.40833333   3894.79166667   3892.29166667   3892.83333333   3893.42500000   3892.54166667   3892.40000000   3892.95000000   3893.19166667   3893.20833333   3892.15833333   3891.88333333   3891.85000000   3891.85000000   3891.58333333   3891.73333333   3891.38333333   3891.31666667   3891.49166667   3890.36666667   3891.58333333   3890.93333333 
   3891.30833333   3888.45833333   3889.44166667   3889.27500000   3888.76666667   3888.39166667   3888.07500000   3887.90833333   3887.81666667   3886.27500000   3886.79166667   3886.25833333   3885.40833333   3886.57500000   3885.22500000   3885.05000000   3885.60000000   3885.04166667   3885.43333333   3884.25833333   3883.90000000   3883.43333333   3882.00833333   3882.63333333   3883.78333333 
   3883.32500000   3882.63333333   3883.10000000   3881.54166667   3881.63333333   3880.39166667   3881.62500000   3881.25833333   3880.39166667   3880.27500000   3880.06666667   3880.59166667   3880.25833333   3878.80833333   3878.00000000   3877.95000000   3877.27500000   3877.47500000   3877.69166667   3877.45000000   3877.70000000   3877.22500000   3876.25000000   3875.08333333   3874.67500000 
   3875.29166667   3875.65833333   3874.71666667   3873.15833333   3873.43333333   3873.26666667   3872.41666667   3872.21666667   3870.19166667   3870.69166667   3871.56666667   3870.45000000   3869.83333333   3870.15833333   3868.74166667   3869.24166667   3868.76666667   3868.06666667   3867.06666667   3867.41666667   3865.84166667   3864.55833333   3865.13333333   3864.02500000   3864.00833333 
   3862.62500000   3862.27500000   3863.15000000   3861.05833333   3860.29166667   3861.04166667   3861.15000000   3859.90833333   3860.55000000   3859.55833333   3859.23333333   3858.43333333   3857.35000000   3858.62500000   3858.00833333   3857.27500000   3856.60833333   3856.39166667   3856.55833333   3855.77500000   3855.90000000   3856.00833333   3854.20833333   3854.12500000   3853.88333333 
   3854.40000000   3852.06666667   3851.07500000   3850.86666667   3851.35833333   3850.87500000   3850.14166667   3850.47500000   3849.22500000   3849.63333333   3849.44166667   3850.32500000   3849.05000000   3847.45833333   3847.16666667   3847.12500000   3846.21666667   3846.22500000   3844.40000000   3842.94166667   3843.28333333   3841.90000000   3842.90000000   3842.71666667   3841.75833333 
   3841.19166667   3839.92500000   3839.46666667   3838.40000000   3837.98333333   3837.99166667   3838.35833333   3837.26666667   3834.53333333   3834.65833333   3834.25000000   3832.77500000   3833.05000000   3831.75833333   3829.85000000   3829.25000000   3828.67500000   3828.00833333   3827.74166667   3828.06666667   3828.30833333   3825.60000000   3827.01666667   3825.76666667   3824.75833333 
   3825.12500000   3822.82500000   3822.75833333   3822.09166667   3821.45833333   3820.61666667   3820.29166667   3820.15000000   3819.95000000   3818.81666667   3820.00833333   3818.17500000   3818.34166667   3816.15000000   3816.55833333   3815.27500000   3815.22500000   3814.04166667   3812.75833333   3812.15833333   3812.08333333   3811.65000000   3811.89166667   3811.52500000   3810.10000000 
   3809.91666667   3809.34166667   3806.92500000   3806.98333333   3807.34166667   3806.35000000   3805.90833333   3804.81666667   3802.85833333   3801.91666667   3801.27500000   3801.44166667   3799.47500000   3799.58333333   3798.10833333   3797.33333333   3797.02500000   3795.80833333   3794.95833333   3792.91666667   3793.25000000   3792.67500000   3791.44166667   3791.06666667   3790.66666667 
   3790.37500000   3789.25000000   3788.41666667   3786.65000000   3785.38333333   3784.68333333   3785.55833333   3783.08333333   3782.80833333   3780.90000000   3780.84166667   3780.21666667   3778.46666667   3778.10833333   3776.98333333   3776.53333333   3776.17500000   3774.58333333   3775.39166667   3774.15000000   3773.52500000   3772.55833333   3772.66666667   3772.20833333   3770.81666667 
   3769.98333333   3767.70000000   3766.43333333   3764.65000000   3765.15833333   3763.04166667   3761.45833333   3761.70000000   3761.25000000   3759.65833333   3759.23333333   3758.33333333   3756.54166667   3755.33333333   3755.84166667   3755.02500000   3753.10833333   3751.23333333   3749.85000000   3749.09166667   3748.82500000   3748.80000000   3748.44166667   3746.75833333   3745.55833333 
   3744.70000000   3742.93333333   3740.05833333   3740.82500000   3737.79166667   3737.86666667   3736.96666667   3737.11666667   3736.87500000   3735.25000000   3734.15833333   3732.53333333   3733.42500000   3730.91666667   3731.42500000   3730.43333333   3728.74166667   3728.34166667   3726.75833333   3726.13333333   3723.46666667   3722.48333333   3722.42500000   3721.90833333   3720.00000000 
   3720.46666667   3717.93333333   3716.17500000   3714.91666667   3715.00000000   3712.34166667   3712.18333333   3709.77500000   3708.60000000   3708.36666667   3706.33333333   3706.05000000   3704.57500000   3703.07500000   3702.35833333   3701.90000000   3700.68333333   3698.98333333   3698.44166667   3697.84166667   3695.40000000   3693.13333333   3693.82500000   3690.05833333   3690.81666667 
   3690.00000000   3688.66666667   3686.41666667   3685.36666667   3684.08333333   3683.25000000   3682.17500000   3681.20000000   3679.27500000   3678.51666667   3675.81666667   3675.84166667   3673.55000000   3671.08333333   3671.01666667   3669.10000000   3667.58333333   3665.63333333   3664.62500000   3663.08333333   3662.05833333   3660.68333333   3659.62500000   3659.57500000   3658.07500000 
   3657.40000000   3654.85833333   3654.25833333   3652.91666667   3650.07500000   3648.10000000   3647.10000000   3646.12500000   3645.45833333   3644.11666667   3642.19166667   3639.88333333   3639.35833333   3639.99166667   3638.10833333   3635.64166667   3634.30000000   3632.69166667   3631.36666667   3630.13333333   3627.03333333   3626.14166667   3624.81666667   3623.42500000   3621.71666667 
   3620.88333333   3619.17500000   3617.60000000   3616.17500000   3612.90833333   3613.56666667   3611.55000000   3610.71666667   3608.75000000   3607.15000000   3605.56666667   3602.74166667   3601.33333333   3600.88333333   3599.31666667   3596.18333333   3595.27500000   3594.40833333   3592.11666667   3589.89166667   3587.57500000   3586.29166667   3585.81666667   3584.15000000   3580.91666667 
   3578.72500000   3577.36666667   3575.95833333   3573.54166667   3572.75833333   3570.49166667   3567.68333333   3567.04166667   3564.41666667   3563.77500000   3560.93333333   3559.44166667   3558.31666667   3558.44166667   3555.68333333   3553.95000000   3552.63333333   3550.37500000   3550.99166667   3547.72500000   3545.36666667   3543.57500000   3541.09166667   3540.90000000   3539.65833333 
   3536.75833333   3535.34166667   3533.32500000   3530.61666667   3529.90000000   3527.09166667   3525.03333333   3523.46666667   3520.55000000   3517.55000000   3514.60000000   3513.21666667   3509.80000000   3508.60000000   3505.66666667   3503.10833333   3501.31666667   3498.46666667   3497.30000000   3495.05833333   3493.68333333   3492.04166667   3490.35833333   3488.99166667   3486.99166667 
   3485.09166667   3480.60833333   3477.67500000   3475.63333333   3473.07500000   3470.95000000   3468.93333333   3466.79166667   3464.80000000   3461.52500000   3460.60000000   3457.60000000   3455.35833333   3453.32500000   3451.54166667   3449.30000000   3447.78333333   3445.64166667   3443.63333333   3440.85000000   3438.89166667   3436.31666667   3434.13333333   3431.61666667   3430.60833333 
   3427.65000000   3424.71666667   3420.32500000   3418.68333333   3417.23333333   3415.20833333   3412.28333333   3410.20833333   3408.60833333   3405.29166667   3401.60000000   3400.16666667   3397.86666667   3394.73333333   3392.82500000   3390.23333333   3387.45833333   3385.47500000   3382.75000000   3379.92500000   3376.70000000   3375.26666667   3373.05833333   3371.48333333   3369.45833333 
   3366.55833333   3363.00000000   3360.38333333   3358.27500000   3355.05833333   3351.56666667   3346.70833333   3347.28333333   3343.54166667   3341.82500000   3340.47500000   3337.41666667   3335.26666667   3332.34166667   3330.05000000   3328.05833333   3323.44166667   3321.94166667   3318.14166667   3315.55000000   3312.85833333   3311.42500000   3308.46666667   3306.27500000   3302.96666667 
   3300.00000000   3296.12500000   3291.95000000   3290.90000000   3285.74166667   3283.15833333   3280.40833333   3276.44166667   3272.44166667   3269.85000000   3265.29166667   3262.25000000   3260.75833333   3257.79166667   3255.90833333   3252.47500000   3250.09166667   3246.70833333   3244.39166667   3240.04166667   3237.53333333   3234.75000000   3231.61666667   3228.55000000   3224.63333333 
   3222.26666667   3220.00000000   3215.92500000   3211.15833333   3208.29166667   3205.25833333   3202.52500000   3199.37500000   3197.48333333   3194.23333333   3191.13333333   3188.07500000   3182.85000000   3179.13333333   3176.10000000   3172.24166667   3171.13333333   3167.49166667   3164.75833333   3161.12500000   3157.98333333   3154.02500000   3151.44166667   3148.27500000   3144.07500000 
   3140.15000000   3136.78333333   3132.43333333   3129.10833333   3127.73333333   3122.52500000   3119.90000000   3116.84166667   3111.55000000   3108.40833333   3104.24166667   3100.27500000   3096.70000000   3094.86666667   3090.90833333   3087.10833333   3082.70000000   3079.11666667   3074.06666667   3070.56666667   3068.14166667   3062.15000000   3058.05000000   3055.69166667   3052.17500000 
   3049.35000000   3044.13333333   3040.60000000   3035.90833333   3032.58333333   3027.22500000   3022.70833333   3018.28333333   3014.34166667   3009.20833333   3004.92500000   3001.14166667   2998.75833333   2993.25833333   2989.86666667   2984.99166667   2981.69166667   2977.02500000   2973.54166667   2969.18333333   2964.04166667   2960.16666667   2955.71666667   2951.89166667   2948.82500000 
   2945.22500000   2939.59166667   2934.95833333   2929.00000000   2925.08333333   2919.91666667   2915.94166667   2911.65833333   2907.85000000   2901.37500000   2898.30000000   2893.66666667   2886.59166667   2882.58333333   2877.57500000   2873.05833333   2870.09166667   2865.45000000   2860.29166667   2855.25833333   2852.10000000   2846.13333333   2841.18333333   2836.59166667   2831.58333333 
   2827.70833333   2821.59166667   2817.71666667   2812.08333333   2806.91666667   2802.88333333   2797.60833333   2791.57500000   2787.58333333   2783.30000000   2777.70000000   2773.13333333   2769.77500000   2765.26666667   2759.20833333   2752.94166667   2747.45833333   2743.03333333   2738.36666667   2733.43333333   2729.42500000   2724.80833333   2720.50000000   2715.94166667   2710.49166667 
   2706.39166667   2699.55833333   2693.92500000   2687.91666667   2682.28333333   2676.80833333   2670.58333333   2664.22500000   2659.88333333   2654.14166667   2648.85833333   2643.89166667   2638.93333333   2632.02500000   2626.85000000   2621.78333333   2615.65000000   2610.50833333   2603.92500000   2599.75000000   2595.09166667   2589.50833333   2584.13333333   2578.74166667   2573.93333333 
   2570.80833333   2563.98333333   2558.00000000   2552.65000000   2544.55833333   2538.82500000   2533.90833333   2528.05000000   2522.02500000   2518.12500000   2511.05833333   2504.11666667   2498.29166667   2493.87500000   2486.96666667   2480.47500000   2474.90833333   2469.60000000   2464.75833333   2459.27500000   2453.12500000   2446.50000000   2441.64166667   2434.15000000   2430.41666667 
   2423.11666667   2417.56666667   2412.50000000   2405.17500000   2397.89166667   2391.71666667   2384.17500000   2377.05000000   2372.01666667   2366.05833333   2360.73333333   2353.42500000   2346.27500000   2341.62500000   2333.90833333   2326.44166667   2320.68333333   2314.98333333   2309.74166667   2303.49166667   2296.60833333   2291.12500000   2284.29166667   2278.90000000   2273.05833333 
   2267.92500000   2260.81666667   2253.10000000   2246.56666667   2240.37500000   2233.70833333   2227.02500000   2220.68333333   2212.59166667   2205.10833333   2197.33333333   2191.48333333   2183.30833333   2177.96666667   2169.50833333   2165.17500000   2156.88333333   2149.18333333   2142.40833333   2136.65000000   2130.35833333   2122.87500000   2115.99166667   2110.55833333   2104.18333333 
   2097.24166667   2090.23333333   2083.24166667   2075.17500000   2068.75000000   2061.18333333   2053.75000000   2046.34166667   2038.90000000   2031.93333333   2024.74166667   2017.75000000   2009.60833333   2004.00000000   1995.60833333   1989.49166667   1982.38333333   1974.50000000   1968.56666667   1962.26666667   1954.84166667   1948.98333333   1940.68333333   1934.45000000   1928.15000000 
   1920.65833333   1912.91666667   1904.27500000   1897.68333333   1891.10000000   1884.73333333   1876.39166667   1868.42500000   1861.79166667   1855.17500000   1846.48333333   1839.85000000   1831.93333333   1824.45000000   1816.66666667   1809.40000000   1801.98333333   1797.22500000   1789.90000000   1782.92500000   1774.48333333   1767.41666667   1759.20000000   1755.02500000   1747.51666667 
   1741.68333333   1733.55833333   1725.66666667   1718.20000000   1710.84166667   1703.22500000   1697.13333333   1689.63333333   1681.37500000   1674.03333333   1667.51666667   1661.00833333   1652.84166667   1645.58333333   1637.71666667   1631.15833333   1623.54166667   1615.75833333   1608.69166667   1601.58333333   1594.70000000   1587.30000000   1579.78333333   1573.07500000   1566.91666667 
   1559.68333333   1550.56666667   1544.66666667   1536.44166667   1528.95000000   1520.60833333   1512.77500000   1504.89166667   1496.37500000   1488.81666667   1480.34166667   1473.02500000   1466.19166667   1457.99166667   1451.20000000   1443.02500000   1436.34166667   1428.20833333   1420.97500000   1413.67500000   1407.30000000   1400.05833333   1393.44166667   1386.06666667   1379.51666667 
   1372.93333333   1364.59166667   1357.34166667   1349.75000000   1343.33333333   1334.38333333   1328.16666667   1321.55000000   1314.65000000   1307.80833333   1300.48333333   1293.94166667   1285.32500000   1278.55833333   1271.68333333   1264.49166667   1257.27500000   1249.99166667   1242.75833333   1235.23333333   1228.91666667   1221.78333333   1214.73333333   1206.44166667   1198.72500000 
   1191.97500000   1185.68333333   1177.88333333   1170.14166667   1164.24166667   1155.96666667   1149.50000000   1141.82500000   1135.05833333   1126.79166667   1119.25833333   1113.71666667   1106.73333333   1099.51666667   1092.94166667   1086.47500000   1079.99166667   1073.15833333   1066.50000000   1060.88333333   1054.82500000   1048.42500000   1041.68333333   1034.84166667   1028.67500000 
   1022.28333333   1014.60833333   1008.11666667   1000.90000000    993.70833333    987.08333333    980.16666667    972.44166667    966.44166667    958.26666667    951.47500000    944.88333333    938.48333333    932.34166667    925.90000000    918.80833333    912.89166667    904.98333333    899.25833333    892.26666667    884.80000000    879.47500000    872.10833333    865.14166667    858.92500000 
    852.22500000    845.54166667    839.06666667    833.15000000    827.31666667    820.16666667    813.85833333    808.25833333    801.42500000    795.40833333    789.80833333    782.77500000    777.61666667    771.21666667    764.48333333    758.30000000    752.79166667    747.38333333    741.83333333    735.70833333    730.44166667    725.20833333    719.01666667    713.12500000    707.31666667 
    702.50000000    696.72500000    689.40000000    683.72500000    677.50833333    672.79166667    666.19166667    661.20000000    655.14166667    649.15000000    643.36666667    638.29166667    634.24166667    628.29166667    623.55000000    618.52500000    612.81666667    607.02500000    601.49166667    595.87500000    591.37500000    585.90833333    581.24166667    575.89166667    571.31666667 
    566.36666667    561.04166667    556.86666667    550.87500000    546.04166667    540.61666667    534.92500000    530.10000000    525.86666667    520.01666667    515.02500000    509.43333333    505.02500000    499.93333333    495.24166667    490.45000000    486.10000000    482.36666667    478.24166667    474.20833333    469.75833333    465.21666667    461.00833333    456.52500000    452.58333333 
    448.03333333    443.90000000    439.46666667    434.02500000    428.71666667    424.55000000    420.36666667    415.97500000    411.08333333    406.32500000    402.20833333    398.55000000    394.30833333    390.18333333    386.20000000    382.41666667    379.45833333    374.72500000    371.90000000    366.86666667    363.04166667    360.18333333    356.19166667    352.08333333    349.28333333 
    346.78333333    342.30833333    339.03333333    334.99166667    332.35833333    329.55833333    325.60833333    322.78333333    319.05000000    315.62500000    312.65000000    309.42500000    306.51666667    303.50000000    300.84166667    297.27500000    294.75000000    291.52500000    288.49166667    286.44166667    283.16666667    280.48333333    277.39166667    274.32500000    271.10000000 
    268.60000000    265.70000000    263.15833333    260.71666667    257.60000000    253.85833333    251.01666667    248.83333333    245.95833333    243.25833333    240.80833333    238.24166667    235.62500000    233.20833333    230.40833333    227.51666667    224.84166667    222.71666667    220.85000000    218.15000000    215.77500000    213.27500000    211.44166667    208.80000000    207.22500000 
    205.07500000    203.03333333    200.22500000    197.91666667    195.07500000    193.47500000    191.62500000    189.78333333    187.95833333    185.99166667    183.70833333    181.64166667    179.30833333    178.04166667    176.05000000    173.95000000    172.88333333    170.71666667    168.98333333    167.50833333    165.61666667    164.05000000    161.87500000    160.37500000    159.25000000 
    157.14166667    155.73333333    154.38333333    152.87500000    150.50000000    149.18333333    146.94166667    145.59166667    144.50833333    143.13333333    141.30833333    139.58333333    138.16666667    136.03333333    134.59166667    133.26666667    131.98333333    130.88333333    129.94166667    128.53333333    127.71666667    126.25833333    125.40833333    124.15833333    123.08333333 
    122.09166667    120.29166667    119.15833333    118.23333333    116.64166667    115.09166667    114.26666667    112.58333333    112.15000000    111.27500000    110.01666667    108.56666667    107.98333333    107.09166667    106.82500000    105.77500000    105.42500000    104.09166667    102.89166667    102.26666667    101.60000000    100.29166667     99.20833333     98.62500000     98.20833333 
     96.95833333     96.17500000     95.64166667     94.20833333     93.55833333     92.40000000     91.34166667     90.61666667     89.84166667     89.87500000     89.40000000     88.62500000     87.57500000     86.84166667     86.30000000     85.23333333     85.19166667     84.57500000     83.93333333     83.40000000     82.90833333     82.38333333     81.70833333     81.07500000     80.50833333 
     79.93333333     79.64166667     78.37500000     78.00833333     77.60833333     76.89166667     75.99166667     75.58333333     75.71666667     74.40833333     73.55000000     73.58333333     73.35000000     72.99166667     72.15000000     71.45000000     70.70000000     70.15833333     70.40000000     70.32500000     69.38333333     68.88333333     68.73333333     68.25833333     67.79166667 
     67.73333333     66.92500000     66.00833333     65.45833333     65.30833333     65.28333333     65.07500000     64.84166667     64.56666667     64.00000000     63.54166667     62.40000000     61.60833333     61.69166667     61.15833333     61.29166667     61.75000000     61.45833333     61.81666667     61.33333333     60.85000000     60.41666667     60.33333333     60.33333333     60.06666667 
     59.54166667     59.66666667     59.34166667     59.18333333     59.41666667     58.84166667     58.35000000     58.34166667     58.04166667     57.29166667     56.81666667     56.49166667     55.40833333     55.20000000     55.32500000     55.16666667     55.33333333     55.35000000     55.52500000     55.35833333     54.97500000     54.35000000     53.81666667     52.97500000     53.44166667 
     53.00000000     52.58333333     52.43333333     51.95000000     51.55833333     51.56666667     51.12500000     51.06666667     50.45833333     50.03333333     49.85833333     49.95833333     49.73333333     49.35833333     49.85833333     50.30000000     50.08333333     49.24166667     49.68333333     49.05833333     49.16666667     48.80833333     48.67500000     48.56666667     48.83333333 
     48.68333333     48.58333333     48.41666667     48.05000000     47.89166667     47.71666667     47.75000000     47.24166667     47.57500000     46.90833333     46.84166667     46.73333333     46.60833333     46.68333333     46.38333333     46.95000000     46.58333333     46.67500000     46.40833333     46.50833333     46.36666667     45.70833333     45.90000000     45.76666667     45.73333333 
     45.14166667     44.67500000     44.37500000     44.16666667     43.75000000     43.72500000     43.19166667     43.19166667     42.90833333     42.63333333     42.49166667     42.43333333     42.47500000     42.55833333     42.15833333     42.17500000     41.49166667     41.25000000     40.98333333     40.79166667     40.91666667     41.04166667     40.72500000     40.35833333     40.70833333 
     40.91666667     40.94166667     40.85000000     40.35833333     40.71666667     40.66666667     40.50000000     39.97500000     40.20000000     40.08333333     39.73333333     40.06666667     39.79166667     40.11666667     40.04166667     39.48333333     39.58333333     39.84166667     39.45000000     39.35000000     39.63333333     39.52500000     39.07500000     38.76666667     38.64166667 
     38.75000000     38.07500000     37.92500000     37.60000000     37.38333333     36.88333333     36.85833333     36.77500000     37.02500000     37.00833333     37.01666667     36.95000000     36.95000000     37.06666667     36.92500000     37.03333333     37.13333333     36.72500000     36.45000000     36.29166667     36.00000000     35.85833333     35.75000000     35.88333333     35.26666667 
     35.13333333     34.88333333     34.95833333     34.90000000     34.60000000     34.06666667     34.00000000     33.46666667     33.18333333     33.19166667     33.37500000     33.24166667     33.03333333     32.95000000     33.35000000     33.70000000     33.43333333     33.16666667     33.21666667     33.37500000     33.36666667     33.94166667     33.49166667     33.77500000     33.80000000 
     33.60000000     33.15833333     32.91666667     32.89166667     32.49166667     31.80000000     31.67500000     31.62500000     31.38333333     32.15000000     31.54166667     31.10000000     31.37500000     31.15000000     30.90000000     31.38333333     31.16666667     30.45833333     30.06666667     29.88333333     29.70000000     29.66666667     29.90833333     30.00000000     29.59166667 
     29.81666667     30.08333333     29.73333333     29.31666667     29.38333333     29.10833333     28.92500000     28.74166667     29.04166667     28.87500000     28.83333333     28.36666667     28.27500000     27.90000000     27.86666667     28.24166667     28.19166667     28.15833333     28.20833333     28.05000000     28.06666667     28.02500000     27.80000000     27.57500000     27.11666667 
     27.39166667     27.30833333     27.22500000     26.98333333     27.05833333     27.14166667     27.07500000     27.36666667     27.44166667     26.90000000     27.03333333     27.08333333     27.21666667     27.75000000     27.37500000     27.13333333     26.94166667     27.57500000     27.86666667     27.64166667     27.40000000     27.15833333     26.90000000     27.36666667     27.74166667 
