      0.00000000     51.64166667     56.44166667     60.40000000     62.95833333     65.69166667     68.25833333     69.11666667     73.95833333     74.36666667     76.28333333     77.26666667     78.15833333     79.32500000     81.33333333     82.33333333     82.73333333     83.12500000     84.50000000     84.88333333     86.80000000     86.80833333     87.59166667     88.29166667     88.98333333 
     87.54166667     90.49166667     90.30833333     90.45000000     92.03333333     92.40833333     92.65833333     93.27500000     92.85000000     93.85833333     93.86666667     93.81666667     93.71666667     94.88333333     93.51666667     93.80000000     95.60833333     95.49166667     95.04166667     95.40000000     95.83333333     96.22500000     95.94166667     94.67500000     96.50833333 
     95.70000000     96.41666667     95.60833333     96.70833333     96.90000000     97.59166667     97.20000000     98.85000000     99.56666667    100.15000000    100.96666667    100.05833333     98.96666667     99.60833333    100.25000000    101.41666667    102.50000000    101.70833333    102.01666667    100.65000000    101.57500000    101.84166667    101.14166667    101.79166667    103.39166667 
    101.98333333    104.10833333    104.61666667    103.79166667    103.27500000    103.70000000    103.41666667    104.40833333    102.89166667    103.79166667    104.17500000    102.62500000    102.70833333    104.73333333    104.37500000    104.18333333    104.86666667    104.16666667    104.95833333    104.30833333    105.30000000    103.72500000    105.41666667    106.77500000    104.02500000 
    104.62500000    105.67500000    107.11666667    107.25833333    106.27500000    107.23333333    108.80833333    108.09166667    105.83333333    107.48333333    106.68333333    108.20000000    106.84166667    107.85000000    108.43333333    107.82500000    107.56666667    108.72500000    109.30000000    109.43333333    110.95833333    109.87500000    111.17500000    110.67500000    110.21666667 
    110.30833333    110.50000000    111.32500000    110.75000000    112.32500000    114.00000000    113.60833333    112.59166667    112.81666667    112.74166667    112.77500000    112.94166667    113.91666667    114.81666667    116.34166667    114.77500000    115.05833333    116.35833333    115.53333333    114.88333333    115.15833333    114.79166667    114.15000000    115.20000000    115.72500000 
    114.54166667    114.74166667    115.03333333    116.46666667    115.47500000    116.89166667    117.38333333    118.05833333    117.32500000    117.47500000    119.22500000    118.08333333    119.65000000    119.40000000    119.80833333    120.58333333    119.60000000    119.85000000    119.61666667    119.29166667    118.85833333    119.46666667    118.95000000    119.18333333    120.43333333 
    118.79166667    120.22500000    119.24166667    120.20833333    120.66666667    120.76666667    121.13333333    121.52500000    120.89166667    120.80000000    121.69166667    120.58333333    121.26666667    121.05000000    121.22500000    121.19166667    122.44166667    121.61666667    121.81666667    120.73333333    120.90000000    121.60000000    121.25833333    121.94166667    120.31666667 
    121.16666667    122.23333333    122.68333333    122.28333333    122.60000000    122.94166667    124.56666667    124.60000000    125.13333333    125.58333333    126.08333333    126.80833333    126.76666667    128.10000000    126.75000000    127.95833333    127.35000000    129.07500000    127.70833333    126.51666667    128.85000000    127.77500000    130.18333333    128.17500000    127.92500000 
    128.62500000    129.25000000    129.06666667    129.90000000    130.92500000    131.31666667    129.86666667    129.34166667    128.26666667    128.87500000    131.09166667    131.44166667    131.06666667    131.09166667    129.33333333    128.85833333    129.30000000    129.37500000    130.76666667    130.24166667    131.27500000    132.55833333    133.10833333    132.33333333    133.17500000 
    133.34166667    133.28333333    133.30833333    134.30833333    135.74166667    133.65833333    133.63333333    135.03333333    135.00000000    138.15833333    136.18333333    135.75000000    135.67500000    137.54166667    137.40000000    138.00000000    138.80833333    138.34166667    139.57500000    139.53333333    140.66666667    140.03333333    139.03333333    140.15833333    140.90833333 
    140.81666667    141.99166667    144.25000000    145.15833333    144.62500000    144.96666667    144.65000000    145.02500000    143.86666667    144.56666667    146.25833333    145.15000000    146.51666667    147.98333333    147.76666667    147.85833333    148.20833333    148.22500000    149.20000000    148.32500000    148.31666667    148.65833333    148.10000000    149.09166667    147.77500000 
    148.48333333    149.77500000    148.75000000    150.49166667    150.50833333    150.99166667    150.51666667    150.70000000    151.29166667    150.62500000    148.94166667    149.55833333    149.63333333    149.55833333    150.81666667    151.97500000    151.55833333    151.00833333    152.56666667    152.14166667    152.30833333    151.23333333    151.32500000    150.70833333    151.95000000 
    153.25833333    153.49166667    153.37500000    155.23333333    155.30833333    156.73333333    157.06666667    157.84166667    158.50833333    158.13333333    158.64166667    159.40000000    158.53333333    159.65833333    158.50000000    158.49166667    156.67500000    159.69166667    159.06666667    160.65833333    161.08333333    160.30833333    161.60833333    161.65833333    163.33333333 
    163.44166667    163.25000000    164.30000000    165.49166667    166.54166667    165.72500000    165.70833333    165.80833333    165.93333333    164.91666667    167.20833333    167.28333333    167.23333333    166.80000000    167.54166667    168.22500000    167.60000000    167.82500000    167.92500000    168.55833333    168.53333333    168.45000000    170.19166667    169.58333333    169.82500000 
    170.25000000    171.04166667    170.69166667    172.75833333    172.87500000    174.43333333    173.62500000    174.88333333    174.89166667    173.84166667    175.15833333    176.99166667    175.25833333    175.01666667    175.03333333    173.55000000    174.65833333    175.04166667    175.32500000    176.47500000    177.51666667    178.70000000    179.36666667    181.00833333    180.62500000 
    180.35833333    181.83333333    182.69166667    182.12500000    182.90833333    185.66666667    183.60000000    184.10000000    184.45833333    183.85833333    185.26666667    185.61666667    188.10833333    187.06666667    186.86666667    188.37500000    187.32500000    189.20833333    188.74166667    188.44166667    188.91666667    189.25833333    188.56666667    188.04166667    188.36666667 
    188.94166667    189.82500000    191.75000000    192.18333333    192.58333333    192.55000000    193.75000000    194.48333333    192.87500000    193.23333333    193.41666667    193.55000000    192.95833333    195.06666667    194.62500000    194.37500000    194.07500000    194.18333333    194.24166667    195.15000000    194.88333333    195.70000000    196.12500000    195.17500000    195.92500000 
    195.67500000    197.03333333    196.15000000    197.38333333    197.56666667    199.79166667    199.05000000    199.00833333    198.56666667    199.66666667    200.57500000    201.43333333    201.36666667    203.12500000    201.99166667    202.57500000    203.02500000    205.11666667    203.79166667    206.01666667    204.57500000    206.30833333    206.46666667    206.93333333    206.46666667 
    207.33333333    207.93333333    207.10000000    211.32500000    211.42500000    210.04166667    211.95833333    211.56666667    210.62500000    211.93333333    212.55000000    212.99166667    213.04166667    214.01666667    214.02500000    214.66666667    215.72500000    215.13333333    215.64166667    217.71666667    218.85000000    219.45833333    220.33333333    221.15833333    221.86666667 
    223.21666667    224.67500000    223.60833333    225.60000000    227.11666667    227.63333333    227.93333333    228.58333333    228.16666667    228.62500000    230.55833333    229.75000000    231.72500000    232.22500000    232.20833333    233.22500000    234.21666667    234.30000000    234.05000000    234.50000000    234.11666667    235.39166667    237.29166667    238.89166667    236.32500000 
    237.12500000    238.84166667    241.21666667    239.71666667    241.52500000    242.01666667    242.41666667    243.05833333    243.50000000    244.57500000    243.40833333    245.92500000    246.75000000    247.19166667    248.28333333    248.67500000    249.35833333    249.94166667    249.85833333    250.23333333    250.02500000    251.00833333    250.17500000    253.02500000    253.58333333 
    254.63333333    256.03333333    256.42500000    257.04166667    258.65833333    259.80000000    260.92500000    259.34166667    260.72500000    260.71666667    262.05833333    261.85000000    263.27500000    264.33333333    264.56666667    264.78333333    265.32500000    266.30833333    267.13333333    268.91666667    269.15000000    268.64166667    269.45000000    270.52500000    270.62500000 
    270.09166667    273.09166667    272.65000000    272.40000000    272.85833333    274.18333333    274.83333333    273.25000000    274.87500000    274.89166667    276.38333333    277.78333333    278.65000000    279.40000000    279.10833333    280.32500000    280.67500000    282.05000000    282.28333333    283.13333333    285.33333333    285.15833333    287.40000000    286.45833333    288.74166667 
    290.73333333    291.76666667    293.42500000    292.89166667    296.25833333    295.69166667    296.21666667    297.56666667    297.36666667    298.00000000    299.30000000    300.53333333    299.90000000    302.59166667    303.23333333    303.52500000    302.76666667    304.10000000    304.14166667    303.77500000    306.77500000    307.26666667    308.56666667    309.10000000    308.85000000 
    309.24166667    311.40833333    311.03333333    310.44166667    313.46666667    313.24166667    313.15833333    315.30833333    316.27500000    317.01666667    317.81666667    318.36666667    319.50000000    319.62500000    320.95000000    319.08333333    322.06666667    320.82500000    323.09166667    324.00000000    324.43333333    324.00833333    326.50833333    325.60833333    327.22500000 
    327.60000000    329.08333333    328.77500000    330.92500000    333.68333333    334.11666667    335.95000000    334.00833333    336.89166667    338.70833333    337.52500000    338.03333333    340.05000000    339.07500000    340.49166667    342.52500000    343.00000000    343.29166667    342.73333333    342.95000000    344.87500000    346.66666667    345.94166667    347.07500000    347.85000000 
    348.80000000    349.96666667    350.69166667    353.53333333    352.55000000    354.97500000    355.10833333    355.07500000    357.55000000    359.56666667    360.07500000    359.92500000    360.68333333    362.38333333    362.21666667    364.19166667    365.52500000    366.22500000    367.15000000    368.08333333    368.82500000    367.69166667    369.44166667    367.93333333    370.43333333 
    370.47500000    373.69166667    375.53333333    377.28333333    380.40000000    379.40833333    378.83333333    380.00000000    382.55833333    384.54166667    384.39166667    385.10833333    386.90000000    387.86666667    388.55000000    389.24166667    391.55833333    391.67500000    391.36666667    391.97500000    392.36666667    394.14166667    394.68333333    395.50833333    396.20833333 
    398.23333333    400.20833333    400.85000000    401.78333333    402.60000000    403.46666667    403.28333333    404.85000000    408.31666667    408.12500000    409.96666667    410.42500000    412.36666667    411.94166667    413.45000000    413.94166667    416.97500000    417.40833333    417.91666667    418.22500000    420.74166667    422.68333333    422.25833333    424.35000000    425.90833333 
    427.36666667    427.95000000    430.47500000    430.19166667    431.73333333    432.62500000    433.75000000    436.62500000    437.08333333    438.42500000    439.51666667    439.53333333    441.22500000    441.08333333    442.20833333    444.24166667    445.53333333    446.82500000    446.45833333    447.95000000    449.01666667    451.92500000    452.40000000    454.13333333    456.08333333 
    458.20000000    459.84166667    461.90833333    463.02500000    464.22500000    465.27500000    465.62500000    467.20833333    469.96666667    473.14166667    471.77500000    475.18333333    475.90000000    475.90000000    478.08333333    479.37500000    481.09166667    481.83333333    483.41666667    484.26666667    486.58333333    487.66666667    488.70000000    488.49166667    491.23333333 
    491.75833333    495.77500000    494.44166667    496.40000000    498.07500000    501.00833333    501.82500000    501.67500000    505.30000000    505.50000000    507.85000000    509.06666667    512.85833333    511.66666667    511.51666667    513.78333333    512.50000000    515.43333333    515.37500000    517.45000000    517.03333333    518.45000000    520.08333333    521.28333333    525.00000000 
    523.96666667    527.45833333    529.88333333    530.50833333    531.21666667    535.23333333    536.55000000    537.10000000    538.65000000    541.90833333    543.30833333    545.80833333    545.73333333    549.11666667    551.26666667    551.79166667    553.58333333    556.00833333    557.85833333    558.70000000    559.91666667    560.91666667    562.94166667    562.36666667    564.88333333 
    565.41666667    567.68333333    569.38333333    571.06666667    572.79166667    574.90000000    575.43333333    577.26666667    579.41666667    579.45833333    582.48333333    582.88333333    585.44166667    585.97500000    588.97500000    590.43333333    590.33333333    593.27500000    593.73333333    596.20833333    596.86666667    599.20000000    600.51666667    601.20833333    602.19166667 
    604.14166667    606.10833333    610.10833333    611.29166667    611.18333333    613.33333333    615.51666667    617.88333333    619.27500000    622.50000000    623.03333333    624.10833333    627.10833333    629.65000000    630.00833333    633.10833333    633.30833333    632.73333333    634.80000000    637.54166667    639.71666667    642.30833333    640.62500000    643.23333333    644.40000000 
    646.87500000    652.42500000    652.89166667    655.17500000    656.11666667    659.35000000    659.60000000    661.24166667    663.60000000    666.46666667    669.24166667    668.76666667    669.99166667    671.87500000    672.45833333    676.74166667    680.00000000    680.14166667    682.60833333    683.20000000    683.84166667    686.53333333    688.56666667    691.41666667    691.90833333 
    694.08333333    697.10000000    699.64166667    700.99166667    702.67500000    704.15000000    707.00000000    711.14166667    711.36666667    714.66666667    717.25833333    718.77500000    720.19166667    722.17500000    724.41666667    725.35000000    728.51666667    730.73333333    731.63333333    732.24166667    734.92500000    736.80000000    739.76666667    741.85833333    742.25833333 
    745.18333333    747.26666667    749.61666667    752.68333333    756.37500000    756.70000000    761.00833333    761.34166667    765.00000000    766.11666667    767.56666667    770.62500000    773.11666667    775.40833333    775.60833333    777.78333333    781.11666667    783.95000000    785.00833333    787.55833333    788.67500000    791.53333333    794.69166667    795.63333333    798.39166667 
    800.50000000    804.14166667    805.44166667    808.16666667    810.65000000    812.40000000    814.26666667    816.10833333    818.25833333    820.25833333    822.41666667    824.55000000    827.18333333    830.77500000    831.81666667    835.80833333    836.77500000    839.52500000    841.95833333    844.61666667    846.50000000    847.15000000    851.89166667    853.25000000    854.35833333 
    856.75000000    859.35833333    863.54166667    865.17500000    867.06666667    870.15000000    871.64166667    874.75833333    876.91666667    881.22500000    884.00833333    886.20833333    890.24166667    890.94166667    893.44166667    895.30000000    898.14166667    899.89166667    901.85833333    905.50000000    905.51666667    907.07500000    912.17500000    913.70833333    916.87500000 
    920.02500000    923.36666667    925.14166667    927.61666667    929.89166667    933.87500000    936.95833333    940.70000000    943.59166667    943.43333333    948.23333333    951.27500000    953.15833333    956.45000000    958.82500000    960.79166667    962.87500000    966.09166667    969.67500000    971.90833333    975.35833333    975.74166667    978.73333333    982.20000000    985.29166667 
    988.50833333    989.81666667    993.68333333    996.20833333    999.50833333   1001.31666667   1005.00833333   1006.44166667   1009.88333333   1012.25000000   1016.67500000   1018.32500000   1021.06666667   1024.21666667   1028.19166667   1029.60000000   1031.98333333   1034.55000000   1037.91666667   1040.05000000   1042.56666667   1045.66666667   1047.45833333   1051.15833333   1052.33333333 
   1055.20833333   1058.64166667   1061.22500000   1066.22500000   1067.94166667   1070.50000000   1073.73333333   1077.42500000   1080.58333333   1084.55833333   1086.94166667   1089.41666667   1092.17500000   1094.74166667   1096.78333333   1099.45000000   1102.69166667   1106.25000000   1108.06666667   1109.97500000   1113.47500000   1116.50833333   1118.25000000   1121.03333333   1124.13333333 
   1126.73333333   1130.10000000   1133.26666667   1137.03333333   1139.06666667   1143.01666667   1145.67500000   1149.10000000   1150.68333333   1152.81666667   1155.81666667   1160.63333333   1162.77500000   1165.48333333   1168.35833333   1171.06666667   1175.27500000   1175.80000000   1181.15000000   1184.40000000   1187.71666667   1188.49166667   1192.09166667   1195.60000000   1199.60000000 
   1201.30000000   1205.22500000   1210.36666667   1210.84166667   1214.58333333   1218.15000000   1219.64166667   1223.43333333   1227.66666667   1229.85000000   1232.63333333   1236.25833333   1241.15000000   1242.80833333   1245.95000000   1249.00833333   1253.99166667   1257.11666667   1257.53333333   1259.87500000   1265.15000000   1269.22500000   1269.90833333   1272.61666667   1278.65000000 
   1278.50000000   1283.06666667   1285.92500000   1289.22500000   1293.62500000   1296.17500000   1301.46666667   1303.94166667   1307.63333333   1310.35000000   1313.26666667   1316.73333333   1320.87500000   1323.49166667   1327.19166667   1329.47500000   1334.70833333   1336.62500000   1342.21666667   1343.97500000   1348.36666667   1350.52500000   1354.55000000   1356.41666667   1360.65000000 
   1362.55833333   1368.58333333   1371.15833333   1375.69166667   1378.05000000   1381.50000000   1385.15000000   1387.60833333   1390.60000000   1393.65833333   1398.29166667   1401.45000000   1404.55833333   1409.47500000   1413.62500000   1417.07500000   1419.78333333   1423.00833333   1426.39166667   1430.35000000   1434.65833333   1436.57500000   1439.32500000   1442.27500000   1446.30000000 
   1449.35000000   1453.20833333   1456.92500000   1461.48333333   1464.30833333   1467.82500000   1470.24166667   1472.80000000   1477.29166667   1482.66666667   1486.10833333   1488.90833333   1491.75000000   1497.25833333   1499.85000000   1502.11666667   1506.15833333   1508.88333333   1512.50000000   1516.53333333   1519.07500000   1523.42500000   1527.32500000   1531.10000000   1534.98333333 
   1538.95000000   1543.06666667   1547.14166667   1550.80000000   1553.09166667   1557.80833333   1560.66666667   1563.56666667   1567.47500000   1571.63333333   1575.32500000   1578.45833333   1583.10000000   1584.95833333   1588.51666667   1593.39166667   1595.57500000   1599.90833333   1604.24166667   1606.10833333   1611.15000000   1615.30833333   1618.22500000   1621.80000000   1625.96666667 
   1629.53333333   1633.00000000   1636.03333333   1641.02500000   1645.14166667   1648.20833333   1652.40000000   1656.05000000   1660.40833333   1664.93333333   1667.85000000   1672.67500000   1676.25000000   1679.25833333   1681.75833333   1686.19166667   1689.08333333   1694.18333333   1697.34166667   1700.41666667   1704.36666667   1707.00000000   1711.55833333   1714.91666667   1716.55833333 
   1719.44166667   1723.98333333   1729.37500000   1732.21666667   1736.70833333   1740.77500000   1744.92500000   1749.28333333   1754.20833333   1757.34166667   1761.20000000   1767.05000000   1769.40000000   1772.83333333   1778.54166667   1782.45000000   1786.03333333   1789.30000000   1791.88333333   1795.74166667   1799.15833333   1802.61666667   1807.01666667   1811.95833333   1813.98333333 
   1819.17500000   1823.45833333   1825.65833333   1830.10833333   1834.47500000   1838.24166667   1841.68333333   1844.01666667   1848.10833333   1853.04166667   1856.69166667   1860.01666667   1864.06666667   1868.07500000   1871.15000000   1875.42500000   1877.50000000   1881.06666667   1885.66666667   1889.45833333   1893.45000000   1898.27500000   1900.74166667   1905.20833333   1908.77500000 
   1912.04166667   1916.21666667   1921.50000000   1924.47500000   1927.98333333   1931.39166667   1935.10000000   1938.68333333   1943.20000000   1946.52500000   1951.28333333   1955.24166667   1959.30000000   1962.05000000   1965.54166667   1969.20000000   1972.90000000   1976.32500000   1980.74166667   1985.17500000   1988.67500000   1992.42500000   1997.08333333   1999.17500000   2003.16666667 
   2007.85000000   2011.25833333   2015.34166667   2019.03333333   2022.59166667   2025.54166667   2030.16666667   2033.30000000   2038.88333333   2042.60000000   2047.33333333   2049.99166667   2054.70833333   2058.41666667   2062.83333333   2067.65000000   2071.07500000   2074.67500000   2077.04166667   2080.50000000   2083.35833333   2088.51666667   2091.63333333   2095.27500000   2098.00000000 
   2101.75833333   2108.64166667   2112.10000000   2116.61666667   2119.95833333   2123.65833333   2127.84166667   2131.35000000   2134.75833333   2138.02500000   2141.27500000   2146.96666667   2151.66666667   2154.55833333   2159.30833333   2161.83333333   2164.40833333   2168.75000000   2173.15833333   2175.94166667   2179.90000000   2183.42500000   2187.96666667   2190.54166667   2194.94166667 
   2197.79166667   2202.56666667   2206.42500000   2210.90833333   2214.88333333   2218.75000000   2221.43333333   2225.57500000   2228.60000000   2233.56666667   2237.59166667   2241.22500000   2245.59166667   2248.10833333   2252.30000000   2255.22500000   2258.00833333   2262.48333333   2266.01666667   2268.36666667   2271.70833333   2275.68333333   2279.35833333   2283.35000000   2285.83333333 
   2291.13333333   2294.56666667   2297.95833333   2302.30833333   2305.90833333   2310.85000000   2314.93333333   2319.32500000   2322.45833333   2326.60000000   2330.55833333   2335.40000000   2339.60000000   2341.76666667   2346.45000000   2349.94166667   2353.95833333   2357.20833333   2360.99166667   2364.95000000   2369.75000000   2371.51666667   2376.26666667   2380.03333333   2383.48333333 
   2389.05000000   2393.55000000   2396.93333333   2401.54166667   2404.84166667   2409.75000000   2413.65833333   2416.98333333   2420.29166667   2424.05000000   2427.34166667   2431.58333333   2435.26666667   2439.51666667   2444.36666667   2448.02500000   2450.12500000   2454.26666667   2457.44166667   2462.00833333   2466.25000000   2471.61666667   2474.90000000   2477.92500000   2481.44166667 
   2485.43333333   2490.10833333   2493.53333333   2498.08333333   2501.68333333   2504.95833333   2508.95833333   2512.95000000   2516.20000000   2520.90000000   2525.14166667   2527.44166667   2530.35000000   2534.70833333   2537.54166667   2541.85833333   2545.23333333   2549.19166667   2553.00833333   2556.89166667   2559.97500000   2563.32500000   2566.71666667   2570.57500000   2574.86666667 
   2577.77500000   2582.54166667   2586.65833333   2590.25833333   2593.20000000   2597.57500000   2600.65000000   2603.96666667   2607.54166667   2611.09166667   2616.04166667   2618.64166667   2621.75833333   2625.82500000   2629.42500000   2632.80833333   2636.49166667   2639.41666667   2643.57500000   2646.31666667   2650.69166667   2654.23333333   2657.82500000   2660.51666667   2664.62500000 
   2668.25000000   2672.26666667   2675.55000000   2679.25000000   2682.00000000   2685.67500000   2689.40833333   2693.29166667   2696.90000000   2700.02500000   2704.11666667   2708.01666667   2711.33333333   2713.94166667   2717.10000000   2721.46666667   2725.45833333   2727.60833333   2731.48333333   2734.25833333   2738.40833333   2741.80833333   2745.09166667   2748.45833333   2753.20000000 
   2756.35833333   2760.29166667   2764.21666667   2767.50000000   2771.11666667   2774.45000000   2777.92500000   2781.17500000   2785.19166667   2788.65833333   2792.17500000   2795.80000000   2798.29166667   2801.62500000   2804.63333333   2808.49166667   2811.37500000   2815.30000000   2818.06666667   2821.30000000   2825.05833333   2829.49166667   2831.83333333   2834.46666667   2838.71666667 
   2841.94166667   2845.52500000   2848.38333333   2851.61666667   2854.57500000   2857.80833333   2863.19166667   2865.89166667   2869.37500000   2872.41666667   2876.07500000   2879.95833333   2882.43333333   2885.97500000   2888.94166667   2892.75833333   2896.38333333   2899.63333333   2902.30000000   2905.45000000   2908.57500000   2912.55000000   2915.70833333   2919.12500000   2922.30000000 
   2926.79166667   2930.14166667   2933.35000000   2937.05833333   2938.98333333   2942.58333333   2946.41666667   2948.95000000   2952.31666667   2955.73333333   2959.36666667   2962.80000000   2965.33333333   2968.52500000   2971.16666667   2974.05000000   2976.70833333   2980.07500000   2982.46666667   2985.36666667   2988.82500000   2990.41666667   2994.15833333   2997.77500000   3001.57500000 
   3004.85000000   3007.71666667   3010.95833333   3014.45000000   3018.00000000   3020.25833333   3023.99166667   3027.93333333   3030.34166667   3033.79166667   3037.04166667   3040.18333333   3042.70000000   3046.15000000   3049.88333333   3052.89166667   3054.82500000   3057.65000000   3060.83333333   3065.16666667   3067.86666667   3069.56666667   3072.20833333   3074.79166667   3078.68333333 
   3081.40833333   3084.95833333   3088.15833333   3091.35833333   3094.63333333   3097.43333333   3100.85833333   3103.74166667   3106.40000000   3108.67500000   3111.97500000   3114.91666667   3117.04166667   3119.65833333   3122.25000000   3126.35833333   3128.50000000   3131.70833333   3134.32500000   3136.75833333   3139.49166667   3142.73333333   3145.76666667   3148.41666667   3151.85833333 
   3154.71666667   3158.19166667   3161.23333333   3163.63333333   3166.63333333   3169.48333333   3172.46666667   3174.82500000   3177.55000000   3180.25833333   3183.55833333   3186.05000000   3188.22500000   3191.20000000   3193.70833333   3197.13333333   3199.41666667   3202.00833333   3205.20833333   3207.54166667   3210.34166667   3212.91666667   3215.69166667   3219.10833333   3221.80000000 
   3224.25833333   3227.34166667   3229.65833333   3232.22500000   3234.90000000   3237.79166667   3239.99166667   3242.65833333   3245.23333333   3248.21666667   3250.84166667   3253.42500000   3256.74166667   3258.71666667   3261.09166667   3263.90833333   3266.41666667   3269.86666667   3272.28333333   3274.37500000   3276.40000000   3278.77500000   3281.05833333   3283.64166667   3287.20833333 
   3289.60000000   3291.55833333   3294.04166667   3297.48333333   3300.20000000   3303.14166667   3305.31666667   3307.30833333   3309.31666667   3312.68333333   3315.63333333   3318.00000000   3320.09166667   3322.63333333   3325.35833333   3328.55833333   3330.49166667   3333.14166667   3334.99166667   3336.50833333   3338.55000000   3342.06666667   3343.65833333   3346.67500000   3348.90000000 
   3350.95833333   3354.28333333   3357.15833333   3358.84166667   3361.82500000   3363.88333333   3366.58333333   3369.34166667   3371.88333333   3374.04166667   3376.81666667   3379.06666667   3381.16666667   3383.21666667   3385.10000000   3386.98333333   3390.34166667   3392.51666667   3394.50833333   3397.61666667   3399.55000000   3401.70000000   3404.33333333   3406.80000000   3408.30833333 
   3411.00833333   3413.35000000   3415.63333333   3418.44166667   3420.41666667   3422.12500000   3424.39166667   3427.61666667   3429.90000000   3432.00000000   3434.30833333   3436.40833333   3438.42500000   3441.29166667   3443.72500000   3445.47500000   3447.77500000   3450.66666667   3453.13333333   3455.51666667   3458.05000000   3460.41666667   3461.92500000   3464.53333333   3466.11666667 
   3467.55833333   3469.42500000   3470.87500000   3473.00000000   3474.98333333   3477.11666667   3478.77500000   3481.60833333   3483.57500000   3485.64166667   3488.20833333   3490.32500000   3492.49166667   3494.10000000   3496.28333333   3498.45000000   3500.69166667   3502.65833333   3504.82500000   3507.03333333   3508.63333333   3510.22500000   3512.65000000   3515.03333333   3517.45000000 
   3519.35000000   3522.00000000   3524.08333333   3525.87500000   3528.02500000   3529.38333333   3531.38333333   3533.01666667   3534.86666667   3537.64166667   3540.47500000   3542.50833333   3544.25833333   3546.51666667   3548.58333333   3549.93333333   3551.95833333   3554.20000000   3555.54166667   3556.84166667   3559.15000000   3561.22500000   3562.75000000   3564.56666667   3566.70833333 
   3567.93333333   3569.98333333   3571.93333333   3573.89166667   3575.56666667   3577.21666667   3579.32500000   3581.10000000   3582.57500000   3584.48333333   3586.75833333   3588.95833333   3590.66666667   3592.38333333   3593.79166667   3595.72500000   3597.23333333   3599.05000000   3600.73333333   3602.70000000   3604.33333333   3605.69166667   3607.30000000   3608.80833333   3611.13333333 
   3612.37500000   3614.77500000   3616.03333333   3617.62500000   3620.38333333   3622.08333333   3623.52500000   3624.91666667   3626.43333333   3628.54166667   3630.31666667   3631.57500000   3633.52500000   3634.88333333   3636.34166667   3638.24166667   3640.17500000   3641.68333333   3643.43333333   3645.49166667   3647.00000000   3648.12500000   3649.75000000   3651.78333333   3653.35833333 
   3654.23333333   3655.95833333   3657.51666667   3658.90000000   3660.80000000   3662.49166667   3663.82500000   3665.55833333   3667.00000000   3668.08333333   3669.10833333   3670.65000000   3672.19166667   3673.60833333   3675.56666667   3677.32500000   3678.74166667   3680.10000000   3682.26666667   3683.65000000   3684.95000000   3686.13333333   3687.90000000   3689.72500000   3691.08333333 
   3692.23333333   3693.63333333   3695.21666667   3696.91666667   3697.90833333   3699.48333333   3700.37500000   3702.15000000   3703.48333333   3705.20833333   3706.91666667   3708.28333333   3709.57500000   3711.03333333   3712.74166667   3714.05833333   3715.36666667   3716.56666667   3717.94166667   3719.12500000   3720.84166667   3722.67500000   3724.22500000   3725.40833333   3727.26666667 
   3728.12500000   3730.41666667   3731.34166667   3732.86666667   3734.57500000   3735.90000000   3737.05833333   3738.76666667   3740.19166667   3741.10000000   3741.77500000   3742.59166667   3744.27500000   3745.54166667   3746.92500000   3748.22500000   3749.52500000   3750.48333333   3751.95833333   3752.55000000   3753.88333333   3755.28333333   3756.85000000   3758.10000000   3759.69166667 
   3760.96666667   3762.35833333   3763.82500000   3764.80833333   3765.93333333   3766.76666667   3767.54166667   3769.03333333   3770.46666667   3772.16666667   3773.17500000   3773.65833333   3775.36666667   3776.49166667   3777.74166667   3778.73333333   3780.23333333   3781.24166667   3782.20000000   3783.32500000   3784.29166667   3785.52500000   3786.67500000   3787.61666667   3788.83333333 
   3789.66666667   3790.80000000   3791.98333333   3793.55000000   3795.11666667   3796.29166667   3797.30000000   3798.00000000   3798.95833333   3800.00000000   3801.14166667   3801.98333333   3802.97500000   3803.67500000   3804.98333333   3805.76666667   3806.80000000   3807.75833333   3808.60833333   3809.80833333   3811.20833333   3812.60000000   3813.94166667   3814.95833333   3816.23333333 
   3816.98333333   3817.96666667   3818.71666667   3819.75833333   3820.71666667   3821.46666667   3822.13333333   3822.98333333   3824.49166667   3825.49166667   3826.94166667   3827.68333333   3828.68333333   3829.51666667   3830.50833333   3831.65000000   3832.91666667   3834.02500000   3834.96666667   3835.82500000   3836.52500000   3837.66666667   3839.03333333   3840.35000000   3841.39166667 
   3842.61666667   3843.46666667   3844.35833333   3845.38333333   3846.19166667   3846.91666667   3847.86666667   3848.55833333   3850.07500000   3851.08333333   3851.50833333   3852.40000000   3853.25833333   3854.16666667   3855.36666667   3856.34166667   3857.57500000   3858.71666667   3859.37500000   3860.07500000   3861.09166667   3861.87500000   3862.50833333   3863.11666667   3864.09166667 
   3865.26666667   3865.86666667   3866.90000000   3867.97500000   3868.55833333   3869.14166667   3869.98333333   3870.74166667   3871.11666667   3871.96666667   3872.42500000   3873.69166667   3874.34166667   3874.82500000   3875.62500000   3876.53333333   3877.37500000   3878.33333333   3878.92500000   3879.56666667   3880.55833333   3881.52500000   3882.54166667   3883.58333333   3884.23333333 
   3885.06666667   3885.78333333   3886.90833333   3887.95000000   3888.75000000   3889.51666667   3890.06666667   3890.66666667   3891.53333333   3892.37500000   3893.72500000   3894.90833333   3895.24166667   3896.20000000   3896.79166667   3897.78333333   3898.53333333   3899.33333333   3899.91666667   3900.62500000   3901.20000000   3902.16666667   3902.90000000   3903.72500000   3904.40000000 
   3905.12500000   3906.13333333   3906.81666667   3907.54166667   3908.06666667   3908.79166667   3909.81666667   3909.96666667   3911.01666667   3911.68333333   3912.42500000   3913.37500000   3913.45000000   3913.95833333   3915.17500000   3915.93333333   3916.67500000   3917.41666667   3917.95833333   3918.69166667   3919.68333333   3920.19166667   3920.85000000   3921.65000000   3922.59166667 
   3922.88333333   3923.12500000   3923.58333333   3923.93333333   3924.73333333   3925.50833333   3926.18333333   3927.07500000   3927.50833333   3927.92500000   3928.69166667   3929.55833333   3930.20833333   3930.40833333   3931.29166667   3931.86666667   3932.63333333   3932.90000000   3933.60000000   3933.92500000   3934.40000000   3934.87500000   3935.13333333   3935.65833333   3935.98333333 
   3936.34166667   3936.82500000   3937.52500000   3937.70833333   3938.53333333   3938.81666667   3939.68333333   3940.13333333   3940.53333333   3940.90000000   3941.65000000   3942.23333333   3942.79166667   3943.00833333   3943.60000000   3944.29166667   3944.41666667   3944.92500000   3945.14166667   3945.63333333   3946.09166667   3946.73333333   3947.39166667   3947.85833333   3948.45000000 
   3949.22500000   3949.73333333   3950.05833333   3950.51666667   3950.93333333   3951.36666667   3952.06666667   3952.30833333   3952.76666667   3953.30000000   3953.81666667   3954.11666667   3954.66666667   3955.19166667   3955.95833333   3956.24166667   3956.48333333   3956.90000000   3957.25000000   3957.70833333   3958.04166667   3958.66666667   3959.15000000   3959.65000000   3960.56666667 
   3960.99166667   3961.09166667   3961.75833333   3962.39166667   3962.64166667   3963.41666667   3963.91666667   3964.29166667   3964.88333333   3965.34166667   3966.00833333   3966.08333333   3966.17500000   3966.53333333   3966.98333333   3967.35833333   3967.92500000   3968.50000000   3968.98333333   3968.90833333   3969.08333333   3969.86666667   3970.16666667   3970.40833333   3970.80000000 
   3971.08333333   3971.48333333   3971.82500000   3972.16666667   3972.39166667   3973.05000000   3973.12500000   3974.08333333   3974.49166667   3974.46666667   3974.54166667   3974.95833333   3975.24166667   3975.14166667   3975.38333333   3975.51666667   3975.88333333   3976.25833333   3976.35000000   3976.90833333   3977.45000000   3977.61666667   3978.37500000   3978.20833333   3978.37500000 
   3978.70833333   3979.08333333   3979.47500000   3979.79166667   3980.17500000   3980.54166667   3980.76666667   3981.10000000   3981.47500000   3981.78333333   3981.95833333   3982.36666667   3982.56666667   3982.88333333   3983.59166667   3983.46666667   3983.90833333   3984.21666667   3984.61666667   3984.65000000   3984.95833333   3984.91666667   3985.10833333   3985.43333333   3985.86666667 
   3986.20833333   3986.20000000   3986.28333333   3986.72500000   3986.85000000   3987.28333333   3987.53333333   3987.60833333   3987.84166667   3988.26666667   3988.41666667   3989.10833333   3989.51666667   3989.45833333   3989.85000000   3989.98333333   3990.05000000   3990.38333333   3990.54166667   3990.92500000   3991.17500000   3991.40000000   3991.61666667   3992.16666667   3992.03333333 
   3992.41666667   3992.65833333   3992.62500000   3992.92500000   3992.98333333   3993.15000000   3993.17500000   3993.42500000   3993.38333333   3993.57500000   3993.63333333   3994.10000000   3994.12500000   3994.37500000   3994.51666667   3994.46666667   3994.79166667   3994.99166667   3995.36666667   3995.55833333   3995.73333333   3995.96666667   3996.15833333   3996.04166667   3996.10833333 
   3996.13333333   3996.46666667   3996.54166667   3996.60833333   3996.69166667   3996.88333333   3996.85000000   3997.45833333   3997.35833333   3997.95000000   3998.35833333   3998.17500000   3998.30000000   3998.33333333   3998.40000000   3998.44166667   3998.81666667   3999.14166667   3999.19166667   3999.13333333   3999.30000000   3999.26666667   3999.37500000   3999.75000000   3999.98333333 
   3999.77500000   3999.81666667   3999.65000000   4000.10833333   3999.92500000   3999.95833333   4000.05833333   4000.05000000   4000.30833333   4000.21666667   4000.32500000   4000.17500000   4000.27500000   4000.42500000   4000.65833333   4000.70000000   4000.72500000   4000.87500000   4000.65833333   4001.03333333   4001.00833333   4000.96666667   4001.13333333   4001.29166667   4001.40000000 
   4001.80000000   4001.75833333   4001.79166667   4002.02500000   4002.01666667   4001.83333333   4002.13333333   4002.17500000   4002.54166667   4002.72500000   4002.51666667   4002.34166667   4002.22500000   4002.17500000   4002.39166667   4002.42500000   4002.51666667   4002.47500000   4002.76666667   4002.65833333   4003.09166667   4003.37500000   4003.40833333   4003.28333333   4003.21666667 
   4003.05833333   4003.25000000   4003.00000000   4002.92500000   4003.36666667   4003.33333333   4003.31666667   4003.56666667   4003.59166667   4003.73333333   4003.61666667   4003.31666667   4003.27500000   4002.98333333   4003.20833333   4003.09166667   4003.41666667   4003.30833333   4003.27500000   4003.21666667   4003.45000000   4003.31666667   4003.48333333   4003.46666667   4003.36666667 
   4003.83333333   4004.14166667   4004.22500000   4004.49166667   4004.61666667   4004.41666667   4004.27500000   4004.31666667   4004.29166667   4004.31666667   4004.16666667   4004.07500000   4004.00000000   4003.68333333   4003.88333333   4003.72500000   4003.51666667   4003.31666667   4003.36666667   4003.48333333   4003.72500000   4003.55833333   4003.53333333   4003.15833333   4003.34166667 
   4003.33333333   4003.11666667   4003.37500000   4003.20000000   4003.12500000   4002.80000000   4002.30833333   4002.40833333   4002.35000000   4002.39166667   4002.10000000   4001.99166667   4001.81666667   4001.50000000   4001.65000000   4001.69166667   4001.46666667   4001.47500000   4001.30833333   4001.45000000   4001.00833333   4001.10833333   4000.68333333   4000.70833333   4000.77500000 
   4000.65833333   4000.12500000   4000.06666667   4000.10000000   3999.86666667   3999.60833333   3999.25833333   3998.93333333   3998.82500000   3998.77500000   3998.80833333   3998.50833333   3998.21666667   3998.15833333   3998.00833333   3997.75000000   3997.72500000   3997.61666667   3997.39166667   3997.12500000   3997.49166667   3997.55833333   3997.05000000   3997.30000000   3997.30833333 
   3996.91666667   3996.78333333   3996.70833333   3996.19166667   3996.27500000   3996.28333333   3996.41666667   3996.06666667   3995.90000000   3995.74166667   3995.78333333   3995.52500000   3995.17500000   3995.27500000   3994.92500000   3994.73333333   3994.26666667   3994.15000000   3994.15000000   3993.98333333   3993.71666667   3993.45000000   3993.61666667   3993.04166667   3993.23333333 
   3993.14166667   3992.80000000   3992.24166667   3992.33333333   3992.15000000   3992.05000000   3991.81666667   3991.69166667   3991.45833333   3991.18333333   3991.07500000   3991.00833333   3990.70000000   3990.83333333   3990.49166667   3990.36666667   3990.12500000   3989.68333333   3989.50833333   3989.23333333   3988.99166667   3988.81666667   3988.70833333   3988.56666667   3987.90833333 
   3987.58333333   3987.65833333   3987.28333333   3986.73333333   3986.70000000   3986.60000000   3986.10833333   3985.88333333   3985.45833333   3985.26666667   3985.34166667   3984.72500000   3984.37500000   3983.99166667   3983.49166667   3983.41666667   3983.10833333   3982.82500000   3982.55000000   3982.23333333   3981.69166667   3981.42500000   3980.99166667   3980.73333333   3980.51666667 
   3980.17500000   3979.51666667   3979.55833333   3979.10000000   3978.54166667   3978.42500000   3977.83333333   3977.75000000   3977.83333333   3977.70833333   3976.99166667   3977.19166667   3976.72500000   3976.92500000   3976.32500000   3976.31666667   3976.10833333   3975.87500000   3975.50833333   3975.30833333   3974.81666667   3974.50000000   3973.98333333   3973.44166667   3973.31666667 
   3973.30833333   3973.25833333   3972.64166667   3972.30000000   3971.97500000   3972.02500000   3971.66666667   3971.42500000   3970.84166667   3970.74166667   3970.10833333   3969.70000000   3969.25833333   3968.74166667   3968.65833333   3968.20000000   3967.41666667   3967.09166667   3966.69166667   3966.43333333   3966.25000000   3965.85833333   3965.11666667   3964.54166667   3964.81666667 
   3964.51666667   3963.82500000   3963.40833333   3963.16666667   3962.82500000   3962.15833333   3961.61666667   3961.33333333   3960.47500000   3959.96666667   3959.84166667   3959.38333333   3958.97500000   3958.12500000   3957.51666667   3956.95000000   3956.52500000   3956.07500000   3955.82500000   3955.15833333   3955.53333333   3954.59166667   3954.35833333   3953.90000000   3953.33333333 
   3953.11666667   3952.36666667   3952.14166667   3951.65000000   3950.91666667   3950.60000000   3950.59166667   3950.33333333   3949.64166667   3949.35000000   3948.86666667   3948.45833333   3948.27500000   3947.56666667   3947.10833333   3946.69166667   3946.04166667   3945.57500000   3945.23333333   3944.76666667   3944.47500000   3943.81666667   3943.50833333   3942.85833333   3942.39166667 
   3942.39166667   3941.68333333   3941.00000000   3940.37500000   3940.03333333   3939.24166667   3938.63333333   3937.83333333   3937.28333333   3936.21666667   3936.10000000   3935.64166667   3935.22500000   3934.59166667   3933.67500000   3933.05833333   3932.29166667   3931.76666667   3931.28333333   3930.44166667   3930.00000000   3929.12500000   3928.45000000   3928.29166667   3927.81666667 
   3927.15833333   3926.81666667   3926.30000000   3925.35000000   3924.45833333   3924.08333333   3923.64166667   3923.05000000   3922.00833333   3921.57500000   3921.32500000   3920.82500000   3919.57500000   3918.82500000   3918.08333333   3917.69166667   3917.61666667   3916.53333333   3916.65833333   3915.71666667   3915.33333333   3915.10000000   3914.06666667   3913.26666667   3913.15833333 
   3911.95833333   3911.30833333   3910.80000000   3910.31666667   3909.45833333   3908.61666667   3907.84166667   3906.79166667   3906.55000000   3905.60833333   3904.53333333   3903.52500000   3902.97500000   3902.25833333   3901.37500000   3900.75000000   3900.11666667   3899.11666667   3898.25000000   3897.60833333   3896.90833333   3896.20833333   3895.69166667   3894.80000000   3894.15833333 
   3892.81666667   3892.15000000   3891.14166667   3889.74166667   3889.13333333   3888.88333333   3888.59166667   3888.05000000   3887.20000000   3886.20000000   3884.77500000   3884.22500000   3883.47500000   3883.22500000   3882.57500000   3882.05000000   3881.50000000   3880.65833333   3879.71666667   3878.23333333   3877.46666667   3876.42500000   3875.82500000   3874.80833333   3874.29166667 
   3873.60833333   3872.54166667   3871.65000000   3870.55833333   3870.62500000   3870.31666667   3868.77500000   3867.92500000   3867.10000000   3866.01666667   3865.27500000   3864.40833333   3863.80833333   3862.32500000   3861.25833333   3860.65000000   3859.64166667   3858.72500000   3858.03333333   3856.91666667   3856.10833333   3855.46666667   3854.48333333   3853.24166667   3852.54166667 
   3851.57500000   3850.70833333   3849.29166667   3848.40000000   3847.14166667   3846.14166667   3844.89166667   3843.98333333   3842.81666667   3841.64166667   3840.26666667   3839.62500000   3838.53333333   3837.13333333   3836.00833333   3834.41666667   3833.15833333   3832.05833333   3831.00833333   3829.96666667   3828.75000000   3827.77500000   3826.95833333   3826.29166667   3825.37500000 
   3824.34166667   3823.71666667   3822.52500000   3821.71666667   3819.95833333   3819.62500000   3818.15833333   3816.95000000   3816.10000000   3814.40833333   3813.43333333   3812.11666667   3811.40000000   3810.52500000   3808.85833333   3808.05000000   3807.00833333   3805.40833333   3804.09166667   3802.26666667   3801.86666667   3800.87500000   3799.39166667   3797.92500000   3796.65000000 
   3795.59166667   3794.58333333   3793.08333333   3792.17500000   3790.31666667   3789.14166667   3787.55833333   3786.45000000   3785.23333333   3784.00000000   3782.06666667   3780.33333333   3779.70000000   3778.35000000   3777.33333333   3776.03333333   3774.75000000   3773.81666667   3771.69166667   3770.29166667   3768.99166667   3767.65833333   3766.45000000   3765.49166667   3763.82500000 
   3762.60000000   3760.81666667   3758.70000000   3758.02500000   3756.84166667   3755.05000000   3754.20000000   3752.36666667   3750.71666667   3749.30000000   3747.81666667   3746.19166667   3745.14166667   3743.68333333   3742.80000000   3741.12500000   3739.47500000   3738.61666667   3737.63333333   3735.68333333   3734.30833333   3732.57500000   3731.38333333   3730.39166667   3728.93333333 
   3727.45833333   3725.77500000   3723.45833333   3722.41666667   3720.50833333   3718.30000000   3717.10000000   3715.11666667   3713.12500000   3711.15000000   3709.25000000   3707.05833333   3704.96666667   3702.95000000   3701.11666667   3699.33333333   3698.19166667   3695.60833333   3694.17500000   3692.40833333   3691.76666667   3689.84166667   3688.58333333   3687.17500000   3685.06666667 
   3683.36666667   3680.70833333   3678.85000000   3676.49166667   3674.98333333   3672.67500000   3670.90000000   3668.69166667   3666.80000000   3664.92500000   3663.08333333   3660.97500000   3658.90000000   3656.92500000   3655.95833333   3654.52500000   3652.03333333   3650.19166667   3648.69166667   3646.24166667   3644.00833333   3642.49166667   3640.29166667   3638.04166667   3636.56666667 
   3634.44166667   3632.00000000   3630.15833333   3628.52500000   3626.42500000   3625.19166667   3621.96666667   3619.82500000   3617.82500000   3615.92500000   3613.53333333   3611.21666667   3609.00833333   3606.88333333   3604.87500000   3602.96666667   3600.00833333   3597.87500000   3595.68333333   3593.75000000   3591.78333333   3589.32500000   3587.40000000   3585.64166667   3583.99166667 
   3581.72500000   3578.85000000   3577.26666667   3574.67500000   3572.24166667   3569.32500000   3566.80000000   3564.57500000   3562.56666667   3560.12500000   3558.37500000   3556.99166667   3554.85000000   3551.52500000   3549.86666667   3547.79166667   3545.12500000   3542.67500000   3540.27500000   3537.99166667   3535.90000000   3533.93333333   3531.57500000   3528.84166667   3527.40000000 
   3524.70833333   3521.65000000   3518.10833333   3516.27500000   3513.03333333   3510.13333333   3506.33333333   3503.25000000   3500.03333333   3497.70833333   3494.60833333   3492.42500000   3489.43333333   3486.95833333   3483.64166667   3481.88333333   3479.28333333   3476.55833333   3474.11666667   3471.78333333   3469.43333333   3466.40000000   3463.83333333   3461.24166667   3458.18333333 
   3455.92500000   3452.62500000   3449.66666667   3446.76666667   3443.93333333   3440.13333333   3437.27500000   3435.64166667   3432.37500000   3428.76666667   3426.70833333   3423.69166667   3420.56666667   3417.95833333   3413.75000000   3410.99166667   3408.60833333   3405.64166667   3403.04166667   3399.70000000   3396.28333333   3393.37500000   3391.40833333   3388.42500000   3385.11666667 
   3381.88333333   3379.05833333   3375.04166667   3372.84166667   3369.36666667   3367.00000000   3363.05000000   3360.48333333   3357.03333333   3353.60000000   3349.89166667   3346.25833333   3343.75833333   3340.66666667   3338.12500000   3334.83333333   3330.63333333   3327.30833333   3322.81666667   3319.55833333   3316.98333333   3313.35000000   3309.75000000   3307.70833333   3304.63333333 
   3300.34166667   3295.85833333   3291.93333333   3288.69166667   3285.04166667   3280.20833333   3276.32500000   3272.65000000   3268.45833333   3264.49166667   3260.53333333   3256.60000000   3254.07500000   3250.75833333   3246.86666667   3242.37500000   3239.23333333   3235.15000000   3231.49166667   3227.44166667   3223.27500000   3219.44166667   3215.29166667   3210.77500000   3207.95000000 
   3204.61666667   3200.05833333   3195.27500000   3190.69166667   3186.40833333   3182.17500000   3178.17500000   3174.03333333   3170.35000000   3165.94166667   3161.48333333   3157.01666667   3152.01666667   3148.29166667   3143.06666667   3138.99166667   3134.40833333   3130.80833333   3125.75833333   3121.86666667   3118.21666667   3113.05833333   3109.28333333   3104.97500000   3100.49166667 
   3095.45833333   3090.05833333   3086.70000000   3080.99166667   3077.49166667   3072.42500000   3067.10833333   3062.87500000   3058.19166667   3053.83333333   3049.60000000   3044.91666667   3041.49166667   3036.63333333   3031.77500000   3026.09166667   3020.62500000   3016.61666667   3011.60833333   3007.08333333   3003.70833333   2998.89166667   2994.30833333   2990.79166667   2985.37500000 
   2980.74166667   2975.02500000   2969.74166667   2964.67500000   2957.79166667   2953.30000000   2947.35000000   2942.98333333   2937.70000000   2932.41666667   2926.78333333   2922.04166667   2918.03333333   2911.10000000   2907.07500000   2902.40000000   2897.49166667   2892.18333333   2886.09166667   2881.46666667   2875.60000000   2871.36666667   2866.20833333   2860.43333333   2855.61666667 
   2851.90000000   2845.66666667   2839.49166667   2835.07500000   2828.80833333   2822.31666667   2816.73333333   2810.98333333   2806.19166667   2800.29166667   2795.57500000   2788.92500000   2783.40833333   2776.72500000   2772.00000000   2764.95000000   2759.17500000   2753.93333333   2749.10833333   2743.25000000   2736.75833333   2730.99166667   2725.36666667   2718.99166667   2714.21666667 
   2709.59166667   2704.20000000   2697.75833333   2691.00000000   2684.15833333   2678.36666667   2671.50000000   2664.78333333   2658.62500000   2652.78333333   2647.63333333   2641.10000000   2634.75000000   2628.45833333   2620.59166667   2614.88333333   2608.90833333   2602.39166667   2596.73333333   2589.84166667   2584.79166667   2579.27500000   2573.88333333   2566.78333333   2562.57500000 
   2555.92500000   2550.19166667   2541.45833333   2535.82500000   2528.07500000   2522.14166667   2515.44166667   2508.51666667   2501.63333333   2493.32500000   2486.25833333   2480.73333333   2473.75000000   2467.61666667   2459.62500000   2453.37500000   2446.00833333   2439.00000000   2432.32500000   2426.67500000   2419.43333333   2411.70000000   2407.25833333   2400.00833333   2392.82500000 
   2387.08333333   2379.34166667   2373.43333333   2365.23333333   2358.37500000   2350.64166667   2342.05833333   2335.41666667   2329.25000000   2321.30833333   2313.65000000   2307.15000000   2300.09166667   2292.87500000   2286.26666667   2279.11666667   2271.70833333   2264.63333333   2256.31666667   2250.90000000   2243.87500000   2237.15833333   2228.95833333   2221.38333333   2215.39166667 
   2209.87500000   2202.17500000   2192.57500000   2184.51666667   2178.34166667   2170.90000000   2164.66666667   2157.29166667   2148.97500000   2140.70000000   2133.45000000   2126.89166667   2120.63333333   2111.85833333   2104.25833333   2096.20000000   2089.60000000   2081.94166667   2075.80833333   2069.94166667   2061.28333333   2053.60833333   2046.22500000   2039.36666667   2033.33333333 
   2026.75000000   2018.33333333   2010.29166667   2001.57500000   1994.06666667   1987.19166667   1980.38333333   1971.25833333   1964.83333333   1957.99166667   1950.21666667   1942.98333333   1936.52500000   1927.72500000   1919.20833333   1911.97500000   1904.85833333   1896.93333333   1889.63333333   1883.43333333   1874.17500000   1867.23333333   1859.99166667   1852.55833333   1846.06666667 
   1837.78333333   1828.61666667   1821.79166667   1814.99166667   1805.83333333   1797.90000000   1788.12500000   1780.39166667   1773.64166667   1764.10833333   1756.21666667   1747.68333333   1741.42500000   1731.76666667   1724.35000000   1716.68333333   1709.97500000   1701.35833333   1693.54166667   1685.45000000   1680.09166667   1671.39166667   1664.47500000   1656.63333333   1648.06666667 
   1641.45000000   1632.68333333   1625.38333333   1616.95000000   1609.05000000   1602.05000000   1593.88333333   1586.74166667   1579.44166667   1572.15833333   1564.17500000   1557.14166667   1549.60000000   1541.19166667   1533.34166667   1526.25000000   1516.99166667   1510.10833333   1502.05000000   1495.42500000   1487.06666667   1480.32500000   1471.90833333   1462.95000000   1455.51666667 
   1448.74166667   1440.23333333   1432.65833333   1424.95000000   1417.56666667   1408.78333333   1401.72500000   1394.25833333   1385.70833333   1378.55833333   1370.65833333   1363.25833333   1356.20833333   1348.53333333   1341.96666667   1335.04166667   1326.32500000   1319.26666667   1312.84166667   1307.09166667   1299.01666667   1292.78333333   1285.35833333   1278.04166667   1271.15000000 
   1264.01666667   1255.73333333   1247.74166667   1240.90000000   1233.00000000   1225.83333333   1218.91666667   1209.70000000   1203.06666667   1195.42500000   1189.05833333   1181.06666667   1173.73333333   1166.34166667   1160.00000000   1151.85833333   1145.25000000   1136.61666667   1128.95000000   1122.30000000   1115.08333333   1108.59166667   1101.32500000   1093.10833333   1084.45833333 
   1078.40833333   1070.97500000   1063.59166667   1055.90000000   1049.60833333   1042.90833333   1035.39166667   1029.30000000   1021.75833333   1014.50833333   1008.83333333   1000.32500000    994.51666667    987.06666667    981.22500000    973.22500000    967.70833333    961.84166667    955.06666667    948.90833333    942.42500000    934.32500000    930.42500000    923.13333333    916.61666667 
    909.97500000    903.10833333    895.77500000    889.78333333    882.05000000    876.83333333    870.43333333    863.40000000    857.32500000    850.42500000    843.20000000    838.91666667    833.73333333    827.70000000    820.60833333    815.76666667    809.40000000    803.23333333    797.36666667    791.00833333    785.47500000    779.86666667    774.62500000    768.88333333    763.11666667 
    756.00000000    750.13333333    744.89166667    738.20833333    734.32500000    727.95833333    720.96666667    715.73333333    710.38333333    703.98333333    698.39166667    692.30000000    685.54166667    681.37500000    675.91666667    670.21666667    664.98333333    660.38333333    656.45000000    651.01666667    645.67500000    640.23333333    635.78333333    630.78333333    626.97500000 
    621.77500000    615.86666667    611.55833333    603.71666667    598.17500000    595.15000000    587.19166667    583.38333333    578.36666667    573.86666667    567.50833333    563.13333333    558.33333333    553.68333333    548.26666667    544.02500000    542.89166667    535.18333333    532.40000000    529.08333333    521.60000000    518.89166667    515.48333333    510.10833333    506.47500000 
    503.52500000    499.34166667    494.35833333    490.07500000    485.70000000    483.15833333    478.59166667    474.85833333    470.73333333    467.40833333    462.55000000    458.35833333    456.53333333    452.43333333    448.97500000    444.65000000    440.26666667    439.07500000    435.20000000    431.80833333    428.70000000    423.98333333    422.17500000    417.51666667    413.53333333 
    410.77500000    406.49166667    403.66666667    400.32500000    397.15833333    392.85000000    389.07500000    387.09166667    383.75000000    379.38333333    377.24166667    373.60833333    370.71666667    367.30833333    365.25833333    361.14166667    358.95833333    354.71666667    352.63333333    350.89166667    346.58333333    344.30000000    342.11666667    338.86666667    336.62500000 
    333.35000000    331.96666667    327.75000000    325.65000000    320.69166667    318.90833333    318.33333333    314.89166667    312.47500000    309.87500000    306.71666667    305.27500000    301.72500000    298.85833333    298.14166667    295.82500000    294.23333333    290.55000000    291.54166667    289.00000000    287.10000000    284.45833333    281.21666667    279.45833333    278.15833333 
    276.25833333    272.50000000    271.25833333    269.33333333    266.45833333    265.03333333    261.88333333    260.50000000    260.35000000    257.98333333    257.21666667    253.95833333    251.88333333    248.20000000    247.61666667    246.35000000    244.00000000    242.35833333    240.37500000    239.10833333    238.42500000    237.44166667    235.70000000    234.51666667    232.52500000 
    232.37500000    228.30833333    227.32500000    225.68333333    223.32500000    222.29166667    220.75833333    217.40000000    217.77500000    216.61666667    213.55833333    211.51666667    211.52500000    211.05833333    209.80000000    207.78333333    208.98333333    207.92500000    204.93333333    204.33333333    205.10833333    203.77500000    199.37500000    199.08333333    199.82500000 
    197.44166667    196.76666667    196.16666667    194.13333333    192.20000000    190.80833333    189.51666667    189.01666667    187.90833333    187.73333333    188.01666667    187.69166667    185.85833333    184.43333333    183.42500000    182.53333333    179.73333333    180.56666667    179.73333333    178.90000000    178.44166667    177.74166667    178.46666667    176.30833333    175.36666667 
    175.48333333    173.51666667    173.73333333    171.78333333    171.29166667    169.11666667    169.47500000    169.60000000    168.07500000    168.57500000    165.81666667    165.75833333    165.92500000    166.43333333    165.56666667    163.95833333    162.67500000    162.47500000    163.16666667    163.36666667    160.70833333    160.43333333    160.27500000    159.23333333    159.64166667 
    158.64166667    156.66666667    155.00000000    154.99166667    154.80833333    154.38333333    154.51666667    153.72500000    153.05833333    152.86666667    151.95833333    151.35833333    149.97500000    150.58333333    147.55000000    149.21666667    150.68333333    149.22500000    149.09166667    149.70833333    150.67500000    148.61666667    147.81666667    146.86666667    148.22500000 
    149.07500000    145.20000000    145.77500000    146.30000000    146.85000000    144.21666667    144.87500000    144.70000000    144.49166667    144.16666667    143.20000000    141.32500000    140.79166667    140.30000000    140.87500000    139.35000000    140.44166667    140.83333333    139.95000000    139.60000000    140.50000000    139.27500000    138.93333333    137.40833333    137.73333333 
    137.58333333    135.24166667    134.50833333    135.02500000    134.13333333    134.05833333    133.68333333    132.60000000    132.56666667    130.51666667    132.05833333    131.08333333    131.30000000    130.47500000    131.22500000    132.55000000    132.35833333    131.09166667    132.00833333    131.70000000    129.61666667    130.19166667    130.57500000    129.59166667    131.95833333 
    130.63333333    130.55000000    128.48333333    128.41666667    128.28333333    128.84166667    127.90833333    126.96666667    127.60000000    127.61666667    127.30833333    127.42500000    126.92500000    126.00000000    126.85833333    125.03333333    127.51666667    127.84166667    127.19166667    127.55000000    125.37500000    126.06666667    126.15000000    125.45000000    125.09166667 
    125.13333333    123.50833333    122.30000000    121.37500000    121.07500000    122.45833333    121.00000000    120.25833333    120.45833333    120.39166667    120.24166667    119.52500000    119.41666667    120.01666667    119.20833333    119.68333333    117.16666667    116.35833333    118.83333333    116.51666667    117.50000000    117.26666667    115.97500000    117.55000000    117.84166667 
    117.38333333    116.59166667    116.60000000    115.28333333    116.48333333    117.62500000    115.49166667    113.99166667    114.81666667    114.71666667    113.39166667    114.72500000    114.25833333    114.51666667    114.86666667    114.05000000    115.76666667    114.78333333    115.63333333    115.58333333    114.82500000    114.02500000    113.45833333    113.97500000    112.40000000 
    112.47500000    110.99166667    110.93333333    109.38333333    109.93333333    109.74166667    108.70000000    109.70833333    108.50000000    109.14166667    110.60833333    109.64166667    109.53333333    110.41666667    109.96666667    109.71666667    111.02500000    110.18333333    110.35000000    109.40833333    108.16666667    108.30000000    108.95000000    107.48333333    107.46666667 
    108.83333333    105.49166667    106.40833333    106.45833333    106.19166667    105.21666667    106.06666667    103.23333333    105.19166667    103.56666667    103.90000000    104.33333333    102.84166667    103.76666667    103.65000000    104.44166667    104.13333333    103.72500000    103.95000000    105.10833333    104.71666667    103.71666667    105.83333333    104.26666667    104.81666667 
    103.53333333    103.17500000    102.14166667    101.59166667    101.53333333    101.21666667    100.04166667    101.04166667    100.31666667    101.42500000    100.46666667    100.30833333     99.33333333     99.93333333     98.88333333     98.40000000     99.90000000     98.67500000     96.98333333     98.13333333     97.33333333     97.40000000     98.16666667     99.09166667     98.41666667 
     96.59166667     96.40000000     96.33333333     96.31666667     96.75000000     96.98333333     95.80000000     95.15833333     96.35833333     94.87500000     96.25833333     94.64166667     93.53333333     94.05833333     94.40833333     94.85833333     95.43333333     94.95000000     95.52500000     94.87500000     94.86666667     93.92500000     93.94166667     92.05833333     92.95833333 
     93.45833333     93.02500000     90.90833333     90.95000000     92.55833333     91.87500000     91.60000000     93.10000000     92.37500000     92.27500000     93.50000000     91.35000000     92.56666667     93.22500000     93.00000000     93.13333333     91.96666667     93.35833333     92.50000000     92.65000000     92.36666667     93.02500000     93.20833333     92.05000000     93.85833333 
