      0.00000000     46.90833333     47.18333333     47.03333333     47.71666667     47.30833333     46.94166667     48.45833333     47.62500000     47.64166667     47.27500000     48.20000000     48.13333333     48.03333333     48.15833333     48.30000000     47.34166667     48.65833333     47.04166667     47.83333333     46.30833333     48.43333333     48.29166667     48.10833333     48.02500000 
     49.00000000     48.85000000     47.66666667     47.96666667     47.30833333     47.90833333     48.55833333     47.79166667     49.28333333     48.09166667     48.16666667     48.80833333     48.16666667     48.34166667     47.20833333     48.97500000     48.33333333     48.23333333     47.72500000     49.00000000     48.78333333     47.33333333     49.11666667     48.76666667     48.74166667 
     47.55833333     49.22500000     49.14166667     48.75833333     49.04166667     50.14166667     50.08333333     48.78333333     49.15833333     49.67500000     48.75833333     50.70000000     48.05000000     48.82500000     49.31666667     49.52500000     48.68333333     49.29166667     48.90833333     48.75833333     49.86666667     49.09166667     49.13333333     48.70833333     48.70833333 
     49.66666667     49.01666667     48.90833333     49.06666667     48.83333333     49.97500000     50.23333333     50.48333333     49.35000000     50.78333333     49.00833333     50.12500000     50.12500000     49.30833333     50.57500000     50.27500000     49.90833333     50.75000000     49.14166667     50.33333333     48.83333333     49.27500000     49.83333333     50.67500000     50.10000000 
     49.73333333     49.35000000     51.53333333     50.97500000     50.02500000     50.27500000     50.58333333     50.96666667     50.55000000     50.59166667     50.74166667     50.09166667     51.30833333     50.04166667     50.88333333     50.15000000     51.08333333     51.12500000     50.33333333     50.38333333     50.23333333     51.01666667     49.90000000     50.71666667     50.94166667 
     51.32500000     51.27500000     51.11666667     50.45833333     49.46666667     50.88333333     51.66666667     52.42500000     51.96666667     52.02500000     51.25833333     52.20000000     52.29166667     52.69166667     51.11666667     51.55833333     51.60833333     51.75833333     50.47500000     51.62500000     51.59166667     52.30833333     50.47500000     52.02500000     51.28333333 
     51.75833333     51.56666667     52.32500000     52.43333333     51.65000000     52.29166667     50.99166667     52.93333333     51.98333333     52.23333333     52.28333333     51.46666667     51.53333333     51.98333333     50.61666667     51.96666667     53.45833333     52.16666667     52.07500000     51.02500000     52.50833333     51.27500000     52.75833333     51.69166667     52.23333333 
     52.00000000     52.55000000     51.50000000     53.39166667     53.14166667     52.45000000     54.64166667     52.65000000     52.27500000     53.81666667     51.83333333     52.96666667     53.05833333     53.17500000     51.79166667     53.74166667     52.80833333     53.20000000     53.75833333     54.49166667     52.70833333     53.51666667     54.00000000     51.49166667     52.57500000 
     52.40000000     53.41666667     53.58333333     53.26666667     53.60000000     53.47500000     52.45833333     52.35833333     53.91666667     53.93333333     54.40833333     54.29166667     53.70000000     53.68333333     53.77500000     53.45000000     53.95000000     53.27500000     53.85000000     53.48333333     53.75000000     54.00000000     53.62500000     52.77500000     53.45000000 
     54.55833333     54.93333333     54.83333333     54.39166667     54.51666667     55.49166667     54.41666667     54.21666667     54.52500000     54.58333333     54.36666667     54.68333333     54.12500000     54.25000000     54.90000000     54.41666667     54.11666667     54.48333333     56.00833333     53.44166667     55.70833333     55.45833333     54.69166667     54.85833333     53.72500000 
     55.61666667     54.69166667     54.23333333     56.30000000     55.89166667     55.45000000     55.45833333     56.41666667     54.94166667     55.44166667     55.41666667     55.61666667     54.74166667     54.26666667     55.84166667     56.68333333     54.75833333     55.85833333     54.16666667     54.75833333     54.35000000     55.46666667     56.37500000     54.65000000     55.52500000 
     54.95000000     56.50000000     55.56666667     54.32500000     55.06666667     56.85833333     55.31666667     56.71666667     55.20000000     56.27500000     55.40833333     56.54166667     55.65833333     54.96666667     56.68333333     56.02500000     55.06666667     55.95000000     57.10000000     56.32500000     55.90000000     55.08333333     55.66666667     55.98333333     56.22500000 
     55.86666667     56.09166667     56.69166667     57.76666667     56.49166667     58.23333333     55.51666667     56.85833333     56.15000000     56.89166667     57.51666667     57.37500000     57.45000000     57.47500000     57.65000000     56.75833333     57.42500000     56.70833333     56.85833333     57.29166667     56.75833333     57.00000000     56.75833333     56.22500000     56.85000000 
     57.68333333     56.49166667     59.31666667     58.65833333     57.94166667     56.49166667     57.92500000     58.12500000     58.27500000     57.50833333     58.70833333     56.84166667     58.23333333     58.58333333     59.57500000     56.69166667     58.71666667     58.33333333     58.20833333     57.36666667     57.80000000     58.60000000     57.08333333     58.23333333     57.35833333 
     58.71666667     58.21666667     57.87500000     59.01666667     57.45000000     58.29166667     59.13333333     59.00833333     58.45000000     59.51666667     58.68333333     58.05833333     58.33333333     59.41666667     59.08333333     58.11666667     58.99166667     57.55000000     58.70000000     58.05000000     59.05833333     58.54166667     58.05833333     57.56666667     57.54166667 
     59.54166667     58.55833333     60.45000000     58.64166667     59.81666667     59.01666667     59.85833333     58.82500000     59.03333333     59.21666667     58.60000000     59.80833333     59.09166667     59.55833333     59.53333333     60.31666667     59.87500000     60.00000000     59.84166667     60.05833333     59.35000000     59.44166667     60.45833333     59.93333333     59.96666667 
     59.43333333     61.47500000     60.25833333     59.96666667     60.52500000     60.92500000     60.71666667     60.36666667     59.60000000     61.10833333     60.55000000     61.25000000     59.84166667     61.07500000     60.67500000     59.83333333     61.09166667     59.08333333     59.50833333     60.14166667     60.83333333     60.42500000     61.45000000     59.54166667     59.81666667 
     59.55000000     61.89166667     60.95000000     60.56666667     60.87500000     60.98333333     61.48333333     61.56666667     60.84166667     61.11666667     62.00000000     62.30000000     60.81666667     60.39166667     60.74166667     62.15833333     60.96666667     62.11666667     61.27500000     61.80833333     61.42500000     61.12500000     61.93333333     60.80000000     61.96666667 
     61.76666667     62.32500000     61.27500000     61.56666667     61.19166667     60.97500000     62.80833333     61.91666667     61.68333333     62.04166667     61.42500000     63.05833333     61.22500000     61.84166667     62.36666667     62.04166667     61.97500000     61.45833333     61.80833333     60.86666667     62.64166667     61.57500000     63.19166667     61.78333333     61.10000000 
     64.52500000     63.18333333     62.64166667     62.10000000     62.63333333     61.54166667     62.94166667     62.96666667     64.57500000     61.35000000     60.92500000     62.36666667     62.31666667     63.95000000     62.69166667     61.77500000     64.05833333     63.08333333     63.34166667     62.61666667     62.24166667     63.41666667     64.74166667     62.01666667     62.37500000 
     62.95833333     64.42500000     64.49166667     64.35833333     64.70000000     64.01666667     63.93333333     63.70000000     63.42500000     63.60833333     63.10000000     63.30833333     64.42500000     63.65000000     63.17500000     64.96666667     62.52500000     63.91666667     63.36666667     63.51666667     63.43333333     62.76666667     63.88333333     63.05833333     62.75000000 
     63.62500000     64.12500000     65.49166667     64.45000000     64.22500000     63.09166667     65.84166667     63.82500000     63.62500000     64.60833333     63.43333333     63.70833333     64.87500000     63.53333333     64.69166667     64.36666667     64.74166667     64.70000000     64.16666667     64.45833333     65.64166667     64.47500000     63.94166667     65.66666667     64.45000000 
     63.76666667     65.15000000     66.17500000     66.00833333     67.04166667     65.20833333     65.77500000     65.42500000     64.60000000     65.67500000     65.65833333     65.68333333     65.50000000     65.50833333     64.18333333     65.57500000     64.75000000     64.74166667     64.82500000     65.37500000     65.31666667     64.70833333     66.08333333     64.35833333     64.49166667 
     65.46666667     65.17500000     66.49166667     67.82500000     66.05000000     65.20000000     66.19166667     67.55833333     67.33333333     66.15000000     66.40833333     66.24166667     67.23333333     67.12500000     65.23333333     67.53333333     66.44166667     66.00833333     65.44166667     64.85833333     67.01666667     66.92500000     66.05000000     65.48333333     65.57500000 
     65.67500000     66.48333333     66.23333333     68.43333333     65.50000000     66.45000000     66.73333333     67.19166667     68.28333333     67.18333333     66.61666667     67.18333333     65.50833333     66.08333333     66.07500000     67.65833333     67.03333333     66.05000000     67.30833333     67.19166667     65.63333333     67.97500000     65.59166667     66.90833333     66.65833333 
     66.40000000     68.14166667     67.24166667     66.87500000     68.36666667     66.54166667     69.05000000     67.73333333     68.87500000     67.67500000     67.45000000     68.48333333     67.49166667     66.23333333     66.45833333     66.51666667     66.69166667     67.00833333     66.93333333     67.63333333     67.25000000     67.01666667     67.05833333     67.55000000     67.14166667 
     66.66666667     68.50833333     68.24166667     67.46666667     67.93333333     68.85000000     69.08333333     67.80833333     67.09166667     67.16666667     68.08333333     67.36666667     69.74166667     68.14166667     68.33333333     68.95833333     68.13333333     67.60000000     68.15833333     69.26666667     68.28333333     67.66666667     68.40833333     68.11666667     67.18333333 
     67.23333333     68.14166667     69.65000000     68.38333333     69.51666667     69.20000000     68.42500000     68.36666667     68.10833333     68.65833333     67.25833333     68.13333333     68.89166667     67.57500000     69.62500000     67.94166667     69.66666667     68.55000000     68.45000000     68.83333333     69.60833333     68.19166667     68.75833333     68.05833333     68.81666667 
     66.78333333     68.80833333     69.67500000     68.39166667     68.50833333     70.30000000     69.89166667     69.97500000     69.40833333     69.15833333     67.60000000     68.26666667     67.76666667     67.73333333     69.25833333     69.73333333     70.40833333     70.19166667     68.52500000     69.83333333     69.07500000     68.95000000     68.60000000     68.48333333     69.23333333 
     67.40000000     70.19166667     69.16666667     69.38333333     68.80000000     70.42500000     69.11666667     69.33333333     70.00000000     69.42500000     69.96666667     68.14166667     67.45000000     70.41666667     69.86666667     70.08333333     69.13333333     68.37500000     69.34166667     68.29166667     70.59166667     69.79166667     68.63333333     68.64166667     67.94166667 
     69.41666667     70.95833333     70.89166667     70.30833333     69.76666667     69.45833333     69.65000000     69.84166667     70.24166667     69.70833333     69.72500000     69.90000000     70.50833333     69.05833333     69.80000000     70.05833333     70.18333333     69.33333333     68.86666667     68.31666667     68.30000000     69.05833333     69.63333333     70.14166667     68.85833333 
     70.39166667     71.88333333     69.93333333     71.19166667     69.63333333     70.80833333     71.16666667     70.56666667     68.74166667     71.39166667     70.53333333     70.44166667     69.06666667     70.25833333     71.28333333     69.95000000     69.25833333     68.85000000     70.38333333     69.54166667     69.60000000     68.80000000     70.04166667     69.18333333     69.87500000 
     69.09166667     70.69166667     70.28333333     70.37500000     69.97500000     70.77500000     71.39166667     69.41666667     69.30833333     69.80000000     70.71666667     70.29166667     69.81666667     69.40000000     70.67500000     69.72500000     70.61666667     70.80000000     69.82500000     70.36666667     70.34166667     68.52500000     70.35000000     70.45000000     69.40000000 
     68.72500000     70.72500000     70.48333333     69.96666667     71.28333333     69.98333333     69.13333333     70.77500000     68.56666667     70.55000000     69.27500000     69.50000000     69.72500000     68.60833333     71.35833333     69.67500000     71.13333333     69.03333333     69.10833333     70.31666667     68.91666667     69.80000000     69.10000000     69.29166667     68.47500000 
     69.18333333     69.15833333     69.30833333     71.30000000     68.74166667     69.95833333     70.35000000     70.05833333     69.48333333     68.62500000     68.97500000     69.49166667     70.26666667     70.40833333     69.73333333     69.62500000     68.09166667     70.94166667     67.49166667     68.22500000     68.40833333     68.66666667     69.00833333     68.70000000     68.95000000 
     68.38333333     68.94166667     69.65000000     69.79166667     69.44166667     70.14166667     69.25833333     69.20833333     68.82500000     68.96666667     69.20833333     68.83333333     67.00000000     68.71666667     68.70833333     67.82500000     69.35833333     68.85833333     68.28333333     67.82500000     68.35833333     67.93333333     68.81666667     67.45000000     67.20000000 
     68.47500000     68.96666667     69.69166667     69.27500000     68.58333333     68.90000000     67.92500000     68.38333333     67.35833333     68.45833333     69.79166667     67.50000000     68.56666667     68.41666667     68.66666667     67.50833333     68.56666667     66.71666667     67.74166667     67.50833333     68.42500000     68.15833333     68.44166667     67.85833333     67.00000000 
     66.35833333     68.80833333     68.00833333     67.92500000     68.21666667     68.30833333     67.90000000     66.14166667     65.87500000     68.27500000     66.69166667     67.20833333     67.98333333     67.51666667     65.70000000     66.51666667     67.35000000     66.29166667     65.42500000     65.21666667     66.22500000     67.45000000     63.65000000     65.92500000     66.68333333 
     67.07500000     66.26666667     67.30833333     64.88333333     65.87500000     66.65000000     66.51666667     66.40000000     66.50000000     66.60833333     66.03333333     65.41666667     64.60833333     65.16666667     64.92500000     66.03333333     65.76666667     64.96666667     65.03333333     64.35833333     65.36666667     64.35000000     65.48333333     64.31666667     63.75000000 
     65.25000000     64.65000000     65.61666667     66.04166667     64.95000000     64.90000000     64.94166667     64.45000000     64.20833333     64.68333333     64.51666667     64.46666667     64.18333333     63.40833333     64.39166667     64.20833333     63.12500000     63.95833333     63.22500000     61.01666667     62.96666667     62.89166667     61.60000000     62.50000000     61.95833333 
     63.05833333     62.65833333     61.99166667     63.18333333     63.68333333     63.38333333     62.95000000     62.50000000     62.39166667     61.66666667     62.09166667     63.20000000     61.15000000     62.40000000     60.86666667     62.57500000     60.40833333     61.45000000     62.58333333     60.55833333     60.18333333     61.89166667     59.99166667     60.86666667     60.65833333 
     59.77500000     60.78333333     60.83333333     61.59166667     59.73333333     60.84166667     60.53333333     60.77500000     59.45833333     59.76666667     59.36666667     58.76666667     59.61666667     59.55000000     59.40000000     59.09166667     59.70833333     59.05833333     57.09166667     57.38333333     58.35833333     57.95000000     59.28333333     57.43333333     57.71666667 
     58.40000000     58.86666667     58.74166667     58.83333333     57.52500000     57.97500000     57.79166667     55.67500000     58.51666667     56.05000000     58.55000000     57.95833333     55.39166667     57.07500000     55.94166667     55.97500000     56.69166667     56.34166667     55.55833333     55.04166667     54.90833333     56.23333333     55.06666667     54.14166667     54.18333333 
     53.90833333     56.82500000     54.91666667     55.58333333     54.24166667     54.50833333     54.34166667     53.55000000     54.26666667     54.05833333     54.41666667     53.99166667     53.85833333     53.80833333     52.82500000     53.34166667     51.99166667     52.52500000     51.92500000     53.00833333     51.90000000     52.49166667     51.72500000     52.24166667     51.07500000 
     51.35833333     52.05833333     52.02500000     52.59166667     50.87500000     51.67500000     51.54166667     50.90833333     51.17500000     50.88333333     51.22500000     50.40833333     50.92500000     51.26666667     49.97500000     50.90833333     49.21666667     48.45833333     48.23333333     48.67500000     49.36666667     48.19166667     48.09166667     49.12500000     48.43333333 
     47.25000000     48.63333333     49.19166667     49.26666667     47.45000000     46.95000000     48.01666667     47.76666667     47.65833333     47.07500000     47.20833333     47.75833333     47.31666667     46.41666667     46.72500000     46.05000000     45.43333333     46.65000000     46.14166667     45.73333333     44.20833333     44.35833333     45.38333333     44.15000000     45.15833333 
     44.30000000     45.38333333     44.60833333     46.28333333     44.65833333     44.94166667     44.40000000     43.56666667     45.04166667     44.03333333     43.18333333     43.23333333     43.90833333     43.39166667     43.90000000     42.17500000     42.89166667     41.97500000     43.44166667     42.05833333     42.22500000     41.67500000     42.23333333     41.30000000     41.48333333 
     40.86666667     41.47500000     42.30833333     40.93333333     41.11666667     40.72500000     41.64166667     40.19166667     40.66666667     40.91666667     39.91666667     40.28333333     40.39166667     38.93333333     39.45833333     39.26666667     39.16666667     38.03333333     38.66666667     38.55000000     38.10833333     38.19166667     37.28333333     39.02500000     37.38333333 
     36.45833333     36.70000000     37.17500000     37.15833333     37.01666667     35.80000000     37.35000000     36.20000000     36.22500000     37.00000000     37.33333333     35.84166667     36.29166667     34.63333333     35.10833333     34.40000000     35.77500000     34.86666667     36.30000000     34.43333333     35.05833333     34.95000000     33.87500000     34.64166667     34.21666667 
     33.09166667     33.78333333     33.79166667     33.38333333     33.47500000     33.15000000     33.77500000     32.85833333     31.74166667     32.70833333     32.53333333     32.57500000     31.95833333     32.35000000     32.31666667     31.85833333     31.54166667     30.45000000     30.75000000     30.26666667     31.65000000     30.96666667     30.41666667     30.77500000     29.45000000 
     29.49166667     30.02500000     30.18333333     30.04166667     29.40833333     30.15000000     29.37500000     28.55000000     29.52500000     29.59166667     28.77500000     28.56666667     28.15833333     28.59166667     27.78333333     27.65000000     28.56666667     26.95833333     27.53333333     27.40000000     27.52500000     27.30000000     26.60000000     26.50000000     27.12500000 
     25.68333333     27.05000000     26.33333333     26.55000000     26.55833333     25.64166667     26.29166667     26.50833333     26.60000000     26.35833333     24.97500000     25.67500000     24.92500000     24.27500000     24.43333333     24.03333333     24.17500000     24.83333333     24.25000000     24.19166667     23.88333333     23.51666667     24.65000000     23.05000000     23.11666667 
     23.51666667     23.81666667     22.71666667     22.90000000     22.79166667     22.83333333     22.76666667     23.05000000     22.38333333     22.27500000     22.23333333     21.66666667     22.15000000     21.74166667     20.60833333     21.96666667     21.05833333     20.83333333     20.93333333     21.22500000     20.85000000     20.25833333     20.92500000     19.98333333     19.27500000 
     19.88333333     20.12500000     20.55833333     20.24166667     20.12500000     19.46666667     19.89166667     18.89166667     19.07500000     18.95000000     18.18333333     19.25000000     18.07500000     18.01666667     18.81666667     18.23333333     18.48333333     18.25833333     18.93333333     18.44166667     17.72500000     18.25833333     17.40833333     16.84166667     16.82500000 
     17.83333333     17.69166667     17.48333333     16.75833333     17.15000000     16.80000000     17.38333333     16.53333333     17.14166667     16.04166667     17.02500000     16.70000000     16.64166667     16.17500000     16.48333333     15.79166667     15.81666667     15.51666667     15.74166667     15.22500000     15.24166667     15.51666667     15.82500000     15.23333333     15.25833333 
     14.71666667     14.80833333     15.34166667     14.97500000     14.11666667     14.65000000     14.70000000     14.12500000     14.28333333     13.97500000     13.79166667     13.93333333     13.92500000     13.88333333     14.23333333     14.25000000     13.42500000     13.39166667     13.49166667     13.13333333     13.74166667     12.73333333     13.17500000     12.91666667     13.10833333 
     13.14166667     13.13333333     12.65833333     12.07500000     12.85833333     12.23333333     12.61666667     12.12500000     12.25000000     12.44166667     12.97500000     11.90000000     11.83333333     11.80833333     11.79166667     11.15833333     11.34166667     11.36666667     11.88333333     11.27500000     11.60000000     11.27500000     11.30833333     11.48333333     10.31666667 
     11.05833333     10.99166667     11.19166667     10.67500000     10.72500000     10.94166667     10.29166667     10.41666667     10.12500000     10.44166667     10.12500000     10.38333333     10.04166667     10.26666667      9.50000000      9.76666667      9.88333333     10.00833333      9.60833333      9.35000000      9.82500000      9.43333333      9.84166667      9.45000000      9.47500000 
      9.57500000      9.48333333      9.39166667      9.35833333      9.30833333      9.38333333      8.71666667      8.61666667      7.89166667      9.25833333      8.52500000      8.69166667      8.47500000      8.75000000      8.53333333      8.29166667      8.50000000      8.14166667      8.11666667      8.36666667      8.03333333      8.07500000      7.53333333      7.89166667      7.65000000 
      8.26666667      7.52500000      8.01666667      7.94166667      7.87500000      7.89166667      7.50833333      8.02500000      7.61666667      7.05833333      7.30000000      7.92500000      7.30833333      6.99166667      7.01666667      6.94166667      7.44166667      7.16666667      7.03333333      6.80000000      7.06666667      6.72500000      6.79166667      6.91666667      7.13333333 
      6.49166667      6.46666667      6.19166667      6.60833333      6.99166667      6.50000000      6.85000000      6.71666667      6.15833333      6.35833333      6.55833333      6.33333333      6.33333333      6.26666667      6.49166667      6.20000000      5.57500000      6.00000000      6.08333333      6.57500000      6.30000000      6.12500000      6.07500000      5.86666667      5.68333333 
      6.05833333      6.03333333      5.53333333      5.76666667      5.98333333      5.25000000      5.57500000      5.71666667      5.35000000      5.37500000      5.41666667      5.63333333      5.47500000      5.33333333      5.24166667      5.26666667      5.34166667      5.63333333      5.36666667      5.14166667      5.30833333      5.19166667      5.19166667      5.10833333      4.78333333 
      4.75000000      4.97500000      5.11666667      5.07500000      5.01666667      4.77500000      5.29166667      4.86666667      5.25833333      5.11666667      5.22500000      4.38333333      4.90833333      4.66666667      4.42500000      4.76666667      4.45833333      4.52500000      4.87500000      4.57500000      4.26666667      4.41666667      4.43333333      4.55833333      4.42500000 
      4.28333333      4.16666667      4.47500000      4.39166667      4.36666667      4.25833333      4.76666667      3.98333333      3.96666667      4.43333333      4.40000000      4.06666667      4.53333333      4.02500000      4.19166667      4.03333333      3.84166667      3.97500000      3.95833333      3.86666667      4.19166667      3.69166667      3.90000000      3.94166667      3.96666667 
      3.95000000      3.70000000      3.60833333      3.95000000      3.73333333      4.00833333      4.05000000      4.30000000      4.04166667      3.86666667      4.00000000      3.46666667      3.52500000      3.51666667      3.82500000      3.58333333      3.30833333      3.25000000      3.50000000      3.29166667      3.60000000      3.55000000      3.26666667      3.50000000      3.25833333 
      3.30833333      3.43333333      3.38333333      3.55833333      3.50000000      3.30000000      3.46666667      3.35000000      3.20833333      3.28333333      3.31666667      3.42500000      3.31666667      3.44166667      3.04166667      3.23333333      3.27500000      2.94166667      3.27500000      2.85833333      3.21666667      3.04166667      3.10000000      3.20000000      3.08333333 
      2.95833333      2.94166667      3.01666667      3.20833333      2.91666667      2.90833333      2.75833333      3.23333333      3.01666667      3.11666667      2.89166667      3.19166667      3.29166667      2.88333333      2.82500000      3.05000000      2.65833333      2.97500000      3.01666667      2.77500000      2.88333333      3.10833333      3.04166667      2.88333333      2.85833333 
      2.55833333      2.64166667      3.14166667      2.95833333      2.66666667      2.81666667      2.60833333      2.85000000      2.74166667      2.50000000      2.75833333      2.71666667      2.55833333      2.75833333      2.60833333      2.73333333      2.72500000      2.57500000      2.60833333      2.65000000      2.58333333      2.58333333      2.60000000      2.37500000      2.34166667 
      2.52500000      2.62500000      2.32500000      2.26666667      2.28333333      2.43333333      2.48333333      2.22500000      2.25833333      2.44166667      2.30000000      2.64166667      2.18333333      2.65000000      2.40833333      2.46666667      2.59166667      2.63333333      2.35833333      2.47500000      2.34166667      2.61666667      2.52500000      2.40833333      2.42500000 
      2.40833333      2.32500000      2.12500000      2.21666667      2.19166667      2.20833333      2.55000000      2.20000000      2.18333333      2.41666667      2.30833333      2.49166667      2.17500000      2.04166667      2.32500000      2.35000000      2.19166667      2.07500000      2.02500000      2.15000000      2.24166667      2.00000000      2.07500000      2.16666667      2.34166667 
      2.12500000      2.30000000      2.13333333      2.35000000      2.05833333      2.10000000      1.90000000      2.06666667      2.17500000      2.00000000      2.23333333      2.11666667      2.19166667      2.04166667      2.15000000      2.28333333      2.12500000      2.30833333      2.10000000      2.01666667      1.86666667      1.96666667      2.05000000      1.82500000      1.91666667 
      2.05833333      1.98333333      2.21666667      2.02500000      1.91666667      1.96666667      1.79166667      1.99166667      2.06666667      1.97500000      2.14166667      2.08333333      1.94166667      1.75000000      2.05833333      1.76666667      1.93333333      1.74166667      1.97500000      1.88333333      1.97500000      2.04166667      1.91666667      1.95000000      1.83333333 
      1.77500000      1.69166667      2.05000000      1.95833333      1.78333333      1.73333333      1.88333333      1.90000000      1.90000000      1.89166667      1.62500000      1.62500000      1.76666667      1.70000000      1.70833333      1.74166667      1.66666667      1.79166667      1.77500000      1.58333333      1.73333333      1.80000000      1.80000000      1.46666667      1.77500000 
      1.60000000      1.73333333      1.80833333      1.71666667      1.73333333      1.65000000      1.74166667      1.50000000      1.56666667      1.67500000      1.60000000      1.65833333      1.50000000      1.90833333      1.53333333      1.67500000      1.36666667      1.37500000      1.60000000      1.42500000      1.64166667      1.52500000      1.46666667      1.60000000      1.45833333 
      1.64166667      1.72500000      1.71666667      1.46666667      1.44166667      1.52500000      1.57500000      1.60833333      1.60833333      1.76666667      1.55000000      1.44166667      1.49166667      1.50833333      1.53333333      1.48333333      1.36666667      1.45833333      1.48333333      1.33333333      1.38333333      1.61666667      1.51666667      1.49166667      1.35833333 
      1.29166667      1.36666667      1.41666667      1.40000000      1.37500000      1.35000000      1.15833333      1.48333333      1.40000000      1.51666667      1.37500000      1.34166667      1.40833333      1.27500000      1.35833333      1.50833333      1.32500000      1.42500000      1.45000000      1.30000000      1.61666667      1.55833333      1.31666667      1.51666667      1.47500000 
      1.34166667      1.43333333      1.25833333      1.39166667      1.27500000      1.25833333      1.27500000      1.36666667      1.35000000      1.40833333      1.43333333      1.32500000      1.37500000      1.18333333      0.96666667      1.35000000      1.30000000      1.15833333      1.25833333      1.21666667      1.29166667      1.28333333      1.13333333      1.32500000      1.10000000 
      1.37500000      1.11666667      1.43333333      1.19166667      1.53333333      1.40000000      1.29166667      1.40000000      1.25000000      1.11666667      1.05833333      1.32500000      1.12500000      1.15833333      1.23333333      1.17500000      1.35000000      1.21666667      1.25000000      1.15000000      1.23333333      1.06666667      1.05833333      1.00000000      1.05833333 
      1.00833333      1.26666667      1.31666667      1.26666667      1.10000000      1.10833333      1.22500000      1.20000000      1.15833333      1.37500000      1.29166667      1.21666667      1.18333333      1.28333333      1.11666667      1.15833333      1.17500000      1.15833333      1.17500000      1.30833333      1.16666667      0.99166667      1.21666667      1.20833333      1.09166667 
      1.21666667      1.17500000      1.21666667      1.14166667      1.31666667      1.16666667      1.08333333      1.06666667      1.21666667      1.10833333      1.05000000      1.13333333      1.21666667      1.15000000      1.20000000      1.22500000      1.05833333      1.02500000      1.15833333      1.09166667      1.10833333      1.09166667      1.25833333      1.14166667      1.09166667 
      1.28333333      1.13333333      0.98333333      1.20833333      1.02500000      1.02500000      1.14166667      1.14166667      0.97500000      1.20833333      1.05833333      1.13333333      1.21666667      1.29166667      1.05000000      1.10833333      0.95833333      1.19166667      1.15000000      1.06666667      1.02500000      1.21666667      1.19166667      1.06666667      1.10833333 
      1.30000000      1.09166667      1.05833333      1.25833333      1.21666667      1.05833333      1.11666667      1.12500000      0.94166667      1.12500000      0.98333333      1.14166667      1.12500000      1.05833333      1.05833333      1.19166667      1.10000000      1.06666667      1.14166667      1.22500000      0.91666667      0.87500000      1.10000000      0.88333333      1.02500000 
      1.10000000      1.06666667      1.10000000      1.22500000      1.05000000      1.19166667      1.14166667      1.00000000      1.08333333      1.22500000      1.12500000      1.28333333      1.12500000      1.19166667      1.20833333      1.04166667      1.10833333      1.16666667      1.10833333      0.98333333      1.16666667      1.05833333      1.26666667      1.23333333      1.13333333 
      1.20000000      1.21666667      1.03333333      1.23333333      1.19166667      1.12500000      1.11666667      1.31666667      1.08333333      1.18333333      1.10000000      1.36666667      1.02500000      1.24166667      1.20833333      1.15000000      1.24166667      1.22500000      1.14166667      1.36666667      1.16666667      1.08333333      1.41666667      1.23333333      1.29166667 
      1.18333333      1.08333333      1.25000000      1.26666667      1.11666667      1.52500000      1.13333333      1.37500000      1.36666667      1.30833333      1.25000000      1.16666667      1.25833333      1.25833333      1.24166667      1.36666667      1.45000000      1.24166667      1.23333333      1.40000000      1.34166667      1.32500000      1.26666667      1.34166667      1.32500000 
      1.49166667      1.38333333      1.35833333      1.22500000      1.39166667      1.48333333      1.50833333      1.25833333      1.29166667      1.29166667      1.14166667      1.26666667      1.24166667      1.36666667      1.27500000      1.38333333      1.30833333      1.64166667      1.18333333      1.40833333      1.45833333      1.43333333      1.40000000      1.13333333      1.39166667 
      1.33333333      1.24166667      1.44166667      1.38333333      1.37500000      1.40833333      1.19166667      1.45000000      1.35833333      1.40000000      1.54166667      1.32500000      1.25833333      1.40833333      1.45833333      1.42500000      1.27500000      1.45833333      1.52500000      1.40833333      1.31666667      1.55833333      1.29166667      1.34166667      1.43333333 
      1.43333333      1.20000000      1.55000000      1.50000000      1.45000000      1.45833333      1.40000000      1.39166667      1.54166667      1.67500000      1.32500000      1.57500000      1.44166667      1.47500000      1.45833333      1.71666667      1.55833333      1.51666667      1.77500000      1.50833333      1.55000000      1.39166667      1.50000000      1.64166667      1.38333333 
      1.49166667      1.46666667      1.73333333      1.63333333      1.50833333      1.63333333      1.57500000      1.45833333      1.49166667      1.66666667      1.64166667      1.74166667      1.67500000      1.47500000      1.58333333      1.55000000      1.33333333      1.49166667      1.59166667      1.64166667      1.50000000      1.80833333      1.59166667      1.59166667      1.68333333 
      1.74166667      1.45000000      1.65000000      1.50833333      1.50000000      1.84166667      1.77500000      1.56666667      1.55833333      1.61666667      1.78333333      1.63333333      1.65833333      1.50833333      1.65000000      1.79166667      1.55833333      1.54166667      1.54166667      1.50833333      1.60833333      1.65833333      1.79166667      1.81666667      1.63333333 
      1.70833333      1.67500000      1.60833333      1.55000000      1.75833333      1.77500000      1.85000000      2.05000000      1.82500000      1.95000000      1.79166667      1.82500000      1.79166667      1.99166667      1.69166667      1.65833333      1.74166667      1.91666667      2.09166667      2.01666667      1.83333333      1.71666667      1.79166667      1.95833333      1.93333333 
      1.89166667      2.00000000      1.71666667      1.76666667      1.79166667      1.79166667      1.95833333      2.15833333      1.81666667      1.80000000      1.75833333      1.93333333      1.92500000      1.80833333      1.74166667      2.12500000      1.73333333      2.22500000      1.75833333      1.85833333      2.05833333      2.05000000      1.95833333      2.05833333      1.90833333 
      1.96666667      1.90833333      1.75833333      1.87500000      2.05000000      1.79166667      2.24166667      1.86666667      1.98333333      2.09166667      1.96666667      1.80833333      2.17500000      2.05833333      1.96666667      1.75833333      2.29166667      2.22500000      2.35833333      2.33333333      2.29166667      1.98333333      1.88333333      2.20000000      2.15000000 
      2.09166667      2.00833333      2.10833333      2.13333333      1.85000000      2.05833333      2.30833333      2.15000000      2.15000000      2.33333333      2.00833333      2.06666667      2.30833333      2.18333333      2.12500000      2.01666667      2.40000000      2.19166667      2.40000000      2.05833333      2.00833333      2.32500000      1.83333333      2.28333333      1.80833333 
      2.14166667      2.26666667      2.45000000      2.35833333      1.77500000      2.37500000      2.30833333      2.26666667      2.28333333      2.30000000      2.29166667      2.37500000      2.22500000      2.40000000      2.24166667      2.43333333      2.12500000      2.37500000      2.43333333      2.42500000      2.47500000      2.36666667      2.25000000      2.57500000      2.20000000 
      2.37500000      2.33333333      2.46666667      2.20833333      2.50833333      2.63333333      2.30833333      2.58333333      2.64166667      2.40833333      2.52500000      2.65000000      2.81666667      2.75000000      2.38333333      2.48333333      2.67500000      2.60000000      2.57500000      2.65833333      2.58333333      2.57500000      2.43333333      2.51666667      2.75833333 
      2.88333333      2.57500000      2.76666667      2.39166667      2.60000000      2.51666667      2.67500000      2.63333333      2.58333333      2.76666667      2.54166667      2.95833333      2.88333333      2.82500000      2.85833333      2.70833333      2.79166667      2.66666667      2.62500000      2.56666667      2.65000000      2.48333333      2.39166667      2.83333333      2.96666667 
      2.51666667      2.70833333      2.85000000      2.68333333      2.66666667      2.60833333      2.72500000      2.80000000      2.99166667      2.90833333      2.94166667      2.99166667      3.02500000      2.85000000      2.85833333      3.13333333      2.74166667      3.14166667      2.95000000      2.95000000      2.88333333      2.88333333      2.74166667      2.89166667      2.75833333 
      2.95833333      2.82500000      3.20833333      2.77500000      2.90833333      3.12500000      2.66666667      2.74166667      3.14166667      2.90833333      2.95833333      3.22500000      3.05000000      3.19166667      2.85000000      2.82500000      3.13333333      3.05833333      2.85000000      3.10000000      3.16666667      3.17500000      3.36666667      3.19166667      2.99166667 
      3.20000000      2.87500000      3.35833333      3.29166667      3.10000000      3.18333333      3.10833333      3.19166667      3.38333333      3.22500000      2.99166667      3.16666667      3.21666667      3.54166667      3.37500000      3.57500000      3.48333333      3.21666667      3.39166667      3.71666667      3.30833333      3.49166667      3.35833333      3.65833333      3.53333333 
      3.48333333      3.78333333      3.67500000      3.65000000      3.66666667      3.36666667      3.77500000      3.74166667      3.20833333      3.50833333      3.86666667      3.68333333      3.86666667      3.40833333      3.47500000      3.64166667      3.69166667      3.79166667      3.70833333      3.69166667      3.62500000      3.57500000      3.99166667      3.52500000      4.10000000 
      3.67500000      3.51666667      3.96666667      3.77500000      3.45000000      3.50000000      3.91666667      3.68333333      4.07500000      3.59166667      4.02500000      4.15833333      3.94166667      3.65000000      3.87500000      4.13333333      3.80000000      3.82500000      4.08333333      4.11666667      4.23333333      4.12500000      3.87500000      3.93333333      4.36666667 
      3.92500000      3.98333333      4.05000000      4.15000000      3.90000000      3.92500000      4.17500000      4.16666667      4.13333333      4.30833333      4.31666667      4.28333333      4.02500000      4.33333333      4.38333333      4.10833333      4.11666667      4.44166667      4.26666667      3.95833333      4.50000000      4.27500000      4.89166667      4.66666667      4.40000000 
      4.33333333      4.33333333      4.25833333      4.49166667      4.78333333      4.23333333      4.45833333      4.80833333      4.39166667      4.43333333      4.51666667      4.47500000      4.84166667      4.79166667      4.81666667      4.48333333      4.38333333      5.12500000      4.68333333      4.85833333      5.15000000      4.34166667      4.53333333      4.75833333      4.56666667 
      4.40000000      4.76666667      4.97500000      5.06666667      4.90833333      4.90000000      4.70833333      5.41666667      5.35833333      5.11666667      4.93333333      5.18333333      4.85833333      4.85833333      5.41666667      4.88333333      5.21666667      5.13333333      4.92500000      5.20000000      5.08333333      5.45000000      5.18333333      5.05000000      5.08333333 
      5.05833333      5.50833333      5.07500000      4.98333333      5.18333333      5.71666667      5.27500000      5.40000000      5.60000000      5.72500000      5.42500000      5.35833333      5.42500000      5.83333333      5.56666667      5.50833333      5.54166667      5.93333333      5.37500000      5.47500000      5.88333333      5.68333333      5.81666667      5.85000000      5.88333333 
      6.10000000      5.95833333      5.92500000      6.12500000      5.55000000      6.15833333      6.07500000      6.21666667      6.03333333      6.39166667      6.40833333      6.12500000      5.99166667      6.00833333      6.64166667      6.40000000      6.84166667      6.29166667      6.10000000      6.60000000      6.00000000      6.30000000      6.62500000      6.41666667      6.49166667 
      6.46666667      6.06666667      6.30000000      6.51666667      6.49166667      6.77500000      6.76666667      6.86666667      6.51666667      6.15000000      6.72500000      6.97500000      6.42500000      6.78333333      6.68333333      6.70000000      6.79166667      6.68333333      6.91666667      7.09166667      6.95000000      7.09166667      7.01666667      6.75000000      7.45833333 
      7.05000000      7.23333333      7.50000000      7.31666667      7.43333333      7.34166667      7.72500000      7.54166667      7.75833333      7.31666667      7.20833333      7.25833333      7.12500000      7.65000000      7.95833333      7.50833333      7.48333333      8.07500000      7.32500000      7.32500000      7.34166667      7.82500000      7.98333333      7.65000000      7.82500000 
      7.99166667      8.23333333      7.60833333      8.04166667      7.95833333      8.16666667      8.16666667      8.35000000      8.14166667      8.44166667      7.88333333      8.67500000      8.00000000      8.74166667      8.55833333      8.55000000      8.62500000      8.30000000      8.10833333      8.82500000      8.81666667      8.75833333      8.85833333      8.77500000      8.87500000 
      9.32500000      9.15833333      9.00833333      8.50000000      9.15833333      8.62500000      9.34166667      8.95000000      8.48333333      9.50000000      9.23333333      8.89166667      9.13333333      9.41666667      9.39166667      9.49166667      9.41666667      9.41666667      9.78333333      9.94166667      9.49166667      9.42500000      9.63333333      9.25833333      9.67500000 
     10.03333333      9.84166667      9.45833333      9.53333333      9.95833333      9.72500000     10.10833333     10.63333333     10.48333333      9.70833333      9.70833333     10.50000000     10.12500000     10.94166667     10.70833333     10.18333333     10.25833333     10.63333333      9.97500000     10.72500000     10.92500000     10.66666667     10.62500000     10.33333333     11.31666667 
     10.01666667     10.40833333     10.62500000     11.65000000     11.35833333     11.06666667     10.92500000     11.20833333     11.01666667     11.11666667     11.42500000     11.75833333     11.15833333     11.50833333     11.11666667     11.89166667     11.63333333     11.93333333     11.63333333     11.51666667     12.00000000     11.85833333     11.87500000     11.71666667     11.73333333 
     11.63333333     11.91666667     11.95000000     12.02500000     12.09166667     12.70000000     11.65833333     12.00000000     12.71666667     12.56666667     12.15000000     12.75000000     12.46666667     12.50000000     12.95000000     13.21666667     12.72500000     13.57500000     12.74166667     13.02500000     12.55000000     13.60000000     12.85000000     13.10833333     13.14166667 
     12.88333333     13.24166667     13.10833333     13.00000000     13.99166667     12.47500000     13.19166667     13.65833333     13.20833333     13.23333333     13.86666667     13.65000000     13.97500000     14.24166667     13.90833333     13.90833333     14.11666667     14.06666667     14.37500000     14.44166667     14.73333333     15.15833333     14.45833333     14.09166667     14.90833333 
     14.48333333     14.66666667     14.72500000     14.64166667     14.68333333     14.77500000     14.97500000     15.40000000     15.29166667     15.54166667     16.05833333     16.24166667     15.85833333     15.06666667     15.68333333     15.98333333     16.03333333     16.63333333     16.35833333     16.78333333     16.82500000     16.67500000     16.47500000     16.11666667     16.77500000 
     16.90000000     16.82500000     17.29166667     17.04166667     16.98333333     16.68333333     17.32500000     17.00000000     16.98333333     17.55000000     17.10833333     17.23333333     17.20000000     17.57500000     17.70000000     18.24166667     17.91666667     17.64166667     17.80833333     18.33333333     17.89166667     18.26666667     18.88333333     18.44166667     18.73333333 
     18.52500000     18.15000000     19.05833333     18.88333333     18.77500000     19.11666667     19.18333333     19.97500000     19.10000000     19.35833333     19.69166667     20.53333333     19.77500000     20.35000000     19.77500000     19.91666667     20.16666667     20.66666667     20.25833333     20.29166667     20.68333333     20.59166667     20.66666667     21.11666667     20.40000000 
     21.46666667     20.05833333     21.47500000     21.77500000     21.43333333     21.79166667     21.34166667     21.80833333     22.36666667     22.22500000     22.33333333     21.60833333     22.37500000     21.44166667     23.84166667     23.29166667     22.40833333     23.33333333     22.89166667     22.93333333     22.93333333     23.75833333     23.75833333     23.50000000     23.71666667 
     23.60000000     24.30833333     23.90833333     23.18333333     23.66666667     24.17500000     24.10833333     24.65000000     23.98333333     24.75000000     24.70833333     25.39166667     25.31666667     24.73333333     25.68333333     25.50833333     24.99166667     25.94166667     25.79166667     25.85833333     25.97500000     25.65833333     26.36666667     25.10833333     26.63333333 
     26.23333333     26.70000000     26.33333333     26.85833333     27.05833333     27.34166667     27.03333333     26.57500000     27.30833333     27.91666667     28.17500000     28.11666667     27.54166667     28.08333333     28.64166667     28.54166667     28.55833333     28.38333333     28.70833333     28.95833333     27.94166667     28.61666667     29.10833333     29.90000000     29.96666667 
     30.59166667     30.36666667     29.10833333     29.05833333     30.13333333     30.08333333     30.81666667     30.52500000     30.45000000     31.38333333     31.79166667     30.70000000     32.21666667     31.35833333     31.86666667     31.70000000     32.54166667     31.40833333     31.12500000     32.16666667     32.76666667     33.12500000     32.98333333     32.90833333     32.06666667 
     33.84166667     33.69166667     33.62500000     33.32500000     33.39166667     33.97500000     34.27500000     34.14166667     34.88333333     35.15833333     34.80000000     33.43333333     35.00000000     35.35833333     33.81666667     36.37500000     35.53333333     36.36666667     36.10000000     36.16666667     36.25833333     37.16666667     36.13333333     36.75833333     37.22500000 
     36.76666667     37.80000000     36.85000000     37.20000000     38.49166667     37.86666667     38.69166667     38.82500000     38.23333333     38.15000000     37.50000000     38.14166667     38.32500000     39.13333333     39.10000000     39.08333333     38.95833333     39.37500000     39.75833333     39.14166667     39.93333333     39.81666667     39.94166667     40.49166667     40.74166667 
     41.25833333     40.47500000     40.11666667     40.35833333     40.45000000     40.62500000     41.71666667     42.15000000     40.72500000     41.98333333     42.24166667     42.25000000     41.31666667     41.31666667     43.22500000     42.96666667     44.15000000     44.01666667     43.51666667     43.45000000     43.84166667     44.38333333     44.16666667     43.64166667     45.20833333 
     43.45000000     44.80833333     43.75833333     45.70833333     44.63333333     45.79166667     45.16666667     44.82500000     45.19166667     45.16666667     46.32500000     45.87500000     47.01666667     46.60833333     46.68333333     45.68333333     47.20833333     47.64166667     46.70833333     46.92500000     48.25833333     48.06666667     47.40833333     47.32500000     46.71666667 
     48.68333333     48.85000000     47.61666667     48.90000000     48.54166667     49.81666667     49.35000000     49.03333333     49.89166667     49.83333333     49.86666667     48.89166667     49.45833333     50.20000000     51.27500000     50.91666667     50.65833333     50.49166667     51.21666667     52.23333333     51.48333333     53.21666667     52.45000000     52.12500000     53.33333333 
     52.22500000     52.69166667     52.82500000     52.77500000     53.26666667     53.40000000     52.88333333     51.97500000     53.80000000     52.84166667     52.75000000     54.05000000     54.67500000     53.25833333     53.52500000     54.41666667     54.13333333     54.55000000     53.70000000     54.25833333     54.37500000     55.58333333     55.25000000     54.87500000     55.14166667 
     55.56666667     56.12500000     56.46666667     54.68333333     56.07500000     57.26666667     55.45833333     56.67500000     56.78333333     55.98333333     56.04166667     57.35000000     56.72500000     56.04166667     57.09166667     56.75000000     57.23333333     57.02500000     58.34166667     58.39166667     57.20833333     57.09166667     58.76666667     57.60833333     57.58333333 
     58.60833333     58.85833333     58.55000000     58.85833333     58.50000000     59.00833333     58.20000000     59.15833333     59.17500000     58.76666667     59.51666667     59.56666667     59.19166667     60.60000000     59.83333333     59.33333333     60.51666667     59.21666667     59.69166667     61.10000000     60.45833333     61.13333333     61.17500000     60.74166667     60.90000000 
     61.37500000     60.04166667     59.50000000     60.05833333     62.00833333     60.92500000     61.11666667     61.12500000     61.84166667     61.33333333     61.06666667     62.50000000     60.69166667     60.56666667     60.96666667     61.86666667     61.77500000     61.83333333     62.81666667     63.15000000     61.50000000     62.66666667     63.30833333     62.40833333     64.18333333 
     62.72500000     62.69166667     62.80833333     63.43333333     63.75000000     61.59166667     61.62500000     61.72500000     62.95000000     63.93333333     64.29166667     63.37500000     64.43333333     64.07500000     63.41666667     62.31666667     62.90000000     62.97500000     64.50833333     65.06666667     63.70833333     63.13333333     62.12500000     63.70000000     63.97500000 
     65.25000000     63.90833333     62.63333333     63.75000000     63.36666667     64.75000000     65.61666667     64.38333333     64.48333333     63.30833333     65.30833333     64.80000000     64.97500000     64.75833333     64.25000000     63.90000000     65.03333333     64.43333333     65.03333333     66.36666667     64.88333333     65.45833333     64.24166667     66.01666667     64.70833333 
     63.90833333     65.25833333     64.14166667     65.39166667     64.35833333     65.17500000     63.85000000     66.46666667     64.50000000     65.50000000     65.37500000     65.54166667     63.44166667     64.49166667     65.02500000     65.52500000     65.21666667     65.81666667     66.48333333     65.25833333     64.24166667     66.55833333     65.78333333     65.38333333     65.05000000 
     65.93333333     64.35833333     65.14166667     63.80000000     65.61666667     65.25833333     64.51666667     64.86666667     65.70000000     65.28333333     64.72500000     64.49166667     64.33333333     64.30000000     67.27500000     65.33333333     65.60000000     65.00000000     66.02500000     65.94166667     66.54166667     64.55833333     66.03333333     65.27500000     64.35833333 
     66.28333333     63.55833333     65.45000000     64.36666667     64.03333333     65.19166667     63.88333333     64.21666667     64.77500000     64.91666667     65.06666667     63.96666667     65.27500000     66.63333333     64.96666667     65.09166667     65.25833333     65.35833333     65.97500000     66.15000000     65.71666667     64.35000000     65.94166667     65.82500000     65.21666667 
     64.88333333     64.80833333     64.77500000     64.43333333     64.25833333     64.66666667     64.39166667     65.11666667     63.61666667     64.83333333     64.58333333     63.35833333     64.40833333     64.15000000     65.55000000     64.09166667     63.15833333     65.52500000     64.55000000     65.12500000     64.50000000     64.35000000     65.72500000     64.77500000     63.75833333 
     64.12500000     63.66666667     63.26666667     63.05833333     63.44166667     62.11666667     64.80000000     62.72500000     64.12500000     63.81666667     63.74166667     64.49166667     64.33333333     63.08333333     62.99166667     63.59166667     64.81666667     64.20000000     64.49166667     64.51666667     63.81666667     64.72500000     64.48333333     64.40833333     63.66666667 
     64.31666667     62.38333333     63.69166667     63.99166667     63.60000000     64.84166667     62.39166667     63.50000000     62.04166667     62.85833333     63.17500000     63.23333333     62.20000000     63.17500000     62.63333333     63.00833333     63.12500000     64.70833333     63.05000000     62.76666667     63.85833333     63.24166667     64.23333333     63.22500000     63.36666667 
     63.21666667     62.75833333     63.16666667     62.75000000     62.36666667     63.31666667     62.50833333     62.65000000     60.82500000     63.02500000     63.05000000     62.00833333     62.69166667     63.04166667     61.87500000     62.68333333     63.07500000     62.33333333     63.46666667     63.19166667     61.50000000     64.00833333     62.97500000     62.24166667     63.32500000 
     62.97500000     60.66666667     60.90000000     62.24166667     60.09166667     62.55833333     62.70833333     61.64166667     61.08333333     61.56666667     63.25000000     62.65833333     61.81666667     61.53333333     62.75000000     62.29166667     62.02500000     61.03333333     61.07500000     60.80833333     62.52500000     61.00833333     61.59166667     61.68333333     62.88333333 
     62.30833333     62.12500000     60.39166667     60.50000000     60.51666667     62.22500000     61.70000000     60.85833333     60.94166667     61.21666667     61.84166667     61.55833333     59.80833333     61.81666667     60.90833333     61.19166667     60.90000000     59.55000000     60.90000000     62.04166667     61.30833333     60.85000000     61.15000000     61.63333333     60.38333333 
     62.78333333     60.60833333     61.07500000     59.86666667     59.98333333     59.95833333     61.15000000     59.67500000     60.56666667     59.71666667     58.28333333     59.60833333     60.19166667     60.81666667     58.89166667     60.49166667     61.42500000     60.19166667     60.04166667     59.47500000     60.65833333     59.22500000     61.69166667     60.17500000     59.61666667 
     59.37500000     58.65833333     58.93333333     58.38333333     59.62500000     58.83333333     59.60833333     59.79166667     58.26666667     59.30833333     60.16666667     59.17500000     59.18333333     59.35833333     58.78333333     59.72500000     59.32500000     59.51666667     58.90833333     59.39166667     59.64166667     59.30833333     60.50833333     59.14166667     60.70000000 
     58.75833333     58.00000000     58.45000000     58.34166667     58.41666667     58.88333333     58.20000000     58.28333333     57.93333333     59.47500000     58.67500000     57.73333333     58.34166667     58.59166667     59.00000000     59.25833333     57.91666667     58.68333333     59.19166667     57.71666667     59.53333333     58.33333333     58.30833333     58.01666667     58.95000000 
     59.45000000     57.03333333     58.57500000     58.26666667     57.14166667     57.50833333     58.48333333     57.89166667     58.65000000     58.00833333     58.63333333     57.61666667     58.30000000     58.47500000     57.49166667     57.50000000     57.72500000     57.72500000     57.09166667     58.13333333     58.65000000     58.21666667     56.26666667     57.20000000     57.40833333 
     57.50833333     55.38333333     57.84166667     55.76666667     56.04166667     58.99166667     57.15000000     56.35000000     56.77500000     57.11666667     56.26666667     57.42500000     57.31666667     56.40000000     58.00000000     56.55000000     56.23333333     57.43333333     57.50833333     57.63333333     57.10000000     56.59166667     57.29166667     58.08333333     57.18333333 
     57.06666667     56.08333333     55.95833333     57.39166667     56.61666667     55.82500000     56.72500000     56.50833333     55.24166667     55.33333333     56.02500000     55.57500000     55.20833333     56.46666667     56.54166667     56.05000000     56.18333333     55.09166667     57.15833333     56.97500000     56.40000000     57.13333333     56.61666667     56.34166667     56.16666667 
     56.31666667     54.57500000     55.94166667     55.62500000     55.61666667     55.58333333     54.88333333     55.50833333     55.18333333     54.07500000     54.81666667     54.80000000     54.33333333     55.76666667     54.06666667     54.40000000     53.47500000     54.52500000     55.95000000     55.33333333     54.50000000     56.14166667     56.30000000     56.17500000     54.50000000 
     55.40833333     55.56666667     54.10833333     54.17500000     54.15000000     54.37500000     54.49166667     54.56666667     54.42500000     54.10000000     53.84166667     54.86666667     53.48333333     55.30000000     54.06666667     53.65000000     54.38333333     53.99166667     54.21666667     54.39166667     55.56666667     54.45833333     55.45000000     54.85000000     55.09166667 
     54.25000000     52.90000000     54.49166667     53.49166667     53.72500000     52.87500000     54.61666667     53.60833333     53.28333333     53.26666667     54.33333333     53.98333333     54.30833333     52.20000000     53.29166667     52.93333333     53.77500000     52.80833333     52.73333333     54.08333333     53.70000000     54.05000000     53.47500000     53.47500000     53.19166667 
     53.74166667     52.99166667     52.55833333     51.60833333     52.90833333     51.47500000     52.74166667     53.57500000     51.88333333     53.43333333     53.89166667     53.15833333     53.70000000     52.55000000     52.85833333     52.80000000     54.60000000     52.54166667     53.86666667     52.20833333     52.77500000     53.18333333     53.19166667     53.10000000     52.80000000 
     52.62500000     51.75000000     52.26666667     51.59166667     52.23333333     52.46666667     52.57500000     51.77500000     51.27500000     51.70000000     52.40833333     51.81666667     51.95833333     52.49166667     51.55833333     51.92500000     51.44166667     51.89166667     51.63333333     52.12500000     52.55000000     51.74166667     52.80000000     51.74166667     52.71666667 
     51.29166667     50.75000000     51.30833333     52.58333333     51.60000000     51.50833333     52.36666667     51.52500000     52.50833333     52.02500000     50.78333333     50.50833333     50.46666667     51.84166667     52.21666667     51.48333333     51.45833333     50.91666667     51.29166667     50.44166667     51.80833333     50.12500000     51.60833333     51.63333333     50.81666667 
     51.41666667     50.78333333     50.72500000     50.18333333     50.27500000     49.91666667     50.18333333     51.14166667     48.96666667     49.63333333     50.44166667     51.10000000     51.20833333     51.65000000     49.94166667     50.85833333     50.50833333     51.34166667     49.82500000     50.26666667     51.68333333     51.44166667     51.65000000     50.24166667     51.13333333 
     50.55833333     49.25000000     49.55000000     49.80833333     49.78333333     50.15000000     50.65000000     49.77500000     50.29166667     51.07500000     51.00833333     49.89166667     50.17500000     49.50000000     49.50000000     49.35000000     48.82500000     50.65833333     49.81666667     50.84166667     50.06666667     48.79166667     49.82500000     50.81666667     51.15000000 
     49.29166667     48.18333333     50.04166667     49.54166667     48.89166667     49.19166667     49.23333333     48.15833333     49.42500000     49.41666667     49.13333333     49.87500000     48.79166667     49.00833333     48.45000000     48.32500000     49.48333333     49.81666667     48.95000000     49.93333333     48.59166667     48.88333333     48.78333333     48.96666667     48.60833333 
     49.13333333     48.00833333     47.78333333     48.48333333     48.35000000     48.32500000     47.53333333     47.91666667     48.30000000     47.79166667     49.01666667     46.77500000     47.82500000     48.99166667     48.45000000     48.21666667     48.20833333     49.35000000     47.75833333     49.14166667     48.75833333     48.28333333     48.51666667     48.54166667     48.63333333 
     49.19166667     47.98333333     48.26666667     47.64166667     47.30833333     47.45833333     47.25000000     47.72500000     47.45000000     47.02500000     47.55000000     47.70833333     48.22500000     47.70833333     48.41666667     48.08333333     47.69166667     48.80000000     48.00833333     46.40000000     47.20833333     47.86666667     47.20833333     48.27500000     47.55833333 
     48.44166667     46.87500000     46.48333333     47.57500000     46.94166667     47.63333333     46.80000000     47.17500000     47.30833333     47.07500000     47.05833333     45.58333333     47.27500000     47.52500000     46.85833333     46.05833333     47.63333333     47.40000000     47.35000000     47.58333333     47.46666667     46.75833333     46.99166667     46.41666667     47.28333333 
