      0.00000000     14.46666667     23.50000000     26.88333333     30.23333333     32.33333333     34.01666667     34.90000000     35.93333333     36.83333333     36.28333333     37.40000000     36.83333333     38.40000000     37.10000000     37.65000000     37.68333333     37.23333333     36.56666667     37.08333333     37.33333333     37.40000000     37.75000000     38.40000000     37.93333333 
     39.00000000     39.11666667     40.33333333     40.30000000     41.18333333     40.50000000     41.81666667     41.21666667     41.31666667     39.41666667     40.33333333     40.73333333     41.41666667     40.53333333     39.83333333     38.60000000     39.93333333     40.95000000     40.03333333     40.28333333     41.05000000     40.23333333     40.70000000     40.18333333     40.83333333 
     40.60000000     40.93333333     40.98333333     41.16666667     42.15000000     41.15000000     40.75000000     41.35000000     41.50000000     41.31666667     42.43333333     41.11666667     42.03333333     40.85000000     41.41666667     41.56666667     42.03333333     42.40000000     41.61666667     41.63333333     41.66666667     42.16666667     41.33333333     41.51666667     41.93333333 
     42.08333333     42.53333333     42.70000000     42.98333333     45.26666667     44.00000000     44.10000000     43.95000000     42.95000000     43.30000000     43.76666667     44.18333333     45.48333333     44.65000000     44.81666667     45.06666667     44.60000000     43.63333333     43.55000000     43.41666667     43.53333333     45.21666667     44.40000000     43.88333333     43.63333333 
     43.98333333     45.58333333     43.91666667     43.76666667     45.50000000     45.75000000     45.38333333     45.98333333     46.61666667     47.00000000     46.68333333     45.91666667     46.18333333     46.28333333     46.45000000     46.45000000     47.26666667     47.93333333     48.38333333     47.95000000     49.20000000     47.68333333     47.28333333     47.65000000     47.53333333 
     47.65000000     47.98333333     49.25000000     49.05000000     49.36666667     49.38333333     49.05000000     49.41666667     48.83333333     50.01666667     49.50000000     49.35000000     48.88333333     48.80000000     50.01666667     48.95000000     49.05000000     49.03333333     49.28333333     49.15000000     48.21666667     49.75000000     49.96666667     50.06666667     49.83333333 
     50.16666667     49.91666667     51.11666667     51.53333333     51.21666667     51.81666667     51.53333333     50.58333333     51.85000000     52.40000000     53.35000000     54.43333333     53.75000000     53.18333333     52.71666667     53.11666667     52.31666667     53.80000000     52.38333333     51.85000000     52.70000000     53.56666667     53.06666667     53.70000000     53.18333333 
     53.43333333     52.51666667     54.16666667     53.35000000     53.61666667     54.06666667     54.13333333     54.66666667     54.65000000     54.68333333     56.73333333     56.30000000     56.38333333     56.91666667     57.08333333     56.78333333     55.93333333     54.75000000     54.95000000     55.13333333     54.13333333     55.96666667     55.45000000     55.23333333     54.00000000 
     53.81666667     55.48333333     54.48333333     55.30000000     55.11666667     55.05000000     57.30000000     56.58333333     56.21666667     56.30000000     56.60000000     58.35000000     57.16666667     58.36666667     59.63333333     58.73333333     58.30000000     56.48333333     55.83333333     56.51666667     56.06666667     56.35000000     55.30000000     56.70000000     57.43333333 
     57.21666667     58.21666667     58.96666667     59.16666667     59.68333333     60.65000000     60.90000000     60.55000000     59.83333333     59.28333333     59.51666667     60.83333333     61.35000000     61.63333333     60.96666667     61.91666667     62.21666667     61.58333333     61.70000000     60.96666667     60.45000000     60.81666667     61.60000000     61.08333333     61.35000000 
     60.71666667     62.53333333     63.48333333     64.18333333     64.30000000     63.45000000     63.26666667     63.75000000     64.00000000     63.86666667     63.46666667     64.11666667     65.01666667     65.16666667     65.08333333     66.76666667     65.60000000     64.90000000     65.80000000     64.86666667     65.16666667     65.60000000     65.41666667     66.16666667     65.26666667 
     64.28333333     65.48333333     66.13333333     65.53333333     66.73333333     68.23333333     67.15000000     68.21666667     68.76666667     68.45000000     69.21666667     69.13333333     68.86666667     68.85000000     68.31666667     68.63333333     68.71666667     68.03333333     68.75000000     68.00000000     69.73333333     68.63333333     69.03333333     68.46666667     68.63333333 
     69.20000000     69.35000000     70.05000000     70.18333333     71.38333333     71.88333333     71.56666667     71.85000000     71.96666667     72.46666667     72.51666667     73.03333333     73.86666667     74.41666667     75.45000000     74.71666667     75.46666667     74.95000000     73.63333333     73.51666667     73.38333333     73.48333333     73.13333333     73.20000000     72.75000000 
     72.85000000     75.43333333     74.33333333     74.40000000     75.01666667     76.53333333     75.43333333     75.83333333     76.70000000     76.75000000     77.20000000     78.55000000     78.40000000     79.60000000     78.86666667     78.36666667     78.68333333     78.08333333     79.00000000     78.36666667     79.11666667     79.91666667     80.30000000     80.23333333     81.65000000 
     81.25000000     81.58333333     80.70000000     80.40000000     80.93333333     81.70000000     81.50000000     81.28333333     80.83333333     82.78333333     81.61666667     81.20000000     80.93333333     81.93333333     82.75000000     83.25000000     83.45000000     83.45000000     82.68333333     83.73333333     82.58333333     82.53333333     82.66666667     83.91666667     84.33333333 
     83.93333333     83.01666667     84.86666667     85.83333333     87.61666667     88.08333333     88.03333333     87.83333333     87.38333333     86.63333333     86.10000000     85.75000000     85.48333333     86.31666667     85.85000000     86.06666667     86.35000000     87.23333333     88.13333333     89.51666667     88.21666667     88.30000000     87.03333333     87.53333333     86.28333333 
     86.18333333     86.65000000     87.61666667     88.71666667     88.83333333     88.70000000     88.51666667     89.00000000     90.48333333     91.31666667     92.25000000     92.65000000     91.91666667     92.06666667     92.10000000     92.51666667     92.80000000     93.00000000     94.10000000     93.90000000     92.58333333     92.46666667     92.56666667     92.28333333     92.86666667 
     93.18333333     94.85000000     94.81666667     95.78333333     96.60000000     96.18333333     97.68333333     97.11666667     96.86666667     96.73333333     98.26666667     97.68333333     98.45000000     98.25000000     99.23333333     98.55000000     98.40000000     98.45000000     97.45000000     99.28333333    100.56666667    101.95000000    100.91666667    100.68333333    100.66666667 
    101.75000000    102.15000000    103.25000000    103.01666667    103.10000000    102.45000000    103.86666667    103.80000000    103.01666667    104.70000000    105.76666667    105.56666667    105.26666667    106.41666667    106.20000000    106.46666667    106.51666667    106.40000000    106.48333333    106.38333333    106.16666667    106.81666667    105.75000000    106.51666667    106.35000000 
    107.06666667    108.81666667    108.11666667    108.16666667    109.75000000    110.36666667    110.61666667    111.50000000    113.58333333    114.08333333    114.56666667    112.93333333    111.85000000    112.16666667    112.30000000    112.86666667    112.46666667    112.75000000    113.20000000    113.53333333    113.15000000    113.15000000    111.93333333    112.98333333    113.46666667 
    114.68333333    116.40000000    118.16666667    117.13333333    116.43333333    117.83333333    118.61666667    118.21666667    118.15000000    119.08333333    118.81666667    118.78333333    119.16666667    119.65000000    119.61666667    119.76666667    120.91666667    121.31666667    122.38333333    122.05000000    122.15000000    122.08333333    121.60000000    121.63333333    121.71666667 
    122.26666667    123.06666667    124.33333333    124.63333333    124.53333333    125.83333333    126.08333333    125.96666667    126.35000000    127.95000000    128.83333333    128.45000000    128.58333333    129.20000000    129.10000000    128.88333333    128.91666667    129.81666667    129.41666667    129.86666667    130.40000000    129.61666667    130.38333333    129.26666667    129.75000000 
    130.85000000    131.53333333    130.85000000    131.50000000    132.16666667    133.85000000    134.16666667    134.70000000    134.66666667    135.81666667    136.00000000    137.05000000    137.01666667    138.16666667    138.68333333    138.58333333    138.16666667    139.25000000    139.65000000    139.66666667    138.65000000    139.51666667    140.15000000    140.05000000    140.38333333 
    140.31666667    141.01666667    142.23333333    142.31666667    144.76666667    145.41666667    145.38333333    145.95000000    146.65000000    145.98333333    147.31666667    148.25000000    147.91666667    148.75000000    149.26666667    149.75000000    150.41666667    149.15000000    150.88333333    149.48333333    150.11666667    151.40000000    151.30000000    151.15000000    150.33333333 
    149.85000000    150.95000000    151.83333333    152.15000000    153.11666667    153.06666667    153.83333333    153.56666667    155.56666667    156.43333333    155.80000000    156.45000000    158.41666667    160.13333333    158.78333333    158.86666667    160.33333333    160.13333333    158.78333333    158.80000000    159.30000000    158.80000000    159.15000000    159.41666667    159.31666667 
    159.56666667    160.71666667    161.38333333    162.33333333    163.06666667    163.68333333    164.90000000    165.55000000    167.28333333    168.53333333    169.23333333    169.45000000    170.08333333    170.05000000    170.03333333    170.30000000    170.90000000    170.51666667    171.53333333    170.46666667    170.66666667    171.58333333    171.88333333    171.55000000    172.56666667 
    172.08333333    172.33333333    173.48333333    175.58333333    175.46666667    176.23333333    176.55000000    178.00000000    178.33333333    179.00000000    178.56666667    180.36666667    179.08333333    179.41666667    179.36666667    180.15000000    181.23333333    181.26666667    180.81666667    181.88333333    183.00000000    182.41666667    184.16666667    185.41666667    185.66666667 
    184.56666667    186.20000000    186.35000000    186.88333333    187.98333333    188.93333333    189.58333333    191.18333333    192.35000000    194.05000000    193.80000000    193.28333333    193.66666667    193.31666667    194.35000000    194.41666667    194.26666667    193.78333333    194.33333333    195.20000000    196.28333333    196.70000000    197.96666667    197.10000000    197.38333333 
    197.16666667    198.46666667    200.75000000    201.75000000    201.26666667    201.96666667    203.31666667    205.25000000    203.50000000    205.51666667    206.26666667    206.70000000    206.58333333    207.55000000    208.28333333    208.58333333    209.70000000    210.50000000    211.63333333    211.15000000    210.83333333    211.56666667    211.71666667    211.36666667    212.25000000 
    213.88333333    213.60000000    213.55000000    214.78333333    217.25000000    216.91666667    218.40000000    219.35000000    220.46666667    221.08333333    222.58333333    222.55000000    222.25000000    223.11666667    224.25000000    224.23333333    223.78333333    224.73333333    224.93333333    225.75000000    226.28333333    226.18333333    226.73333333    227.61666667    229.26666667 
    228.95000000    231.26666667    231.50000000    232.80000000    235.00000000    236.03333333    237.06666667    237.06666667    237.85000000    238.36666667    240.30000000    241.06666667    241.78333333    241.35000000    241.15000000    241.66666667    244.11666667    244.36666667    244.23333333    245.31666667    245.65000000    246.00000000    247.05000000    246.28333333    247.31666667 
    246.90000000    248.28333333    248.65000000    249.38333333    250.48333333    251.90000000    251.53333333    253.16666667    253.93333333    253.00000000    254.06666667    253.61666667    254.05000000    253.53333333    254.16666667    255.06666667    256.80000000    257.98333333    256.80000000    258.78333333    260.71666667    259.48333333    260.41666667    261.90000000    262.13333333 
    262.16666667    264.66666667    265.88333333    267.13333333    268.76666667    267.61666667    267.95000000    270.21666667    269.43333333    271.65000000    270.01666667    271.63333333    273.10000000    276.08333333    277.26666667    278.15000000    278.05000000    279.18333333    281.26666667    281.31666667    282.35000000    282.80000000    283.23333333    284.76666667    285.86666667 
    285.80000000    287.48333333    289.18333333    289.11666667    290.98333333    291.93333333    293.55000000    294.26666667    295.50000000    295.58333333    296.41666667    298.00000000    296.91666667    297.40000000    298.96666667    299.46666667    299.83333333    300.91666667    300.53333333    302.28333333    302.45000000    303.38333333    303.46666667    304.80000000    304.68333333 
    304.71666667    305.95000000    307.85000000    309.18333333    310.33333333    310.53333333    308.41666667    311.55000000    312.85000000    313.83333333    314.08333333    315.65000000    315.18333333    317.93333333    317.31666667    318.83333333    318.60000000    320.23333333    321.06666667    320.48333333    323.00000000    324.28333333    324.95000000    325.33333333    325.90000000 
    325.05000000    326.18333333    327.08333333    326.76666667    328.93333333    328.63333333    328.96666667    329.60000000    331.03333333    332.36666667    333.40000000    333.05000000    335.35000000    336.51666667    338.01666667    337.76666667    336.98333333    340.20000000    340.18333333    339.48333333    339.11666667    339.21666667    340.66666667    341.70000000    342.56666667 
    344.40000000    343.50000000    346.21666667    345.33333333    346.55000000    348.23333333    349.66666667    350.26666667    350.33333333    352.21666667    353.68333333    354.71666667    356.93333333    356.43333333    358.60000000    358.55000000    359.68333333    360.80000000    360.55000000    362.60000000    363.50000000    363.91666667    364.78333333    366.01666667    365.48333333 
    366.66666667    366.11666667    368.70000000    369.10000000    370.00000000    371.70000000    371.23333333    374.13333333    372.55000000    374.68333333    374.58333333    374.95000000    375.66666667    378.80000000    377.86666667    379.46666667    380.20000000    381.31666667    381.50000000    382.21666667    382.68333333    384.23333333    383.81666667    384.31666667    385.63333333 
    385.51666667    387.63333333    389.26666667    390.15000000    390.26666667    391.91666667    393.85000000    395.11666667    394.96666667    396.03333333    398.16666667    398.90000000    397.65000000    400.48333333    399.58333333    401.78333333    402.43333333    401.91666667    402.26666667    403.50000000    404.73333333    406.86666667    407.21666667    406.23333333    409.00000000 
    408.65000000    409.66666667    411.88333333    411.90000000    411.76666667    411.05000000    412.21666667    412.36666667    413.48333333    415.05000000    417.78333333    418.40000000    417.05000000    418.28333333    418.18333333    418.15000000    418.08333333    418.23333333    419.70000000    421.26666667    422.60000000    423.46666667    423.56666667    424.91666667    425.75000000 
    426.96666667    427.31666667    427.45000000    429.20000000    429.11666667    429.45000000    430.20000000    429.18333333    431.51666667    431.06666667    432.46666667    431.60000000    432.58333333    434.75000000    437.18333333    436.68333333    439.26666667    439.70000000    438.91666667    440.38333333    439.56666667    440.05000000    440.36666667    441.80000000    444.20000000 
    444.58333333    443.46666667    444.51666667    445.26666667    445.85000000    447.38333333    448.48333333    447.95000000    450.11666667    449.28333333    451.10000000    453.00000000    453.96666667    453.46666667    455.00000000    455.40000000    454.11666667    455.66666667    455.90000000    456.35000000    457.50000000    457.18333333    460.00000000    461.25000000    459.45000000 
    460.96666667    461.00000000    461.28333333    463.56666667    464.21666667    464.71666667    466.38333333    466.70000000    468.55000000    467.95000000    470.63333333    468.80000000    467.76666667    471.10000000    470.58333333    472.38333333    473.18333333    472.98333333    470.18333333    472.26666667    471.38333333    473.05000000    473.23333333    472.78333333    474.18333333 
    476.01666667    476.25000000    475.95000000    475.86666667    476.18333333    475.41666667    477.90000000    479.75000000    479.06666667    479.48333333    480.06666667    480.51666667    480.91666667    481.81666667    483.36666667    481.80000000    483.13333333    483.63333333    482.81666667    484.00000000    483.11666667    484.28333333    486.11666667    486.31666667    486.08333333 
    486.85000000    485.25000000    487.35000000    486.71666667    487.06666667    487.75000000    487.51666667    487.68333333    488.53333333    488.03333333    486.83333333    489.96666667    491.31666667    489.91666667    489.30000000    490.01666667    489.11666667    489.58333333    487.00000000    490.75000000    488.55000000    489.65000000    488.80000000    488.61666667    489.86666667 
    488.85000000    489.86666667    489.48333333    488.70000000    491.56666667    488.60000000    491.61666667    490.65000000    491.11666667    491.48333333    490.46666667    490.28333333    492.16666667    491.75000000    489.45000000    490.08333333    492.70000000    491.81666667    492.41666667    493.33333333    490.96666667    491.35000000    493.43333333    493.35000000    491.63333333 
    491.25000000    490.05000000    493.03333333    490.78333333    493.03333333    490.48333333    491.41666667    491.95000000    488.65000000    489.66666667    491.55000000    491.61666667    491.51666667    490.53333333    491.05000000    491.10000000    489.93333333    490.68333333    490.86666667    491.35000000    488.75000000    489.86666667    489.16666667    490.66666667    490.03333333 
    488.66666667    489.21666667    490.86666667    489.28333333    489.08333333    489.23333333    490.41666667    489.55000000    488.05000000    485.25000000    489.88333333    488.08333333    488.00000000    487.91666667    485.31666667    488.46666667    486.18333333    488.76666667    486.06666667    485.10000000    484.25000000    486.06666667    483.58333333    482.70000000    483.61666667 
    481.55000000    482.05000000    483.11666667    481.51666667    481.63333333    478.88333333    479.20000000    480.30000000    478.01666667    478.48333333    477.95000000    477.46666667    476.83333333    479.21666667    478.85000000    477.35000000    476.18333333    475.90000000    477.31666667    476.55000000    474.78333333    474.13333333    474.88333333    473.50000000    473.81666667 
    474.01666667    473.10000000    472.75000000    470.46666667    468.90000000    467.96666667    467.58333333    467.63333333    467.95000000    466.61666667    466.20000000    467.26666667    465.73333333    466.46666667    466.25000000    466.35000000    464.50000000    463.93333333    461.38333333    460.51666667    458.56666667    457.20000000    459.73333333    457.65000000    458.65000000 
    458.73333333    457.61666667    457.16666667    455.16666667    454.78333333    455.70000000    452.68333333    454.81666667    451.76666667    451.48333333    452.16666667    449.35000000    450.65000000    451.06666667    449.26666667    449.06666667    446.15000000    447.86666667    445.11666667    446.18333333    445.08333333    443.00000000    443.63333333    442.56666667    440.53333333 
    439.86666667    438.96666667    439.01666667    436.71666667    436.31666667    434.85000000    436.21666667    433.86666667    436.60000000    432.26666667    432.85000000    433.30000000    428.51666667    430.91666667    429.10000000    426.80000000    427.45000000    427.01666667    427.51666667    425.33333333    424.11666667    424.30000000    423.93333333    420.53333333    420.80000000 
    420.11666667    420.26666667    420.50000000    417.65000000    418.76666667    415.56666667    413.50000000    414.13333333    413.70000000    411.03333333    411.61666667    408.11666667    408.13333333    407.28333333    404.86666667    406.86666667    404.18333333    405.43333333    403.96666667    403.86666667    402.05000000    400.33333333    400.58333333    400.81666667    399.60000000 
    399.28333333    394.66666667    395.31666667    394.06666667    393.20000000    389.91666667    392.55000000    391.23333333    388.43333333    387.08333333    390.56666667    385.90000000    386.23333333    384.18333333    386.98333333    383.93333333    383.66666667    382.80000000    383.38333333    382.53333333    381.95000000    379.63333333    377.91666667    377.73333333    374.41666667 
    375.46666667    372.46666667    372.43333333    374.65000000    373.08333333    370.78333333    369.93333333    367.70000000    368.53333333    370.05000000    368.71666667    365.36666667    363.98333333    362.06666667    363.80000000    358.33333333    362.10000000    357.71666667    358.18333333    358.93333333    358.38333333    355.48333333    354.71666667    351.93333333    351.78333333 
    350.78333333    352.23333333    349.11666667    348.60000000    347.70000000    347.60000000    343.25000000    344.43333333    345.75000000    343.68333333    343.76666667    340.58333333    340.33333333    336.98333333    338.03333333    336.71666667    336.61666667    337.18333333    333.36666667    334.65000000    332.23333333    333.23333333    331.23333333    330.05000000    330.86666667 
    328.66666667    328.43333333    324.80000000    324.73333333    324.71666667    322.80000000    319.75000000    320.03333333    321.31666667    319.78333333    318.38333333    318.13333333    316.25000000    319.06666667    317.58333333    315.48333333    312.50000000    313.96666667    312.76666667    311.18333333    311.75000000    311.28333333    310.98333333    311.26666667    306.83333333 
    307.76666667    302.78333333    304.43333333    301.00000000    302.13333333    303.56666667    302.23333333    303.81666667    297.68333333    297.35000000    298.30000000    298.98333333    296.61666667    295.61666667    294.11666667    296.20000000    295.03333333    292.96666667    291.55000000    293.46666667    289.98333333    288.18333333    289.25000000    289.23333333    289.73333333 
    289.18333333    284.71666667    283.13333333    285.38333333    283.76666667    281.86666667    281.71666667    284.03333333    278.80000000    278.28333333    277.65000000    277.65000000    277.23333333    275.93333333    274.15000000    275.25000000    273.76666667    276.25000000    272.85000000    272.76666667    272.55000000    271.25000000    272.28333333    271.95000000    269.88333333 
    268.23333333    265.90000000    264.36666667    264.86666667    263.78333333    264.98333333    260.71666667    262.78333333    263.55000000    262.10000000    260.65000000    260.28333333    259.91666667    260.40000000    258.36666667    256.78333333    255.25000000    256.05000000    256.55000000    257.40000000    253.60000000    252.83333333    254.90000000    251.33333333    254.63333333 
    252.58333333    251.01666667    249.80000000    249.25000000    248.96666667    248.43333333    246.08333333    246.96666667    245.81666667    246.50000000    247.68333333    245.45000000    246.26666667    243.60000000    241.91666667    244.26666667    244.91666667    242.56666667    243.83333333    244.40000000    242.20000000    240.80000000    241.05000000    241.26666667    239.31666667 
    236.18333333    237.50000000    234.90000000    234.46666667    235.70000000    231.40000000    232.08333333    233.48333333    233.40000000    231.96666667    229.01666667    232.90000000    229.40000000    230.16666667    230.06666667    229.61666667    229.48333333    230.68333333    227.90000000    227.70000000    226.26666667    225.76666667    226.86666667    224.90000000    223.90000000 
    224.73333333    222.85000000    223.68333333    222.31666667    221.43333333    219.48333333    219.30000000    218.76666667    218.81666667    220.30000000    218.95000000    218.90000000    218.41666667    217.55000000    216.13333333    216.38333333    213.51666667    215.25000000    214.88333333    212.91666667    214.66666667    216.05000000    214.05000000    212.96666667    210.15000000 
    207.28333333    208.40000000    209.08333333    210.45000000    209.65000000    208.01666667    208.25000000    206.11666667    206.28333333    207.01666667    203.21666667    204.76666667    204.95000000    203.18333333    201.11666667    203.01666667    201.26666667    202.16666667    202.65000000    200.60000000    202.13333333    199.45000000    200.45000000    198.60000000    197.45000000 
    201.33333333    197.55000000    198.15000000    195.23333333    195.05000000    193.38333333    194.83333333    194.90000000    194.28333333    194.96666667    192.63333333    193.06666667    191.80000000    192.20000000    193.80000000    192.61666667    190.75000000    192.41666667    190.50000000    189.56666667    189.35000000    190.13333333    190.11666667    189.25000000    186.06666667 
    187.91666667    187.43333333    188.11666667    187.15000000    184.16666667    186.03333333    187.20000000    187.36666667    188.26666667    187.68333333    186.66666667    186.98333333    185.05000000    184.81666667    185.46666667    184.65000000    185.50000000    183.75000000    184.98333333    180.51666667    180.01666667    181.58333333    179.61666667    179.01666667    181.56666667 
    180.01666667    181.40000000    179.21666667    178.11666667    181.38333333    177.16666667    178.75000000    180.13333333    178.88333333    177.45000000    176.76666667    176.31666667    176.61666667    176.08333333    173.90000000    173.08333333    174.13333333    173.51666667    174.86666667    174.53333333    175.00000000    176.35000000    174.55000000    173.51666667    172.43333333 
    172.36666667    173.86666667    171.18333333    173.40000000    173.23333333    172.40000000    172.30000000    170.93333333    173.63333333    172.28333333    171.73333333    173.71666667    170.31666667    169.40000000    170.63333333    171.10000000    169.00000000    171.78333333    170.46666667    169.40000000    168.41666667    168.73333333    168.56666667    168.45000000    167.45000000 
    166.85000000    165.31666667    165.45000000    167.15000000    164.23333333    165.78333333    162.40000000    165.28333333    162.23333333    163.91666667    165.38333333    162.75000000    163.31666667    159.63333333    160.98333333    161.03333333    161.51666667    161.15000000    161.88333333    159.61666667    159.88333333    161.18333333    162.10000000    162.53333333    161.51666667 
    158.13333333    158.45000000    156.78333333    158.13333333    157.36666667    155.96666667    156.93333333    157.41666667    156.05000000    156.66666667    158.91666667    156.51666667    155.36666667    156.85000000    156.91666667    157.40000000    156.68333333    157.78333333    157.15000000    155.38333333    156.33333333    155.51666667    155.76666667    156.91666667    154.46666667 
    155.40000000    152.91666667    155.76666667    151.81666667    152.00000000    154.86666667    153.70000000    152.70000000    150.30000000    151.43333333    150.76666667    150.66666667    150.91666667    148.73333333    151.00000000    150.16666667    150.80000000    151.35000000    150.53333333    151.85000000    149.98333333    149.15000000    149.38333333    148.95000000    152.01666667 
    147.11666667    147.80000000    147.06666667    146.85000000    148.18333333    145.41666667    147.33333333    144.55000000    147.38333333    147.00000000    145.43333333    142.91666667    144.75000000    146.43333333    145.90000000    144.10000000    146.70000000    147.70000000    144.71666667    146.15000000    145.00000000    145.93333333    145.80000000    144.70000000    142.93333333 
    145.08333333    142.75000000    141.36666667    141.25000000    139.61666667    140.46666667    139.56666667    140.73333333    139.18333333    142.88333333    139.90000000    140.31666667    138.63333333    139.18333333    140.15000000    138.68333333    141.56666667    140.28333333    138.61666667    140.28333333    140.01666667    140.16666667    137.96666667    140.08333333    138.93333333 
    139.90000000    137.38333333    138.75000000    136.83333333    139.53333333    135.96666667    134.50000000    135.43333333    138.06666667    136.41666667    134.10000000    132.80000000    133.28333333    135.35000000    135.48333333    136.05000000    134.20000000    132.93333333    134.00000000    134.40000000    134.13333333    133.41666667    133.93333333    131.66666667    132.90000000 
    132.36666667    134.46666667    133.35000000    132.38333333    132.08333333    131.10000000    131.06666667    132.41666667    130.20000000    130.56666667    130.18333333    132.01666667    130.56666667    130.66666667    130.60000000    130.80000000    128.85000000    129.56666667    129.85000000    129.61666667    131.18333333    130.66666667    130.53333333    128.75000000    129.41666667 
    128.23333333    126.81666667    126.40000000    127.31666667    127.55000000    127.13333333    128.05000000    126.31666667    125.25000000    124.65000000    124.66666667    125.43333333    126.73333333    124.58333333    126.00000000    126.23333333    126.88333333    124.85000000    126.83333333    125.58333333    125.23333333    123.45000000    124.51666667    125.68333333    125.53333333 
    126.00000000    124.30000000    123.76666667    125.86666667    124.48333333    123.20000000    122.90000000    124.85000000    123.20000000    121.48333333    124.53333333    123.08333333    121.73333333    122.26666667    119.51666667    121.98333333    121.90000000    123.06666667    122.66666667    124.23333333    125.13333333    124.53333333    121.61666667    123.10000000    121.41666667 
    123.28333333    121.45000000    121.25000000    118.43333333    118.73333333    118.70000000    119.81666667    117.75000000    121.93333333    121.35000000    119.60000000    120.01666667    119.96666667    120.40000000    119.91666667    120.03333333    117.83333333    119.43333333    120.21666667    120.83333333    119.03333333    117.53333333    117.66666667    117.50000000    117.91666667 
    120.18333333    119.00000000    118.26666667    117.16666667    115.25000000    116.11666667    115.63333333    115.91666667    113.73333333    115.90000000    117.08333333    118.08333333    118.40000000    116.83333333    118.53333333    117.98333333    117.78333333    116.88333333    115.68333333    114.95000000    115.45000000    115.83333333    115.41666667    115.63333333    115.71666667 
    114.50000000    115.23333333    114.35000000    111.86666667    112.35000000    114.50000000    113.45000000    114.81666667    113.35000000    112.03333333    113.65000000    113.18333333    113.30000000    114.25000000    113.66666667    113.48333333    115.11666667    113.65000000    113.55000000    113.03333333    112.11666667    112.85000000    114.26666667    110.98333333    115.10000000 
    112.86666667    115.15000000    112.70000000    112.91666667    113.93333333    113.88333333    116.08333333    113.48333333    114.35000000    113.60000000    114.51666667    114.80000000    113.23333333    112.95000000    112.05000000    112.73333333    112.46666667    112.58333333    115.40000000    112.50000000    112.73333333    114.06666667    112.53333333    113.46666667    114.13333333 
    115.61666667    114.53333333    114.71666667    114.55000000    113.55000000    116.01666667    115.46666667    117.01666667    116.18333333    113.98333333    113.81666667    113.46666667    115.86666667    114.83333333    116.96666667    116.01666667    115.93333333    115.66666667    115.76666667    113.15000000    114.13333333    115.38333333    113.95000000    117.10000000    115.21666667 
    114.11666667    113.98333333    118.71666667    116.88333333    114.81666667    117.60000000    115.96666667    116.06666667    117.36666667    117.00000000    117.10000000    117.11666667    114.53333333    115.86666667    116.96666667    116.76666667    117.93333333    118.01666667    118.33333333    117.56666667    119.45000000    117.93333333    119.23333333    118.25000000    119.06666667 
    117.60000000    120.70000000    121.25000000    120.05000000    120.60000000    121.21666667    120.63333333    122.16666667    120.21666667    122.18333333    119.20000000    120.85000000    119.56666667    121.40000000    122.66666667    121.51666667    124.53333333    121.73333333    121.13333333    119.78333333    120.50000000    121.28333333    120.96666667    123.75000000    119.36666667 
    121.40000000    123.10000000    123.33333333    126.81666667    123.85000000    121.93333333    122.98333333    123.85000000    123.33333333    124.00000000    124.83333333    123.51666667    124.65000000    124.23333333    124.31666667    125.75000000    127.26666667    125.03333333    125.08333333    125.18333333    125.51666667    125.55000000    123.31666667    123.53333333    126.63333333 
    128.25000000    126.83333333    128.03333333    126.93333333    128.48333333    127.45000000    126.93333333    126.78333333    128.86666667    128.36666667    127.63333333    126.73333333    127.46666667    126.85000000    128.31666667    129.48333333    129.86666667    129.63333333    128.96666667    128.88333333    129.10000000    130.08333333    128.36666667    125.26666667    129.56666667 
    127.85000000    130.30000000    130.15000000    130.66666667    129.58333333    129.36666667    130.48333333    130.81666667    129.80000000    129.78333333    129.98333333    131.40000000    131.31666667    130.18333333    130.93333333    134.05000000    133.10000000    132.86666667    133.23333333    133.56666667    131.61666667    131.78333333    133.15000000    133.20000000    132.43333333 
    134.25000000    135.35000000    134.11666667    133.63333333    135.35000000    134.01666667    135.61666667    136.73333333    135.56666667    135.66666667    133.85000000    135.58333333    136.45000000    136.56666667    136.16666667    136.16666667    134.63333333    133.81666667    136.48333333    136.58333333    135.66666667    133.88333333    135.30000000    136.51666667    137.93333333 
    138.28333333    138.63333333    140.18333333    139.71666667    140.26666667    136.48333333    136.10000000    137.83333333    140.13333333    138.78333333    138.48333333    138.10000000    138.33333333    137.31666667    137.81666667    136.83333333    137.18333333    139.66666667    137.93333333    136.90000000    139.56666667    136.21666667    138.56666667    137.76666667    139.78333333 
    138.95000000    140.83333333    141.36666667    139.00000000    142.15000000    141.31666667    140.41666667    142.11666667    142.20000000    142.56666667    144.25000000    141.61666667    143.08333333    141.90000000    142.90000000    142.71666667    142.86666667    143.40000000    144.38333333    144.36666667    142.86666667    143.15000000    146.45000000    147.48333333    145.20000000 
    144.25000000    145.60000000    147.83333333    147.51666667    148.00000000    147.70000000    148.26666667    146.76666667    147.00000000    148.08333333    150.01666667    146.31666667    148.30000000    151.11666667    149.36666667    147.33333333    149.45000000    151.11666667    151.13333333    148.95000000    148.45000000    149.05000000    149.25000000    151.91666667    150.70000000 
    149.05000000    151.90000000    152.65000000    153.33333333    152.85000000    154.08333333    151.91666667    153.83333333    154.53333333    152.51666667    152.63333333    152.46666667    151.91666667    153.55000000    153.58333333    153.68333333    154.93333333    153.71666667    155.36666667    156.33333333    154.41666667    153.25000000    154.85000000    156.83333333    156.43333333 
    152.96666667    154.00000000    156.51666667    155.66666667    157.45000000    157.90000000    159.46666667    157.46666667    158.18333333    158.15000000    157.50000000    157.66666667    157.36666667    157.91666667    158.80000000    157.38333333    159.00000000    158.10000000    158.70000000    159.66666667    158.48333333    158.46666667    159.53333333    158.20000000    156.88333333 
    160.51666667    160.73333333    160.33333333    162.10000000    159.71666667    162.26666667    161.56666667    159.48333333    162.06666667    164.98333333    162.01666667    161.78333333    164.68333333    166.55000000    163.36666667    165.00000000    162.48333333    163.20000000    165.83333333    165.15000000    163.48333333    164.43333333    165.56666667    161.71666667    160.93333333 
    163.46666667    166.08333333    165.11666667    168.70000000    166.71666667    166.23333333    167.61666667    166.05000000    170.20000000    170.58333333    171.33333333    168.73333333    169.18333333    170.06666667    170.06666667    170.40000000    168.85000000    169.50000000    170.61666667    171.00000000    170.83333333    170.41666667    171.73333333    172.33333333    169.31666667 
    169.31666667    171.76666667    171.13333333    172.61666667    173.33333333    172.96666667    173.00000000    175.35000000    175.71666667    175.53333333    175.60000000    176.36666667    174.91666667    174.78333333    176.95000000    176.68333333    178.03333333    176.10000000    178.86666667    174.86666667    178.25000000    176.25000000    177.93333333    176.68333333    177.30000000 
    176.95000000    178.71666667    179.60000000    180.25000000    181.10000000    180.30000000    182.78333333    179.58333333    180.70000000    181.95000000    180.66666667    182.25000000    183.15000000    181.66666667    185.01666667    184.61666667    184.18333333    183.86666667    183.05000000    185.50000000    184.38333333    184.85000000    181.80000000    182.20000000    184.48333333 
    183.61666667    186.00000000    183.36666667    184.45000000    185.06666667    183.85000000    187.60000000    188.60000000    188.63333333    186.90000000    187.86666667    185.86666667    187.83333333    189.95000000    188.03333333    186.26666667    186.86666667    187.18333333    188.35000000    186.93333333    190.86666667    188.30000000    188.65000000    187.10000000    188.61666667 
    189.20000000    191.00000000    191.23333333    191.41666667    191.10000000    191.25000000    192.35000000    193.98333333    191.50000000    192.65000000    193.30000000    194.71666667    191.61666667    193.31666667    192.73333333    192.45000000    195.60000000    196.31666667    197.36666667    196.48333333    195.75000000    194.70000000    194.96666667    199.43333333    196.60000000 
    196.81666667    197.83333333    201.01666667    199.75000000    201.23333333    200.88333333    201.60000000    198.66666667    199.73333333    202.00000000    197.78333333    200.31666667    198.56666667    202.73333333    200.46666667    201.66666667    204.50000000    202.63333333    207.51666667    204.83333333    205.78333333    204.93333333    207.98333333    204.73333333    207.58333333 
    205.76666667    208.48333333    208.13333333    208.75000000    209.86666667    208.43333333    209.43333333    206.23333333    210.00000000    210.80000000    211.48333333    210.88333333    211.75000000    210.66666667    212.03333333    213.11666667    214.23333333    211.73333333    214.70000000    215.95000000    213.65000000    214.15000000    214.63333333    215.55000000    214.96666667 
    214.60000000    217.68333333    215.56666667    216.03333333    217.08333333    214.35000000    216.71666667    216.43333333    217.98333333    216.68333333    218.53333333    218.50000000    221.53333333    217.20000000    220.65000000    221.00000000    218.58333333    220.30000000    220.25000000    221.01666667    220.68333333    220.20000000    219.31666667    220.55000000    221.06666667 
    221.86666667    222.01666667    221.81666667    223.51666667    224.41666667    225.76666667    223.35000000    225.60000000    228.96666667    227.16666667    227.76666667    231.11666667    226.60000000    229.15000000    227.23333333    229.96666667    229.51666667    230.65000000    229.43333333    228.83333333    230.55000000    229.63333333    229.71666667    231.15000000    232.01666667 
    231.06666667    232.46666667    232.23333333    233.46666667    232.86666667    234.58333333    235.10000000    233.81666667    236.46666667    235.85000000    235.15000000    235.83333333    236.26666667    236.05000000    235.16666667    236.36666667    237.63333333    234.63333333    238.53333333    236.88333333    237.76666667    239.08333333    239.05000000    237.43333333    239.00000000 
    238.78333333    243.28333333    240.81666667    245.31666667    242.76666667    242.00000000    243.51666667    244.48333333    245.06666667    245.05000000    244.85000000    246.03333333    247.10000000    246.98333333    248.06666667    247.55000000    247.06666667    248.90000000    249.16666667    250.53333333    248.28333333    250.16666667    249.35000000    250.91666667    251.43333333 
    249.71666667    255.50000000    254.33333333    251.86666667    252.36666667    253.91666667    252.03333333    258.23333333    256.13333333    254.66666667    254.98333333    256.36666667    257.38333333    261.58333333    258.15000000    259.71666667    261.85000000    261.13333333    258.81666667    260.21666667    260.86666667    258.48333333    260.50000000    260.38333333    260.08333333 
    261.41666667    263.11666667    266.56666667    267.33333333    270.28333333    268.90000000    270.98333333    270.46666667    271.13333333    270.46666667    270.23333333    270.16666667    270.66666667    273.53333333    271.95000000    271.40000000    272.20000000    273.05000000    275.51666667    274.71666667    273.08333333    275.51666667    275.88333333    275.66666667    277.48333333 
    278.98333333    277.65000000    277.20000000    280.15000000    279.80000000    281.75000000    281.56666667    283.61666667    283.98333333    283.43333333    282.45000000    284.86666667    284.96666667    284.71666667    285.95000000    286.00000000    286.53333333    288.93333333    287.26666667    288.46666667    287.18333333    287.90000000    287.66666667    287.83333333    289.66666667 
    289.68333333    291.05000000    292.53333333    293.38333333    293.43333333    292.66666667    294.58333333    294.36666667    295.38333333    295.70000000    297.88333333    295.75000000    296.78333333    296.06666667    299.28333333    298.00000000    299.43333333    302.11666667    302.43333333    302.68333333    303.48333333    304.28333333    298.83333333    303.85000000    303.68333333 
    302.30000000    302.50000000    306.30000000    304.80000000    305.05000000    307.01666667    306.15000000    309.05000000    307.41666667    309.01666667    310.31666667    310.61666667    307.60000000    308.71666667    310.00000000    311.68333333    313.56666667    311.86666667    313.36666667    313.50000000    313.11666667    316.76666667    316.28333333    317.33333333    318.60000000 
    317.36666667    322.60000000    320.98333333    322.43333333    320.58333333    324.13333333    323.10000000    323.36666667    324.85000000    322.31666667    325.20000000    325.06666667    325.35000000    328.78333333    329.23333333    328.30000000    327.43333333    329.23333333    330.81666667    331.56666667    330.28333333    332.61666667    332.01666667    327.43333333    327.75000000 
    333.10000000    337.18333333    335.96666667    334.98333333    335.30000000    338.15000000    337.85000000    338.38333333    338.26666667    338.56666667    341.05000000    340.83333333    341.56666667    344.38333333    341.60000000    346.23333333    343.56666667    343.53333333    345.13333333    345.45000000    348.90000000    347.20000000    348.11666667    348.93333333    350.10000000 
    348.30000000    350.96666667    351.06666667    353.76666667    352.76666667    355.30000000    355.86666667    355.90000000    357.55000000    356.78333333    356.35000000    358.56666667    361.01666667    359.31666667    360.71666667    358.23333333    360.25000000    360.20000000    361.73333333    362.38333333    358.75000000    361.46666667    362.86666667    364.76666667    361.66666667 
    364.35000000    365.75000000    363.70000000    363.61666667    368.71666667    367.75000000    367.21666667    369.00000000    371.60000000    371.05000000    369.15000000    371.30000000    372.40000000    373.35000000    375.33333333    374.30000000    375.31666667    375.31666667    376.05000000    378.13333333    377.58333333    377.96666667    379.85000000    378.85000000    381.45000000 
    381.11666667    380.88333333    385.03333333    382.48333333    383.43333333    385.13333333    386.48333333    385.58333333    385.75000000    386.58333333    385.53333333    388.41666667    389.80000000    389.28333333    389.05000000    389.90000000    392.01666667    388.36666667    391.30000000    392.50000000    392.00000000    392.30000000    393.11666667    393.85000000    393.55000000 
    396.40000000    395.83333333    398.90000000    398.11666667    399.30000000    401.80000000    404.21666667    401.45000000    405.95000000    407.88333333    407.55000000    411.30000000    408.16666667    409.93333333    409.65000000    411.30000000    413.38333333    413.38333333    414.66666667    413.73333333    415.88333333    415.88333333    419.00000000    418.71666667    415.13333333 
    417.68333333    419.75000000    418.91666667    422.66666667    421.71666667    423.48333333    423.65000000    426.10000000    426.80000000    428.10000000    427.93333333    424.51666667    428.41666667    429.96666667    427.66666667    431.58333333    430.16666667    433.20000000    429.21666667    431.95000000    432.78333333    431.20000000    431.96666667    432.33333333    435.63333333 
    438.10000000    438.41666667    435.08333333    436.83333333    436.93333333    438.91666667    438.98333333    441.03333333    441.21666667    442.00000000    443.55000000    442.85000000    443.03333333    445.45000000    445.38333333    446.31666667    444.21666667    446.01666667    447.70000000    444.78333333    450.20000000    450.71666667    448.11666667    447.01666667    449.81666667 
    449.30000000    449.45000000    450.43333333    452.76666667    453.56666667    452.65000000    453.85000000    457.50000000    454.96666667    456.71666667    456.61666667    458.35000000    457.70000000    458.91666667    458.36666667    459.15000000    459.08333333    459.86666667    458.95000000    460.91666667    461.63333333    462.15000000    462.61666667    464.46666667    460.90000000 
    461.65000000    465.16666667    466.45000000    463.73333333    466.76666667    465.53333333    469.86666667    466.03333333    471.15000000    468.01666667    469.28333333    470.93333333    472.30000000    473.60000000    472.06666667    472.68333333    473.53333333    473.73333333    472.23333333    473.83333333    475.11666667    473.56666667    475.50000000    473.70000000    473.61666667 
    473.48333333    477.83333333    478.11666667    477.93333333    479.36666667    477.25000000    477.03333333    479.53333333    476.06666667    476.58333333    478.43333333    480.30000000    481.20000000    479.90000000    481.13333333    480.38333333    481.46666667    482.16666667    482.65000000    482.16666667    484.26666667    483.61666667    483.06666667    485.76666667    483.08333333 
    487.03333333    485.50000000    486.20000000    484.95000000    487.73333333    485.15000000    488.86666667    487.16666667    488.08333333    487.73333333    488.53333333    490.85000000    488.43333333    492.05000000    491.25000000    490.23333333    491.20000000    492.08333333    492.18333333    493.66666667    491.70000000    491.26666667    490.23333333    490.55000000    490.26666667 
    493.96666667    493.50000000    491.33333333    493.65000000    493.26666667    493.21666667    493.85000000    494.06666667    495.26666667    494.98333333    494.66666667    497.98333333    497.81666667    496.43333333    495.38333333    497.75000000    496.91666667    495.75000000    496.98333333    495.38333333    497.46666667    495.86666667    496.66666667    496.96666667    495.40000000 
    496.48333333    496.11666667    494.68333333    496.21666667    495.26666667    494.28333333    494.60000000    493.26666667    494.68333333    496.56666667    492.98333333    491.98333333    492.83333333    493.05000000    493.91666667    489.91666667    491.15000000    492.21666667    489.15000000    488.83333333    487.60000000    488.43333333    486.80000000    487.46666667    487.80000000 
    486.95000000    485.20000000    487.95000000    485.91666667    486.13333333    486.11666667    486.53333333    484.51666667    485.70000000    483.90000000    483.86666667    483.86666667    484.03333333    483.45000000    485.46666667    481.33333333    484.65000000    482.91666667    481.73333333    481.23333333    481.88333333    481.63333333    480.23333333    479.06666667    481.40000000 
    478.88333333    477.16666667    475.55000000    475.61666667    475.66666667    473.40000000    474.58333333    469.53333333    470.31666667    470.18333333    470.96666667    469.31666667    467.56666667    468.81666667    467.36666667    468.51666667    466.63333333    468.83333333    467.15000000    465.30000000    465.51666667    466.81666667    464.81666667    462.10000000    460.20000000 
    457.85000000    457.40000000    457.58333333    458.00000000    455.56666667    453.41666667    450.83333333    450.35000000    452.10000000    449.08333333    449.25000000    448.35000000    447.21666667    446.86666667    443.36666667    444.63333333    444.51666667    441.78333333    441.83333333    438.81666667    438.33333333    437.73333333    437.78333333    436.13333333    434.66666667 
    434.83333333    434.18333333    433.53333333    430.20000000    430.71666667    429.01666667    428.10000000    427.06666667    426.20000000    425.16666667    421.08333333    419.73333333    415.70000000    414.90000000    414.90000000    415.10000000    413.63333333    412.31666667    411.86666667    409.98333333    408.00000000    408.00000000    407.03333333    404.88333333    403.98333333 
    401.61666667    401.83333333    398.86666667    397.68333333    396.33333333    394.16666667    391.11666667    389.08333333    389.05000000    385.86666667    383.96666667    382.41666667    383.13333333    383.55000000    381.80000000    381.28333333    379.10000000    377.71666667    375.36666667    375.31666667    374.16666667    374.93333333    371.25000000    370.38333333    368.65000000 
    367.35000000    365.76666667    363.18333333    362.53333333    362.25000000    359.10000000    359.06666667    355.98333333    355.25000000    353.73333333    353.60000000    352.08333333    350.45000000    349.61666667    348.05000000    346.63333333    344.43333333    343.65000000    342.15000000    340.36666667    339.43333333    338.76666667    337.46666667    335.48333333    334.80000000 
    331.85000000    329.68333333    327.53333333    326.46666667    325.51666667    324.13333333    324.63333333    320.36666667    320.20000000    318.81666667    316.53333333    315.51666667    313.05000000    310.46666667    307.93333333    307.38333333    306.25000000    305.50000000    302.10000000    300.23333333    302.03333333    300.00000000    300.35000000    297.31666667    296.80000000 
    295.11666667    293.11666667    289.85000000    289.56666667    287.85000000    287.35000000    286.10000000    284.90000000    282.61666667    282.25000000    279.41666667    279.01666667    278.51666667    275.11666667    273.25000000    270.88333333    269.76666667    269.58333333    267.66666667    267.83333333    265.06666667    265.60000000    264.11666667    262.11666667    261.06666667 
    259.95000000    257.98333333    256.80000000    255.30000000    253.40000000    252.01666667    250.78333333    248.83333333    248.56666667    247.51666667    247.11666667    244.93333333    243.35000000    242.90000000    242.93333333    242.51666667    240.66666667    239.25000000    237.10000000    236.40000000    235.48333333    234.96666667    233.11666667    232.68333333    233.01666667 
    232.33333333    231.48333333    230.38333333    229.05000000    226.86666667    226.20000000    222.98333333    222.06666667    220.36666667    220.20000000    218.40000000    217.43333333    218.28333333    216.55000000    216.35000000    214.55000000    214.43333333    212.60000000    210.90000000    210.93333333    209.40000000    208.71666667    207.60000000    206.25000000    207.71666667 
    206.01666667    205.91666667    204.65000000    203.11666667    200.68333333    199.91666667    199.13333333    197.15000000    195.98333333    195.00000000    193.95000000    192.63333333    191.81666667    192.30000000    191.53333333    190.71666667    188.73333333    189.15000000    187.63333333    187.31666667    187.06666667    185.56666667    185.66666667    184.71666667    183.51666667 
    181.73333333    180.48333333    179.58333333    178.91666667    179.40000000    177.86666667    177.05000000    174.48333333    173.06666667    172.51666667    172.23333333    171.18333333    170.85000000    170.93333333    169.46666667    168.25000000    167.31666667    168.01666667    168.26666667    167.76666667    167.41666667    166.93333333    167.31666667    166.93333333    166.68333333 
    165.73333333    164.06666667    162.91666667    162.86666667    161.13333333    158.98333333    157.93333333    156.11666667    156.61666667    156.48333333    156.95000000    156.20000000    156.11666667    154.76666667    154.63333333    154.88333333    153.31666667    153.71666667    152.38333333    151.85000000    150.91666667    148.65000000    148.06666667    146.68333333    146.31666667 
    145.76666667    145.83333333    144.85000000    143.65000000    142.68333333    141.88333333    141.60000000    141.16666667    140.01666667    140.11666667    139.11666667    140.45000000    139.33333333    138.16666667    137.96666667    138.88333333    138.55000000    139.06666667    138.26666667    138.40000000    139.16666667    140.40000000    140.11666667    139.68333333    138.70000000 
    139.41666667    137.15000000    136.55000000    135.23333333    134.31666667    133.78333333    133.15000000    133.78333333    130.81666667    130.53333333    132.01666667    131.51666667    132.10000000    131.63333333    131.30000000    131.41666667    130.66666667    129.71666667    129.50000000    128.53333333    128.45000000    128.25000000    128.36666667    128.73333333    128.06666667 
    127.36666667    126.46666667    125.45000000    124.73333333    124.08333333    123.90000000    122.71666667    122.43333333    122.53333333    121.88333333    122.26666667    121.26666667    121.25000000    121.11666667    119.60000000    119.41666667    119.51666667    119.48333333    119.76666667    118.71666667    118.63333333    118.35000000    117.53333333    116.81666667    116.78333333 
    116.45000000    116.10000000    114.50000000    114.13333333    113.76666667    112.46666667    111.71666667    111.71666667    111.00000000    112.81666667    112.43333333    113.10000000    113.66666667    113.21666667    111.98333333    110.76666667    110.13333333    109.81666667    108.80000000    108.78333333    107.63333333    107.86666667    106.86666667    106.46666667    107.08333333 
    106.60000000    106.23333333    105.76666667    105.63333333    103.85000000    104.28333333    106.10000000    105.78333333    105.55000000    106.13333333    105.18333333    104.40000000    105.13333333    104.08333333    103.61666667    103.05000000    101.58333333    101.76666667    102.98333333    102.41666667    102.76666667    103.38333333    102.71666667    103.11666667    103.75000000 
    103.00000000    101.13333333    100.70000000     99.51666667     98.81666667     98.16666667     97.55000000     97.21666667     97.48333333     97.05000000     97.58333333     96.93333333     97.30000000     96.98333333     95.61666667     95.91666667     96.18333333     95.38333333     94.66666667     94.86666667     93.60000000     94.65000000     94.91666667     96.25000000     95.31666667 
     95.96666667     94.76666667     93.91666667     92.55000000     92.43333333     91.86666667     91.43333333     92.01666667     92.40000000     92.83333333     91.43333333     91.10000000     91.71666667     90.71666667     90.45000000     89.13333333     89.41666667     89.26666667     89.31666667     89.15000000     88.73333333     89.40000000     89.60000000     89.41666667     87.71666667 
     87.68333333     87.06666667     88.18333333     87.51666667     88.78333333     89.41666667     88.03333333     86.50000000     86.81666667     86.56666667     85.33333333     84.23333333     84.56666667     84.38333333     84.00000000     84.26666667     83.45000000     81.96666667     82.45000000     82.75000000     83.06666667     83.63333333     84.71666667     82.98333333     84.03333333 
     84.28333333     83.40000000     82.56666667     83.50000000     84.98333333     85.48333333     85.03333333     82.56666667     81.33333333     80.78333333     80.96666667     80.90000000     82.10000000     81.25000000     81.61666667     79.75000000     80.33333333     79.00000000     77.81666667     77.90000000     78.58333333     79.78333333     78.75000000     77.60000000     77.68333333 
     76.15000000     74.83333333     73.98333333     73.98333333     73.81666667     73.46666667     74.08333333     73.63333333     73.86666667     74.40000000     73.88333333     73.33333333     72.90000000     73.46666667     72.01666667     71.88333333     71.71666667     72.93333333     71.96666667     72.55000000     74.15000000     73.41666667     73.28333333     73.30000000     72.70000000 
     72.76666667     73.03333333     72.98333333     72.41666667     72.68333333     71.48333333     70.58333333     70.51666667     70.40000000     70.00000000     69.31666667     68.31666667     66.95000000     67.31666667     66.98333333     68.00000000     68.30000000     66.98333333     67.15000000     66.33333333     66.20000000     67.13333333     67.18333333     66.36666667     68.41666667 
     67.11666667     65.95000000     66.01666667     66.68333333     67.76666667     67.10000000     67.16666667     67.06666667     66.28333333     67.26666667     67.26666667     66.45000000     66.31666667     65.23333333     65.75000000     66.16666667     66.16666667     65.86666667     65.70000000     65.31666667     64.91666667     64.60000000     65.85000000     64.76666667     64.53333333 
     64.95000000     66.40000000     65.91666667     65.36666667     63.81666667     63.06666667     62.66666667     63.93333333     63.25000000     62.38333333     62.58333333     62.23333333     62.20000000     62.45000000     62.41666667     61.58333333     61.98333333     62.45000000     62.05000000     60.80000000     62.58333333     62.40000000     62.20000000     62.80000000     62.18333333 
     61.25000000     60.68333333     61.03333333     60.83333333     60.70000000     60.21666667     58.93333333     59.18333333     58.08333333     58.10000000     58.48333333     57.96666667     57.70000000     58.15000000     58.01666667     58.48333333     58.28333333     58.91666667     58.68333333     58.66666667     58.10000000     58.36666667     58.20000000     57.98333333     57.73333333 
     58.76666667     56.81666667     57.86666667     57.20000000     57.26666667     56.73333333     56.40000000     56.53333333     56.21666667     56.36666667     56.00000000     56.16666667     56.03333333     55.68333333     55.36666667     55.23333333     53.28333333     53.81666667     54.26666667     53.66666667     54.93333333     55.30000000     54.13333333     54.66666667     56.08333333 
     56.21666667     56.91666667     55.65000000     54.41666667     53.83333333     53.30000000     53.71666667     53.91666667     53.43333333     53.26666667     51.63333333     52.30000000     52.60000000     50.93333333     52.61666667     53.96666667     52.86666667     52.85000000     51.96666667     51.73333333     51.76666667     53.43333333     53.71666667     52.96666667     52.65000000 
     52.23333333     51.11666667     50.38333333     51.25000000     51.01666667     50.78333333     49.58333333     49.10000000     49.38333333     50.75000000     50.18333333     49.90000000     49.50000000     50.10000000     50.35000000     50.33333333     49.65000000     48.78333333     48.51666667     49.46666667     49.35000000     49.23333333     49.31666667     48.46666667     48.35000000 
     49.45000000     48.26666667     46.93333333     46.21666667     46.30000000     47.26666667     46.11666667     46.40000000     47.15000000     47.31666667     47.51666667     46.45000000     45.05000000     45.23333333     45.11666667     45.50000000     47.03333333     47.36666667     47.53333333     47.08333333     46.91666667     46.13333333     45.13333333     45.06666667     45.26666667 
     45.28333333     44.05000000     43.25000000     42.48333333     42.78333333     43.06666667     43.45000000     44.40000000     43.60000000     43.68333333     42.66666667     44.31666667     45.65000000     45.28333333     45.18333333     43.81666667     43.25000000     43.70000000     44.26666667     43.60000000     43.30000000     43.18333333     43.71666667     44.01666667     44.91666667 
     44.88333333     43.28333333     42.70000000     41.78333333     40.86666667     40.75000000     41.60000000     42.46666667     42.03333333     40.86666667     42.70000000     40.83333333     41.21666667     41.30000000     41.68333333     41.85000000     43.08333333     43.40000000     42.10000000     41.73333333     42.91666667     42.85000000     42.41666667     41.80000000     42.58333333 
     42.35000000     40.95000000     41.13333333     39.35000000     39.91666667     38.91666667     40.35000000     40.73333333     40.60000000     39.95000000     40.20000000     39.96666667     40.60000000     40.86666667     41.01666667     39.96666667     39.86666667     40.35000000     40.61666667     40.11666667     39.25000000     38.70000000     39.50000000     39.41666667     39.13333333 
     39.30000000     39.40000000     40.76666667     40.46666667     39.48333333     39.56666667     39.48333333     39.78333333     39.71666667     39.66666667     38.76666667     38.20000000     39.00000000     38.68333333     39.26666667     39.01666667     37.90000000     38.90000000     38.70000000     38.48333333     37.78333333     37.75000000     37.48333333     36.73333333     36.08333333 
     38.11666667     37.23333333     37.13333333     36.90000000     37.36666667     37.03333333     36.35000000     34.40000000     34.38333333     35.63333333     35.36666667     35.86666667     35.11666667     34.41666667     34.48333333     35.83333333     36.48333333     35.60000000     36.40000000     36.10000000     34.96666667     34.93333333     35.75000000     35.31666667     35.16666667 
