      0.00000000      8.30000000     14.29166667     17.55833333     20.59166667     23.04166667     24.61666667     25.33333333     26.69166667     27.21666667     27.00000000     27.88333333     27.21666667     28.79166667     27.93333333     28.34166667     28.50000000     27.69166667     26.87500000     27.70000000     27.51666667     28.05000000     28.24166667     28.50000000     28.50833333 
     29.10000000     29.46666667     30.70000000     30.62500000     31.14166667     30.62500000     31.15000000     31.45833333     31.50000000     30.24166667     30.60833333     31.06666667     31.35833333     30.81666667     30.73333333     29.54166667     30.63333333     31.34166667     30.13333333     30.33333333     31.12500000     30.33333333     30.65833333     30.55000000     30.95000000 
     30.58333333     31.02500000     31.15000000     31.08333333     31.43333333     31.29166667     31.05833333     31.83333333     31.74166667     31.86666667     32.55000000     31.70000000     31.92500000     31.23333333     31.41666667     31.15000000     31.94166667     32.26666667     32.12500000     32.12500000     31.84166667     32.36666667     31.78333333     32.26666667     32.39166667 
     32.33333333     32.77500000     33.21666667     33.39166667     34.75833333     33.76666667     33.51666667     33.85000000     33.05833333     33.20000000     33.65833333     34.19166667     35.01666667     34.65833333     34.80833333     34.61666667     34.69166667     34.59166667     34.29166667     34.11666667     34.03333333     35.01666667     34.30833333     33.76666667     33.53333333 
     33.68333333     35.14166667     34.13333333     33.90000000     34.94166667     35.10833333     34.99166667     35.31666667     35.37500000     36.24166667     35.77500000     35.38333333     35.95833333     36.11666667     35.99166667     36.06666667     37.01666667     37.94166667     38.21666667     37.76666667     38.53333333     38.21666667     37.98333333     38.34166667     37.92500000 
     37.96666667     38.57500000     39.03333333     38.37500000     38.99166667     38.93333333     39.43333333     39.37500000     39.52500000     40.20833333     40.31666667     40.20833333     39.90833333     40.20000000     40.64166667     39.94166667     39.68333333     39.05833333     38.93333333     39.12500000     38.44166667     39.59166667     39.56666667     39.80833333     39.61666667 
     40.53333333     41.17500000     41.48333333     42.00833333     41.97500000     41.67500000     41.72500000     40.99166667     41.53333333     42.17500000     43.12500000     44.25833333     44.25000000     43.99166667     43.63333333     43.28333333     42.61666667     43.48333333     42.87500000     42.78333333     43.31666667     43.75000000     43.51666667     43.58333333     43.40000000 
     43.20000000     42.86666667     43.70000000     43.48333333     43.98333333     44.76666667     44.75000000     45.10833333     45.79166667     45.22500000     46.45000000     46.19166667     46.36666667     46.96666667     46.91666667     47.43333333     46.96666667     46.15833333     45.95833333     45.97500000     45.19166667     45.90000000     45.23333333     44.72500000     44.26666667 
     43.95833333     45.17500000     44.91666667     45.37500000     45.45833333     45.64166667     47.04166667     46.91666667     46.77500000     46.95000000     47.18333333     48.27500000     48.92500000     49.86666667     50.51666667     49.47500000     49.42500000     48.42500000     47.90833333     47.70000000     47.29166667     47.72500000     47.31666667     48.24166667     48.63333333 
     48.22500000     49.70833333     50.12500000     50.38333333     51.21666667     52.14166667     52.50833333     52.73333333     52.69166667     51.59166667     51.85833333     52.43333333     52.44166667     52.46666667     51.81666667     52.67500000     53.00000000     52.96666667     52.40000000     51.78333333     51.55000000     51.65000000     52.50000000     52.08333333     52.25000000 
     51.82500000     53.12500000     53.75000000     54.37500000     54.11666667     53.98333333     54.29166667     54.60833333     55.21666667     54.92500000     54.76666667     55.82500000     55.75833333     55.59166667     56.16666667     57.32500000     56.20833333     55.00000000     56.24166667     55.89166667     56.33333333     56.52500000     56.56666667     56.63333333     56.50833333 
     56.14166667     56.75833333     57.20833333     57.52500000     58.54166667     59.79166667     59.79166667     60.11666667     60.55833333     60.45833333     60.96666667     61.05000000     60.85000000     60.48333333     60.00000000     60.25000000     60.38333333     59.71666667     60.36666667     59.96666667     60.95000000     60.66666667     60.95000000     61.01666667     61.27500000 
     62.06666667     62.49166667     62.77500000     62.41666667     63.65833333     64.65833333     64.11666667     64.27500000     64.47500000     64.75833333     64.90000000     66.16666667     66.93333333     66.73333333     68.50833333     67.32500000     68.27500000     67.90000000     66.82500000     67.40833333     66.66666667     66.05833333     66.16666667     66.67500000     67.00833333 
     66.88333333     67.71666667     67.65000000     67.85000000     68.75000000     69.92500000     69.90833333     69.30833333     70.21666667     71.07500000     71.04166667     72.55833333     72.58333333     73.23333333     72.92500000     73.05000000     73.25000000     72.80000000     73.20833333     73.00833333     73.46666667     74.34166667     74.42500000     75.03333333     76.15833333 
     76.07500000     76.23333333     75.82500000     75.75833333     76.21666667     76.26666667     75.95833333     75.66666667     76.06666667     77.05000000     76.21666667     76.26666667     76.20000000     76.99166667     76.85000000     77.90833333     78.15000000     77.81666667     78.29166667     78.49166667     77.62500000     77.34166667     77.95000000     78.71666667     79.52500000 
     79.26666667     79.00000000     79.83333333     81.59166667     82.55000000     83.11666667     83.17500000     83.00833333     83.12500000     83.42500000     82.76666667     83.55833333     82.82500000     83.04166667     83.30000000     83.14166667     83.55000000     83.88333333     84.70000000     85.69166667     85.40000000     85.14166667     84.75833333     84.58333333     84.91666667 
     83.93333333     84.88333333     85.82500000     86.32500000     86.14166667     86.75833333     85.73333333     86.85000000     87.40833333     87.85000000     89.37500000     90.25000000     90.16666667     90.01666667     90.74166667     91.30833333     91.12500000     90.65833333     91.24166667     90.47500000     90.19166667     89.79166667     91.02500000     91.30833333     91.07500000 
     91.77500000     92.52500000     92.75833333     94.20000000     94.72500000     95.60833333     96.51666667     97.35000000     97.14166667     96.76666667     98.15000000     98.30833333     98.98333333     98.90833333     99.98333333     99.58333333     99.31666667     99.82500000     99.41666667    101.01666667    102.43333333    103.00833333    102.50833333    102.85000000    102.96666667 
    103.31666667    103.88333333    104.66666667    105.61666667    105.35833333    104.55000000    106.10000000    106.26666667    106.69166667    107.48333333    108.16666667    108.44166667    109.23333333    109.85000000    110.35833333    110.60000000    110.78333333    111.17500000    112.17500000    112.42500000    112.58333333    111.89166667    110.94166667    112.00833333    110.20000000 
    111.87500000    113.59166667    113.72500000    114.87500000    116.19166667    117.68333333    118.27500000    119.11666667    120.16666667    120.99166667    121.07500000    119.22500000    118.60833333    119.30000000    119.56666667    119.78333333    119.48333333    119.32500000    119.95833333    120.40000000    120.43333333    121.08333333    120.35000000    120.65000000    120.65833333 
    120.84166667    122.20833333    124.50833333    125.02500000    125.31666667    126.06666667    127.30000000    127.38333333    127.55833333    128.80833333    129.05000000    129.62500000    129.65833333    131.40000000    131.60000000    132.63333333    132.38333333    132.55833333    133.81666667    134.66666667    134.39166667    134.72500000    134.67500000    133.09166667    133.62500000 
    134.03333333    135.05833333    136.12500000    137.59166667    137.66666667    139.17500000    139.31666667    139.89166667    140.01666667    141.16666667    141.75000000    142.70000000    143.73333333    143.42500000    143.92500000    143.60833333    143.43333333    145.30833333    145.77500000    146.66666667    146.68333333    145.99166667    146.65833333    145.84166667    146.44166667 
    146.66666667    148.75833333    149.05000000    151.26666667    152.08333333    153.30833333    155.24166667    156.00000000    156.48333333    156.71666667    157.46666667    158.26666667    158.14166667    160.12500000    160.07500000    160.33333333    160.86666667    161.90000000    161.95000000    162.31666667    162.59166667    163.61666667    164.24166667    164.28333333    163.87500000 
    164.44166667    164.76666667    166.35000000    167.85000000    169.53333333    170.65000000    171.61666667    172.20000000    173.14166667    173.06666667    175.14166667    175.35833333    175.50000000    176.62500000    176.10833333    177.35000000    177.65833333    178.68333333    179.99166667    180.31666667    179.98333333    180.78333333    180.65000000    180.64166667    180.38333333 
    180.35833333    181.81666667    182.61666667    183.94166667    185.69166667    187.36666667    188.95000000    190.68333333    191.82500000    193.05833333    193.15000000    193.60833333    195.22500000    196.68333333    196.52500000    197.18333333    197.20000000    197.47500000    198.27500000    197.82500000    199.66666667    200.45833333    200.77500000    200.84166667    202.04166667 
    201.30833333    202.85833333    204.53333333    206.04166667    206.42500000    208.87500000    208.96666667    210.00833333    211.67500000    214.37500000    216.56666667    217.50000000    218.26666667    219.29166667    219.65833333    220.14166667    220.78333333    220.77500000    221.41666667    222.41666667    223.37500000    223.40833333    223.51666667    223.67500000    224.96666667 
    225.48333333    226.35833333    227.40000000    228.80000000    230.49166667    231.64166667    232.10833333    233.62500000    234.86666667    235.75833333    236.85000000    237.54166667    238.15833333    239.35833333    239.99166667    241.01666667    241.84166667    242.41666667    243.20833333    244.45833333    244.71666667    244.89166667    247.08333333    247.90833333    249.47500000 
    248.31666667    250.33333333    250.91666667    251.75000000    253.39166667    255.37500000    256.85000000    257.81666667    261.44166667    262.52500000    264.33333333    265.84166667    266.90833333    268.45000000    268.55000000    269.85833333    271.50000000    272.87500000    272.75000000    273.94166667    274.80000000    276.56666667    277.25000000    277.29166667    277.97500000 
    278.75833333    281.05833333    282.90833333    284.95833333    286.89166667    288.08333333    289.16666667    291.55000000    293.85000000    295.39166667    295.85000000    297.50833333    297.95000000    297.96666667    298.98333333    300.24166667    302.14166667    303.73333333    303.67500000    305.16666667    306.07500000    305.96666667    307.03333333    308.36666667    309.27500000 
    310.34166667    313.25000000    314.32500000    313.82500000    316.57500000    317.77500000    321.53333333    322.69166667    324.67500000    326.30000000    328.50000000    330.50000000    332.50833333    333.60000000    334.52500000    335.95833333    337.79166667    338.19166667    340.58333333    340.41666667    341.46666667    341.95833333    344.76666667    346.21666667    348.17500000 
    349.31666667    351.15000000    352.93333333    355.65000000    357.97500000    359.57500000    362.66666667    364.97500000    367.06666667    369.57500000    373.05000000    374.81666667    375.83333333    378.15000000    379.36666667    381.37500000    383.80000000    384.45000000    386.00833333    387.67500000    388.11666667    388.79166667    390.26666667    391.28333333    392.90000000 
    394.18333333    395.70000000    397.83333333    400.35833333    402.40833333    405.26666667    407.35833333    410.45833333    411.60833333    413.10833333    415.18333333    416.31666667    418.56666667    419.97500000    422.10000000    424.61666667    424.85833333    426.30000000    427.75833333    428.71666667    431.24166667    433.39166667    434.89166667    436.97500000    439.60000000 
    440.40000000    443.79166667    445.37500000    449.10833333    452.08333333    453.15000000    455.33333333    457.09166667    458.77500000    460.43333333    462.06666667    466.12500000    469.17500000    472.83333333    476.55000000    478.16666667    480.05000000    481.25000000    483.54166667    486.09166667    489.53333333    489.69166667    492.88333333    495.75000000    498.40000000 
    500.39166667    504.62500000    508.30000000    510.91666667    513.88333333    517.53333333    519.05000000    521.91666667    526.14166667    527.86666667    530.19166667    532.66666667    535.46666667    537.02500000    538.80833333    541.05000000    545.04166667    547.84166667    550.07500000    551.62500000    553.65000000    556.20000000    558.35000000    560.75833333    562.63333333 
    566.04166667    570.66666667    574.10833333    576.59166667    581.10833333    583.32500000    586.86666667    590.66666667    593.55000000    597.45000000    600.53333333    603.58333333    606.64166667    608.65000000    611.28333333    614.74166667    619.20000000    622.68333333    624.71666667    627.81666667    630.10000000    632.65000000    635.85000000    638.69166667    639.35833333 
    641.91666667    645.73333333    648.91666667    651.70000000    653.80000000    656.84166667    659.79166667    664.56666667    668.01666667    670.52500000    672.59166667    675.70000000    677.20000000    681.00833333    684.61666667    685.15833333    688.35000000    691.17500000    693.76666667    696.25833333    699.69166667    701.70000000    703.20833333    705.52500000    708.37500000 
    711.10000000    716.00833333    719.96666667    725.70833333    728.70833333    733.55000000    738.04166667    742.68333333    745.49166667    748.87500000    751.92500000    755.25000000    759.64166667    764.20833333    767.03333333    772.09166667    775.53333333    777.60833333    780.54166667    783.89166667    786.02500000    789.25833333    793.63333333    797.60833333    801.24166667 
    804.24166667    810.00833333    814.28333333    819.90833333    823.81666667    827.54166667    832.91666667    836.95833333    841.61666667    845.75833333    849.26666667    853.32500000    858.38333333    863.35833333    867.32500000    870.63333333    874.25000000    878.51666667    882.68333333    886.35000000    890.64166667    894.30833333    898.86666667    902.42500000    905.13333333 
    907.68333333    912.19166667    916.40000000    921.64166667    926.99166667    932.27500000    936.08333333    939.00000000    944.63333333    949.73333333    955.23333333    959.30833333    964.33333333    967.97500000    972.71666667    975.89166667    979.48333333    983.88333333    989.17500000    992.47500000    996.95000000   1001.65000000   1004.75000000   1010.01666667   1014.31666667 
   1018.40833333   1022.26666667   1026.60833333   1032.90000000   1037.09166667   1041.60000000   1045.73333333   1050.78333333   1054.36666667   1059.50833333   1065.72500000   1070.70000000   1076.25000000   1081.20000000   1085.85833333   1091.06666667   1095.93333333   1100.66666667   1106.84166667   1111.80000000   1115.53333333   1121.06666667   1124.46666667   1128.29166667   1132.98333333 
   1137.55000000   1144.48333333   1150.40000000   1155.88333333   1162.21666667   1168.43333333   1173.74166667   1179.98333333   1185.31666667   1192.96666667   1198.11666667   1204.34166667   1208.37500000   1214.20000000   1219.68333333   1226.18333333   1230.30833333   1234.98333333   1239.47500000   1243.83333333   1249.65000000   1253.75000000   1260.91666667   1264.73333333   1269.68333333 
   1275.32500000   1282.48333333   1288.23333333   1292.58333333   1298.67500000   1305.84166667   1313.00000000   1318.98333333   1323.65000000   1330.16666667   1334.90000000   1339.97500000   1346.16666667   1354.19166667   1358.83333333   1365.14166667   1371.04166667   1376.16666667   1382.23333333   1388.05833333   1394.26666667   1399.90833333   1404.18333333   1409.03333333   1415.47500000 
   1418.60833333   1426.21666667   1432.00000000   1438.45000000   1445.79166667   1452.85833333   1459.63333333   1466.96666667   1471.86666667   1478.64166667   1484.90833333   1491.05833333   1499.34166667   1504.38333333   1511.45000000   1517.57500000   1524.90000000   1530.24166667   1538.82500000   1543.84166667   1550.80000000   1555.85833333   1562.97500000   1569.76666667   1575.64166667 
   1580.90833333   1588.15000000   1596.04166667   1601.90833333   1609.16666667   1616.16666667   1621.51666667   1627.95833333   1633.99166667   1640.12500000   1646.25000000   1653.55833333   1659.73333333   1666.70000000   1671.92500000   1679.55833333   1685.57500000   1690.62500000   1696.88333333   1703.23333333   1709.38333333   1715.25000000   1720.57500000   1727.71666667   1734.40833333 
   1740.31666667   1747.85000000   1755.13333333   1762.71666667   1770.09166667   1778.00000000   1784.00000000   1790.10833333   1797.01666667   1804.94166667   1811.81666667   1817.10833333   1822.80833333   1828.68333333   1834.62500000   1843.10833333   1849.56666667   1854.42500000   1861.80000000   1867.40833333   1874.43333333   1880.88333333   1887.88333333   1894.40000000   1899.29166667 
   1905.38333333   1913.64166667   1922.25833333   1929.65000000   1935.11666667   1944.55000000   1949.63333333   1957.44166667   1965.90000000   1971.61666667   1979.45833333   1986.51666667   1991.79166667   1998.30833333   2006.59166667   2012.80000000   2018.71666667   2027.00833333   2033.35833333   2038.20000000   2046.20000000   2052.54166667   2057.70833333   2064.04166667   2069.95000000 
   2075.51666667   2083.51666667   2089.25000000   2096.90833333   2104.35833333   2111.74166667   2117.90833333   2123.63333333   2132.00833333   2139.09166667   2145.67500000   2152.90000000   2159.94166667   2167.83333333   2175.16666667   2183.00000000   2191.25000000   2196.75000000   2203.26666667   2209.15000000   2217.02500000   2222.30833333   2228.09166667   2235.95000000   2241.85833333 
   2248.84166667   2257.19166667   2262.97500000   2270.90833333   2279.58333333   2286.64166667   2291.97500000   2299.43333333   2308.50000000   2315.98333333   2320.42500000   2327.33333333   2333.33333333   2340.73333333   2348.29166667   2353.69166667   2361.49166667   2366.62500000   2375.34166667   2381.80000000   2389.71666667   2395.75000000   2403.75833333   2409.27500000   2415.45000000 
   2421.30833333   2427.87500000   2434.95833333   2441.15833333   2447.77500000   2457.25833333   2463.76666667   2470.10833333   2479.31666667   2485.49166667   2492.01666667   2500.16666667   2507.10000000   2512.51666667   2518.95000000   2526.24166667   2532.09166667   2538.37500000   2543.94166667   2551.36666667   2558.09166667   2564.08333333   2570.00833333   2577.19166667   2584.23333333 
   2591.58333333   2597.62500000   2604.21666667   2611.67500000   2618.13333333   2624.85833333   2633.20000000   2640.11666667   2647.84166667   2653.99166667   2660.26666667   2665.94166667   2672.39166667   2679.31666667   2686.26666667   2691.65833333   2699.93333333   2705.38333333   2711.59166667   2718.29166667   2724.46666667   2731.25000000   2735.69166667   2742.28333333   2748.44166667 
   2754.37500000   2759.99166667   2766.97500000   2775.05833333   2780.95000000   2786.45833333   2794.25833333   2798.94166667   2806.65000000   2813.24166667   2818.30833333   2824.83333333   2829.52500000   2835.24166667   2842.42500000   2848.16666667   2854.95833333   2860.25833333   2867.23333333   2871.66666667   2878.94166667   2885.80833333   2891.40000000   2897.30833333   2902.55000000 
   2907.45833333   2914.90833333   2921.26666667   2927.43333333   2933.63333333   2940.47500000   2945.66666667   2953.16666667   2957.84166667   2965.33333333   2971.17500000   2976.00000000   2984.88333333   2988.86666667   2994.76666667   3001.57500000   3006.11666667   3011.03333333   3015.84166667   3020.99166667   3026.44166667   3031.95833333   3035.86666667   3044.16666667   3048.91666667 
   3055.70833333   3061.45000000   3066.37500000   3073.72500000   3079.31666667   3085.81666667   3091.94166667   3096.41666667   3101.84166667   3109.66666667   3113.48333333   3120.18333333   3124.83333333   3130.00833333   3136.83333333   3140.83333333   3146.57500000   3150.60000000   3156.80000000   3160.98333333   3166.19166667   3171.21666667   3175.83333333   3179.93333333   3185.29166667 
   3190.11666667   3198.44166667   3203.12500000   3208.00000000   3212.51666667   3218.02500000   3221.36666667   3225.52500000   3231.25833333   3236.30833333   3238.77500000   3244.50000000   3249.65833333   3254.52500000   3257.35000000   3262.91666667   3266.75000000   3272.02500000   3276.40000000   3281.44166667   3286.27500000   3290.24166667   3295.25000000   3299.15000000   3304.90000000 
   3308.06666667   3313.10000000   3318.22500000   3320.34166667   3324.65833333   3329.60833333   3334.62500000   3339.90000000   3342.79166667   3346.44166667   3351.01666667   3356.31666667   3360.99166667   3364.79166667   3368.19166667   3374.17500000   3376.56666667   3382.95000000   3386.30833333   3389.73333333   3393.73333333   3397.84166667   3401.77500000   3405.94166667   3409.99166667 
   3413.90000000   3416.51666667   3421.02500000   3425.19166667   3429.38333333   3432.50000000   3437.82500000   3440.80000000   3443.65000000   3448.03333333   3451.45000000   3456.15000000   3460.60000000   3465.09166667   3467.70000000   3471.23333333   3474.37500000   3477.92500000   3483.35000000   3485.65000000   3489.15000000   3492.70833333   3497.19166667   3500.70000000   3503.59166667 
   3507.63333333   3511.39166667   3516.46666667   3519.50833333   3522.12500000   3526.25833333   3529.79166667   3533.73333333   3535.17500000   3539.51666667   3543.16666667   3546.32500000   3550.47500000   3551.89166667   3555.30833333   3559.39166667   3563.91666667   3565.77500000   3569.23333333   3572.09166667   3573.80833333   3576.69166667   3579.78333333   3582.34166667   3587.22500000 
   3589.01666667   3593.61666667   3596.33333333   3600.45833333   3601.74166667   3603.72500000   3606.74166667   3608.69166667   3613.55833333   3615.91666667   3618.25000000   3619.60000000   3622.35833333   3625.08333333   3628.70833333   3629.64166667   3633.26666667   3636.53333333   3638.66666667   3640.37500000   3644.43333333   3647.58333333   3649.45833333   3651.35000000   3652.37500000 
   3654.43333333   3659.24166667   3662.68333333   3663.80000000   3666.85833333   3669.98333333   3672.34166667   3673.48333333   3678.29166667   3680.78333333   3683.52500000   3685.43333333   3686.85833333   3688.45000000   3691.22500000   3692.15833333   3694.95833333   3694.91666667   3698.62500000   3700.72500000   3703.15833333   3705.25833333   3706.55833333   3708.00833333   3710.89166667 
   3713.78333333   3716.85833333   3718.97500000   3720.65833333   3722.85000000   3724.21666667   3728.02500000   3728.33333333   3729.77500000   3732.05833333   3734.57500000   3735.22500000   3737.79166667   3739.77500000   3742.10833333   3744.89166667   3747.38333333   3748.32500000   3749.30833333   3750.51666667   3753.89166667   3755.80000000   3756.26666667   3759.70000000   3759.52500000 
   3762.36666667   3764.86666667   3767.40833333   3768.82500000   3770.31666667   3772.24166667   3774.47500000   3775.55833333   3777.77500000   3778.44166667   3778.16666667   3780.86666667   3782.15833333   3785.20833333   3787.95000000   3787.95833333   3789.29166667   3791.52500000   3792.28333333   3792.96666667   3794.71666667   3796.44166667   3797.84166667   3799.12500000   3801.07500000 
   3803.69166667   3804.91666667   3808.05000000   3808.88333333   3810.20000000   3813.70833333   3813.91666667   3814.39166667   3815.35833333   3817.41666667   3819.21666667   3817.75000000   3820.88333333   3821.31666667   3822.18333333   3823.13333333   3823.85000000   3824.55833333   3827.29166667   3828.84166667   3829.99166667   3831.74166667   3831.88333333   3834.19166667   3835.46666667 
   3835.78333333   3837.66666667   3838.08333333   3840.01666667   3840.96666667   3843.10833333   3844.29166667   3846.15833333   3846.91666667   3846.65000000   3848.26666667   3849.39166667   3850.07500000   3851.48333333   3853.61666667   3854.18333333   3856.38333333   3856.35000000   3857.15000000   3859.00833333   3859.04166667   3858.25833333   3860.18333333   3861.94166667   3865.22500000 
   3867.29166667   3868.16666667   3868.27500000   3868.49166667   3869.42500000   3870.69166667   3871.22500000   3873.11666667   3873.55000000   3873.93333333   3877.01666667   3876.80833333   3877.00833333   3879.27500000   3881.04166667   3880.52500000   3882.28333333   3882.43333333   3882.52500000   3884.81666667   3884.58333333   3886.60000000   3886.35000000   3887.76666667   3888.84166667 
   3887.09166667   3889.80000000   3890.24166667   3892.20833333   3893.24166667   3894.40000000   3894.35000000   3894.74166667   3895.75000000   3897.11666667   3898.62500000   3899.40000000   3900.63333333   3901.27500000   3900.82500000   3901.91666667   3903.40833333   3903.08333333   3904.24166667   3905.61666667   3906.09166667   3906.49166667   3907.18333333   3907.70833333   3910.05833333 
   3909.18333333   3909.95833333   3909.96666667   3910.80833333   3912.65833333   3911.97500000   3911.47500000   3911.62500000   3911.79166667   3912.53333333   3913.25000000   3913.56666667   3915.29166667   3915.68333333   3916.13333333   3917.00000000   3916.72500000   3918.10833333   3917.67500000   3920.47500000   3921.11666667   3921.20833333   3922.70833333   3923.22500000   3922.70000000 
   3923.63333333   3923.49166667   3925.00833333   3925.58333333   3924.80833333   3926.95000000   3926.80833333   3926.32500000   3927.28333333   3928.36666667   3929.80000000   3929.89166667   3929.92500000   3931.11666667   3932.74166667   3933.45000000   3933.76666667   3933.99166667   3933.36666667   3934.04166667   3933.91666667   3933.54166667   3934.75000000   3935.91666667   3936.47500000 
   3936.66666667   3936.57500000   3938.41666667   3937.53333333   3938.03333333   3938.77500000   3939.18333333   3939.66666667   3938.80833333   3940.17500000   3940.79166667   3939.71666667   3941.50000000   3942.22500000   3941.67500000   3941.89166667   3943.30000000   3942.10000000   3943.10000000   3944.10000000   3944.85833333   3945.15000000   3945.95000000   3946.30000000   3947.13333333 
   3947.70833333   3948.55833333   3948.65000000   3948.11666667   3949.82500000   3949.27500000   3951.62500000   3950.64166667   3952.40833333   3951.69166667   3951.75000000   3953.11666667   3953.42500000   3955.61666667   3955.27500000   3955.43333333   3955.10000000   3955.64166667   3955.32500000   3956.44166667   3956.35000000   3956.03333333   3955.75000000   3956.18333333   3956.57500000 
   3958.43333333   3958.75000000   3959.98333333   3959.70833333   3960.58333333   3961.60833333   3961.37500000   3961.66666667   3962.70833333   3962.38333333   3961.53333333   3963.00833333   3963.74166667   3963.28333333   3962.92500000   3962.76666667   3963.35000000   3963.08333333   3963.48333333   3964.50833333   3964.34166667   3965.48333333   3965.25833333   3964.84166667   3965.80000000 
   3965.70000000   3967.01666667   3966.14166667   3968.34166667   3968.85000000   3967.70833333   3968.55833333   3969.01666667   3970.59166667   3970.59166667   3970.68333333   3971.33333333   3971.11666667   3972.56666667   3971.65833333   3972.26666667   3971.99166667   3971.51666667   3972.16666667   3972.02500000   3973.21666667   3974.00000000   3973.74166667   3974.34166667   3973.00000000 
   3975.45000000   3975.66666667   3975.74166667   3975.85000000   3975.55833333   3977.19166667   3976.55833333   3977.75833333   3976.80000000   3977.21666667   3978.33333333   3979.90000000   3979.34166667   3978.61666667   3979.11666667   3980.08333333   3978.66666667   3978.35000000   3979.92500000   3979.32500000   3980.07500000   3979.35000000   3979.36666667   3980.05000000   3981.15000000 
   3980.10833333   3981.67500000   3982.58333333   3982.89166667   3984.15833333   3984.19166667   3984.71666667   3984.48333333   3985.13333333   3983.69166667   3985.42500000   3985.41666667   3986.54166667   3986.50000000   3985.95833333   3986.61666667   3985.26666667   3986.05000000   3986.97500000   3986.15833333   3986.33333333   3986.21666667   3987.49166667   3986.81666667   3987.40833333 
   3987.33333333   3988.97500000   3988.12500000   3989.33333333   3988.20833333   3990.19166667   3991.14166667   3991.05000000   3989.97500000   3991.05000000   3992.63333333   3993.46666667   3993.18333333   3992.14166667   3992.54166667   3992.51666667   3993.97500000   3994.80833333   3994.17500000   3994.28333333   3994.56666667   3995.22500000   3995.05833333   3996.06666667   3995.59166667 
   3995.82500000   3994.64166667   3995.38333333   3995.97500000   3996.00000000   3996.82500000   3996.96666667   3996.66666667   3998.01666667   3997.86666667   3998.23333333   3997.49166667   3998.59166667   3998.65000000   3998.70833333   3998.79166667   3999.82500000   3999.73333333   3999.75833333   3999.90000000   3999.07500000   3999.26666667   3999.40000000   4000.33333333   4000.34166667 
   4001.12500000   4001.84166667   4002.26666667   4001.95000000   4002.12500000   4002.14166667   4001.87500000   4002.81666667   4003.43333333   4003.90000000   4004.13333333   4003.86666667   4003.17500000   4004.21666667   4003.64166667   4003.60833333   4003.35833333   4004.38333333   4003.40000000   4004.29166667   4004.41666667   4005.66666667   4005.19166667   4004.27500000   4004.37500000 
   4004.22500000   4005.10833333   4005.50000000   4004.49166667   4005.33333333   4006.29166667   4006.59166667   4005.74166667   4006.46666667   4007.19166667   4005.64166667   4006.60833333   4007.35833333   4007.21666667   4008.95000000   4007.60833333   4007.86666667   4007.48333333   4007.62500000   4006.89166667   4006.32500000   4006.75833333   4008.40000000   4007.72500000   4008.85000000 
   4007.62500000   4008.83333333   4008.83333333   4010.65833333   4010.35000000   4010.45833333   4009.96666667   4010.86666667   4008.85833333   4009.40000000   4010.32500000   4010.17500000   4010.47500000   4010.29166667   4010.50000000   4010.60000000   4011.67500000   4011.09166667   4010.62500000   4010.70000000   4011.72500000   4012.70833333   4012.84166667   4013.13333333   4012.81666667 
   4011.80000000   4012.25833333   4012.55000000   4013.18333333   4014.31666667   4013.94166667   4014.15000000   4014.14166667   4015.31666667   4014.16666667   4013.48333333   4013.13333333   4013.15833333   4014.09166667   4013.70833333   4014.00000000   4013.97500000   4014.35000000   4015.06666667   4015.44166667   4015.35833333   4015.49166667   4015.62500000   4015.51666667   4015.61666667 
   4016.07500000   4015.77500000   4016.25833333   4017.57500000   4017.37500000   4016.36666667   4017.00000000   4016.35833333   4017.16666667   4017.88333333   4017.19166667   4017.50833333   4017.48333333   4017.16666667   4017.60833333   4017.75000000   4016.93333333   4017.82500000   4017.85000000   4018.07500000   4018.67500000   4018.37500000   4017.71666667   4019.42500000   4017.40833333 
   4018.58333333   4017.41666667   4018.65833333   4018.43333333   4017.99166667   4018.05833333   4016.98333333   4018.37500000   4018.00833333   4018.30833333   4017.84166667   4017.52500000   4018.28333333   4018.43333333   4019.12500000   4018.58333333   4018.90833333   4018.77500000   4017.37500000   4018.85000000   4018.63333333   4018.14166667   4019.00833333   4018.63333333   4018.18333333 
   4017.21666667   4017.70000000   4017.51666667   4017.54166667   4017.95000000   4016.84166667   4017.15833333   4016.31666667   4016.92500000   4018.08333333   4018.21666667   4018.25833333   4016.91666667   4017.46666667   4016.46666667   4016.86666667   4017.07500000   4017.25000000   4017.22500000   4018.55000000   4018.36666667   4017.71666667   4018.26666667   4016.87500000   4017.78333333 
   4018.12500000   4018.26666667   4015.89166667   4016.40000000   4017.59166667   4015.99166667   4016.75000000   4016.69166667   4015.76666667   4015.93333333   4015.70000000   4015.56666667   4016.95833333   4016.15833333   4015.65000000   4015.60833333   4014.94166667   4014.65833333   4014.48333333   4015.05833333   4013.82500000   4014.45000000   4013.35000000   4013.62500000   4013.20833333 
   4013.74166667   4012.12500000   4011.82500000   4012.19166667   4011.99166667   4011.69166667   4012.04166667   4011.19166667   4012.30000000   4011.04166667   4012.50833333   4011.45000000   4012.14166667   4011.01666667   4010.38333333   4010.69166667   4009.16666667   4010.56666667   4011.09166667   4011.76666667   4011.47500000   4011.03333333   4011.17500000   4010.00000000   4012.19166667 
   4011.26666667   4010.32500000   4010.07500000   4008.31666667   4009.75000000   4010.13333333   4009.94166667   4009.19166667   4009.33333333   4008.71666667   4008.15833333   4008.64166667   4007.88333333   4008.31666667   4008.05833333   4007.35833333   4006.51666667   4007.61666667   4007.36666667   4007.10833333   4006.89166667   4006.65000000   4007.92500000   4007.75000000   4006.30833333 
   4005.20000000   4005.80833333   4005.25000000   4005.86666667   4004.77500000   4005.11666667   4005.50000000   4005.53333333   4004.43333333   4004.46666667   4004.97500000   4005.33333333   4004.82500000   4004.90000000   4004.10833333   4003.18333333   4002.69166667   4002.57500000   4003.30833333   4003.16666667   4003.09166667   4002.45000000   4003.35000000   4004.91666667   4002.46666667 
   4003.29166667   4001.82500000   4001.61666667   4001.12500000   4001.67500000   4001.84166667   4001.30000000   4001.03333333   4001.41666667   4001.45833333   4001.05000000   4000.42500000   4000.26666667   4000.55833333   4000.15000000   3998.62500000   3999.05833333   3999.04166667   3998.85833333   3998.83333333   3999.89166667   3999.41666667   3999.03333333   3999.07500000   3999.46666667 
   3998.60833333   3997.79166667   3998.02500000   3998.31666667   3997.23333333   3997.89166667   3997.03333333   3996.16666667   3996.53333333   3995.83333333   3996.90000000   3995.70000000   3995.63333333   3995.52500000   3995.37500000   3995.22500000   3996.11666667   3996.34166667   3994.83333333   3994.96666667   3995.31666667   3996.08333333   3995.21666667   3994.40000000   3993.99166667 
   3993.74166667   3993.03333333   3992.10833333   3991.82500000   3991.63333333   3993.24166667   3993.55833333   3992.76666667   3991.65000000   3992.15833333   3992.30833333   3992.45000000   3992.42500000   3993.60833333   3993.17500000   3993.84166667   3993.71666667   3992.17500000   3992.85000000   3993.25000000   3991.83333333   3993.10000000   3991.94166667   3992.05833333   3991.00000000 
   3991.27500000   3990.28333333   3989.44166667   3990.55000000   3988.96666667   3989.04166667   3989.26666667   3988.30833333   3988.06666667   3987.60833333   3986.95833333   3988.26666667   3987.38333333   3987.82500000   3987.12500000   3987.00000000   3986.96666667   3986.57500000   3985.97500000   3985.92500000   3986.35000000   3986.00833333   3983.93333333   3983.09166667   3984.35000000 
   3984.74166667   3984.25000000   3982.88333333   3982.75833333   3982.02500000   3981.65833333   3981.15833333   3981.62500000   3981.67500000   3980.63333333   3979.41666667   3980.87500000   3979.65000000   3978.40833333   3979.63333333   3980.31666667   3979.26666667   3978.00833333   3977.82500000   3979.25833333   3979.57500000   3978.67500000   3978.50000000   3977.21666667   3977.74166667 
   3978.39166667   3976.67500000   3976.34166667   3975.75833333   3975.66666667   3974.69166667   3975.60833333   3974.30000000   3974.03333333   3974.85000000   3975.00000000   3974.88333333   3975.02500000   3974.26666667   3973.90833333   3973.18333333   3972.78333333   3972.75833333   3971.96666667   3971.15833333   3972.10833333   3972.65833333   3971.60833333   3970.38333333   3970.64166667 
   3972.35833333   3971.70000000   3970.52500000   3970.65000000   3969.53333333   3969.35000000   3968.15833333   3968.98333333   3968.20000000   3968.38333333   3968.54166667   3968.38333333   3968.39166667   3967.94166667   3967.57500000   3967.91666667   3966.55833333   3967.16666667   3966.27500000   3965.72500000   3966.33333333   3966.45000000   3965.84166667   3966.11666667   3966.72500000 
   3964.87500000   3964.40833333   3964.42500000   3963.27500000   3964.70000000   3963.43333333   3963.26666667   3964.05000000   3962.00000000   3960.28333333   3961.82500000   3961.82500000   3960.31666667   3959.20833333   3960.63333333   3959.63333333   3960.41666667   3960.40000000   3959.07500000   3959.42500000   3960.30000000   3959.71666667   3959.43333333   3960.80000000   3961.18333333 
   3959.58333333   3957.53333333   3957.80833333   3955.59166667   3956.20000000   3955.96666667   3954.99166667   3955.49166667   3952.98333333   3952.20833333   3951.66666667   3952.59166667   3952.21666667   3951.31666667   3951.08333333   3950.60000000   3951.29166667   3951.00000000   3949.89166667   3949.67500000   3949.51666667   3949.82500000   3948.95000000   3948.00000000   3949.67500000 
   3949.75000000   3948.35833333   3948.39166667   3947.05000000   3945.91666667   3945.78333333   3945.88333333   3944.15000000   3943.57500000   3943.25833333   3942.30000000   3941.73333333   3941.87500000   3941.75833333   3940.41666667   3940.44166667   3939.31666667   3940.07500000   3938.55833333   3940.61666667   3938.97500000   3940.49166667   3939.59166667   3940.03333333   3939.21666667 
   3938.90000000   3937.85833333   3936.99166667   3936.06666667   3934.90000000   3935.61666667   3934.28333333   3935.52500000   3934.83333333   3934.00833333   3934.77500000   3933.88333333   3933.09166667   3933.89166667   3931.56666667   3931.86666667   3931.47500000   3931.25000000   3931.70833333   3930.23333333   3930.72500000   3930.47500000   3931.86666667   3931.26666667   3930.04166667 
   3930.43333333   3928.86666667   3929.57500000   3928.82500000   3928.26666667   3928.76666667   3926.83333333   3926.05000000   3925.80833333   3926.32500000   3925.60000000   3926.65833333   3925.18333333   3923.58333333   3924.11666667   3924.73333333   3924.13333333   3923.56666667   3922.71666667   3923.23333333   3921.26666667   3922.57500000   3921.93333333   3921.99166667   3921.10000000 
   3920.89166667   3919.70000000   3919.23333333   3918.78333333   3918.62500000   3917.86666667   3917.47500000   3916.58333333   3917.08333333   3916.20833333   3915.63333333   3914.31666667   3915.98333333   3914.92500000   3914.93333333   3915.00000000   3912.64166667   3911.84166667   3911.22500000   3911.49166667   3911.40833333   3911.29166667   3910.59166667   3907.60000000   3909.06666667 
   3908.55833333   3908.00000000   3905.59166667   3905.77500000   3905.44166667   3905.79166667   3905.46666667   3906.06666667   3905.23333333   3903.63333333   3905.62500000   3904.23333333   3904.54166667   3901.59166667   3901.75000000   3900.49166667   3898.10833333   3898.56666667   3895.46666667   3896.38333333   3895.78333333   3895.49166667   3893.48333333   3895.00000000   3893.22500000 
   3893.48333333   3891.24166667   3890.92500000   3890.38333333   3889.59166667   3890.40833333   3888.90000000   3890.17500000   3887.84166667   3886.41666667   3885.67500000   3885.98333333   3885.10000000   3885.25000000   3884.26666667   3883.14166667   3881.94166667   3882.94166667   3881.40000000   3880.69166667   3881.44166667   3880.73333333   3879.23333333   3878.38333333   3878.66666667 
   3879.25000000   3877.33333333   3878.32500000   3877.50000000   3876.66666667   3877.83333333   3875.85000000   3875.55833333   3873.58333333   3873.97500000   3872.62500000   3872.30833333   3870.70833333   3872.21666667   3870.41666667   3869.38333333   3870.86666667   3870.02500000   3869.30000000   3868.17500000   3867.62500000   3868.22500000   3868.50833333   3867.15833333   3866.19166667 
   3865.75000000   3864.63333333   3863.90833333   3862.09166667   3861.43333333   3859.86666667   3860.43333333   3858.74166667   3856.22500000   3856.78333333   3855.63333333   3852.97500000   3854.73333333   3852.71666667   3853.22500000   3851.89166667   3851.90000000   3850.85833333   3851.60833333   3851.32500000   3849.80000000   3849.81666667   3848.69166667   3847.37500000   3846.63333333 
   3847.26666667   3845.75833333   3845.83333333   3844.44166667   3844.03333333   3843.33333333   3842.25833333   3842.33333333   3839.92500000   3839.60000000   3838.65000000   3838.01666667   3837.68333333   3836.36666667   3836.11666667   3835.41666667   3834.78333333   3835.79166667   3833.16666667   3832.80000000   3832.00000000   3831.18333333   3830.88333333   3831.11666667   3830.06666667 
   3829.28333333   3825.58333333   3826.22500000   3823.12500000   3823.57500000   3822.82500000   3821.20833333   3819.09166667   3818.37500000   3817.99166667   3817.24166667   3815.95000000   3814.30833333   3813.72500000   3812.67500000   3811.95000000   3810.99166667   3809.11666667   3808.39166667   3807.47500000   3807.75833333   3805.85000000   3805.84166667   3804.25000000   3803.75000000 
   3803.24166667   3799.65833333   3799.78333333   3801.05833333   3799.34166667   3797.57500000   3797.82500000   3794.08333333   3795.28333333   3795.08333333   3793.60000000   3791.66666667   3790.12500000   3787.21666667   3788.11666667   3786.52500000   3784.95833333   3784.00000000   3784.67500000   3782.29166667   3780.83333333   3781.90833333   3779.42500000   3779.20833333   3778.35000000 
   3777.05000000   3775.14166667   3772.27500000   3770.80000000   3768.29166667   3768.40833333   3766.09166667   3765.60833333   3763.58333333   3762.59166667   3761.61666667   3761.40833333   3760.79166667   3759.20833333   3759.15833333   3758.45000000   3757.70833333   3755.85000000   3753.89166667   3753.24166667   3752.85833333   3750.50000000   3749.30833333   3748.85000000   3746.43333333 
   3745.20833333   3744.77500000   3744.43333333   3741.70833333   3740.65000000   3737.95833333   3736.94166667   3735.20000000   3733.72500000   3733.00833333   3731.50833333   3728.60000000   3728.25000000   3727.29166667   3725.55000000   3725.25000000   3723.91666667   3721.73333333   3721.49166667   3720.04166667   3719.82500000   3718.70833333   3717.50000000   3716.68333333   3714.55000000 
   3712.57500000   3711.55000000   3708.90833333   3706.61666667   3704.63333333   3703.70000000   3701.30000000   3700.35000000   3698.84166667   3697.48333333   3694.74166667   3693.73333333   3691.96666667   3690.57500000   3686.91666667   3687.37500000   3685.17500000   3681.96666667   3681.57500000   3679.20833333   3677.52500000   3676.77500000   3677.83333333   3674.36666667   3673.71666667 
   3672.60000000   3670.54166667   3667.15833333   3666.29166667   3665.33333333   3663.16666667   3663.05000000   3659.89166667   3658.95833333   3656.65833333   3655.71666667   3653.04166667   3654.70833333   3652.35833333   3650.66666667   3647.81666667   3645.45000000   3644.80000000   3643.61666667   3641.73333333   3640.70000000   3637.12500000   3635.94166667   3633.48333333   3631.58333333 
   3630.50000000   3626.05833333   3625.60000000   3622.76666667   3622.57500000   3619.66666667   3618.47500000   3616.63333333   3614.78333333   3614.26666667   3611.75833333   3609.41666667   3607.75000000   3605.27500000   3603.45833333   3602.10000000   3601.64166667   3599.46666667   3597.36666667   3594.94166667   3593.75000000   3591.65833333   3590.28333333   3590.70833333   3588.35000000 
   3583.30833333   3578.34166667   3575.57500000   3574.72500000   3572.75000000   3569.73333333   3568.33333333   3566.36666667   3564.93333333   3562.33333333   3558.82500000   3556.64166667   3554.06666667   3550.67500000   3550.93333333   3546.15000000   3545.70833333   3543.81666667   3541.63333333   3538.85833333   3535.43333333   3534.67500000   3533.21666667   3531.12500000   3529.95833333 
   3529.07500000   3525.15000000   3522.75000000   3518.64166667   3516.31666667   3511.98333333   3509.60833333   3506.73333333   3505.64166667   3503.79166667   3501.91666667   3498.66666667   3495.41666667   3495.63333333   3493.26666667   3492.15833333   3489.95000000   3488.37500000   3486.31666667   3484.85000000   3484.47500000   3481.61666667   3479.48333333   3475.28333333   3473.69166667 
   3471.49166667   3467.81666667   3466.86666667   3463.77500000   3458.80833333   3456.68333333   3454.08333333   3450.96666667   3446.34166667   3444.89166667   3444.12500000   3441.25000000   3438.03333333   3436.09166667   3432.85000000   3429.70833333   3427.04166667   3424.42500000   3422.55000000   3419.35000000   3418.63333333   3416.87500000   3414.62500000   3412.13333333   3409.23333333 
   3407.52500000   3403.10000000   3397.20000000   3396.20000000   3391.48333333   3387.96666667   3384.65000000   3382.55000000   3379.86666667   3376.56666667   3374.31666667   3369.88333333   3366.62500000   3363.76666667   3361.83333333   3359.97500000   3357.23333333   3356.52500000   3352.62500000   3349.20833333   3346.45000000   3343.74166667   3340.92500000   3337.43333333   3333.30000000 
   3330.76666667   3326.76666667   3322.55833333   3318.52500000   3313.66666667   3308.36666667   3303.64166667   3301.65833333   3295.98333333   3291.12500000   3287.87500000   3281.93333333   3279.10000000   3274.99166667   3272.10833333   3267.15833333   3262.50000000   3259.65000000   3255.08333333   3252.55000000   3248.55000000   3244.17500000   3240.07500000   3236.95000000   3235.81666667 
   3231.72500000   3227.23333333   3223.54166667   3217.45833333   3212.47500000   3207.47500000   3204.31666667   3198.45000000   3194.66666667   3189.84166667   3186.95833333   3184.70833333   3178.18333333   3173.24166667   3169.70833333   3163.99166667   3161.40000000   3155.65000000   3155.63333333   3151.08333333   3148.66666667   3146.33333333   3142.68333333   3138.83333333   3133.22500000 
   3128.75833333   3124.01666667   3119.95833333   3116.17500000   3111.42500000   3105.79166667   3101.37500000   3094.91666667   3089.44166667   3084.20000000   3078.80833333   3074.41666667   3069.90833333   3063.70833333   3058.83333333   3053.22500000   3049.83333333   3042.90833333   3038.27500000   3036.54166667   3031.00000000   3026.70833333   3025.00833333   3019.73333333   3014.07500000 
   3009.52500000   3003.22500000   2997.15833333   2990.19166667   2984.50833333   2978.93333333   2972.64166667   2965.60000000   2960.99166667   2955.51666667   2950.71666667   2945.70000000   2942.25000000   2936.48333333   2931.77500000   2926.68333333   2923.12500000   2918.33333333   2913.98333333   2907.70000000   2902.04166667   2896.80000000   2891.33333333   2885.95000000   2882.70000000 
   2878.11666667   2871.08333333   2864.58333333   2859.76666667   2852.00000000   2844.60833333   2837.60000000   2832.95000000   2824.73333333   2820.32500000   2814.23333333   2808.83333333   2803.40833333   2797.76666667   2793.09166667   2787.01666667   2781.28333333   2776.39166667   2769.19166667   2762.95000000   2757.80833333   2753.57500000   2745.74166667   2739.69166667   2733.38333333 
   2727.21666667   2720.22500000   2711.83333333   2705.30833333   2696.78333333   2690.55833333   2685.29166667   2677.63333333   2672.15833333   2665.45833333   2657.40833333   2650.59166667   2645.50000000   2639.78333333   2631.48333333   2625.40833333   2619.65833333   2612.30000000   2605.22500000   2599.59166667   2591.84166667   2585.54166667   2579.95833333   2573.02500000   2568.09166667 
   2559.90833333   2552.57500000   2545.53333333   2538.70833333   2530.75000000   2522.89166667   2512.59166667   2507.13333333   2497.75000000   2489.98333333   2481.50000000   2474.45000000   2467.85000000   2458.15000000   2450.38333333   2443.69166667   2436.00833333   2427.93333333   2421.60000000   2410.47500000   2405.45833333   2398.00833333   2390.88333333   2385.26666667   2378.20000000 
   2368.85000000   2362.10000000   2354.60833333   2344.80000000   2336.32500000   2328.10833333   2318.36666667   2311.22500000   2301.22500000   2294.42500000   2287.68333333   2277.81666667   2269.62500000   2262.39166667   2256.23333333   2247.11666667   2241.05833333   2233.30833333   2227.81666667   2222.10833333   2213.22500000   2207.69166667   2199.83333333   2193.73333333   2188.50000000 
   2180.12500000   2170.49166667   2162.14166667   2152.39166667   2143.81666667   2135.50833333   2126.67500000   2118.36666667   2108.37500000   2098.90000000   2092.69166667   2085.48333333   2076.70000000   2067.92500000   2060.12500000   2054.15000000   2046.80833333   2037.02500000   2029.42500000   2022.29166667   2014.91666667   2006.22500000   1998.52500000   1990.28333333   1982.55833333 
   1975.85000000   1968.64166667   1956.64166667   1947.19166667   1938.73333333   1930.92500000   1922.43333333   1913.13333333   1904.64166667   1897.27500000   1889.48333333   1880.53333333   1871.33333333   1864.04166667   1854.44166667   1846.90833333   1837.91666667   1829.42500000   1820.98333333   1813.16666667   1803.80833333   1795.32500000   1787.09166667   1781.12500000   1771.95833333 
   1765.93333333   1755.50000000   1745.88333333   1737.51666667   1726.39166667   1716.25000000   1705.96666667   1698.15000000   1686.71666667   1677.25000000   1668.72500000   1659.89166667   1651.17500000   1641.18333333   1631.39166667   1622.80833333   1616.75833333   1605.80833333   1597.27500000   1591.35833333   1581.83333333   1573.13333333   1566.50000000   1559.59166667   1549.88333333 
   1542.28333333   1533.44166667   1524.93333333   1515.17500000   1505.35833333   1497.33333333   1487.51666667   1476.38333333   1464.85000000   1454.24166667   1445.45833333   1437.46666667   1428.53333333   1420.55000000   1412.90000000   1401.64166667   1392.45000000   1384.05000000   1373.78333333   1365.80000000   1358.12500000   1349.80000000   1341.18333333   1334.49166667   1326.19166667 
   1316.84166667   1307.00000000   1297.99166667   1290.65000000   1278.90000000   1270.25000000   1259.72500000   1250.35833333   1241.01666667   1233.68333333   1227.10000000   1216.55000000   1210.70000000   1203.55000000   1195.27500000   1186.05833333   1178.00833333   1169.51666667   1161.85000000   1153.88333333   1146.25000000   1138.17500000   1130.53333333   1124.40833333   1116.81666667 
   1111.75000000   1100.93333333   1090.66666667   1082.88333333   1075.59166667   1064.96666667   1058.37500000   1051.18333333   1043.90000000   1034.84166667   1026.90833333   1019.65000000   1011.44166667   1003.29166667    997.30000000    989.55000000    983.35000000    976.05000000    968.22500000    960.78333333    954.83333333    949.39166667    942.32500000    935.50000000    927.76666667 
    921.21666667    912.28333333    904.00000000    896.52500000    889.15000000    883.04166667    874.81666667    869.59166667    862.09166667    856.04166667    847.85000000    842.14166667    834.81666667    827.31666667    821.13333333    815.23333333    808.53333333    802.90000000    796.33333333    788.25833333    781.64166667    774.82500000    770.05833333    763.95833333    758.26666667 
    753.55833333    744.67500000    736.20000000    729.52500000    721.31666667    713.45833333    705.65000000    700.02500000    694.15000000    687.95833333    681.52500000    676.81666667    671.36666667    666.36666667    658.82500000    653.34166667    648.45000000    642.54166667    637.20833333    632.34166667    627.35833333    622.29166667    617.44166667    611.49166667    607.65833333 
    602.87500000    596.61666667    589.71666667    582.41666667    576.41666667    572.40000000    566.36666667    562.94166667    557.90833333    552.77500000    547.25833333    543.86666667    537.69166667    532.80000000    527.42500000    523.50000000    519.42500000    514.71666667    510.65000000    504.52500000    501.47500000    496.95833333    493.95833333    490.32500000    486.28333333 
    482.06666667    477.64166667    471.51666667    467.05000000    462.51666667    457.90833333    452.51666667    448.62500000    444.18333333    440.75000000    435.17500000    430.39166667    426.87500000    424.21666667    421.60833333    416.57500000    413.44166667    410.02500000    406.90000000    403.39166667    401.35833333    400.03333333    395.96666667    393.58333333    390.93333333 
    388.83333333    384.87500000    381.72500000    377.75000000    372.98333333    369.07500000    365.42500000    361.79166667    358.81666667    355.97500000    352.85000000    349.42500000    346.80833333    343.31666667    339.65000000    337.30000000    334.06666667    330.35000000    327.99166667    324.18333333    321.70000000    320.10833333    318.25000000    314.96666667    313.19166667 
    312.55833333    311.44166667    308.50833333    306.20000000    303.13333333    300.13333333    296.98333333    295.43333333    293.47500000    289.80000000    288.16666667    285.44166667    282.58333333    280.55833333    278.02500000    276.44166667    273.80000000    272.69166667    270.14166667    268.55000000    267.85833333    265.94166667    265.46666667    264.11666667    260.90833333 
    259.01666667    257.07500000    254.41666667    252.24166667    249.81666667    247.64166667    245.45833333    242.67500000    239.40000000    237.38333333    236.07500000    234.68333333    232.98333333    232.10000000    230.95833333    229.51666667    228.45833333    228.60833333    227.59166667    224.93333333    224.25000000    222.93333333    221.72500000    221.20833333    220.96666667 
    219.89166667    218.20000000    214.50000000    212.97500000    211.85000000    209.95000000    208.68333333    207.26666667    206.14166667    204.86666667    202.82500000    203.78333333    201.92500000    198.99166667    198.10000000    197.30000000    197.11666667    196.66666667    194.73333333    193.85000000    192.52500000    189.98333333    188.55833333    187.43333333    186.15000000 
    185.69166667    183.69166667    181.88333333    180.65833333    180.00833333    179.17500000    177.41666667    176.50833333    175.40000000    173.73333333    173.18333333    172.41666667    172.05000000    170.65000000    169.98333333    170.32500000    169.50833333    169.00833333    167.54166667    167.76666667    167.60833333    167.23333333    167.35000000    166.39166667    165.35833333 
    165.40000000    163.10833333    161.60833333    160.98333333    159.31666667    157.99166667    157.09166667    156.32500000    153.90833333    153.29166667    153.18333333    152.25000000    152.37500000    152.26666667    152.00833333    152.09166667    152.22500000    150.32500000    149.41666667    147.78333333    147.00000000    147.60000000    147.21666667    146.30833333    146.30000000 
    145.52500000    144.55833333    143.78333333    143.30000000    142.35833333    141.51666667    139.80000000    139.17500000    138.62500000    137.75833333    137.12500000    136.82500000    136.76666667    135.83333333    134.95833333    135.35833333    134.94166667    134.10000000    133.09166667    131.70000000    131.20833333    130.58333333    130.38333333    129.25833333    129.53333333 
    129.80000000    128.34166667    126.08333333    125.84166667    125.20000000    124.60833333    123.01666667    121.71666667    121.64166667    122.10000000    120.68333333    121.25833333    121.67500000    121.06666667    119.30833333    118.26666667    117.95000000    116.76666667    116.35833333    116.46666667    115.59166667    114.93333333    114.09166667    114.47500000    113.75000000 
    113.12500000    112.39166667    111.85833333    111.20833333    110.70000000    110.01666667    111.15833333    110.54166667    110.91666667    110.35833333    109.64166667    108.81666667    109.11666667    108.00000000    107.01666667    107.11666667    105.75000000    106.75833333    106.84166667    106.61666667    106.70833333    107.64166667    107.55000000    107.32500000    107.11666667 
    106.60000000    103.97500000    102.77500000    102.05000000    102.07500000    100.83333333    100.45833333    100.04166667     99.28333333     98.95000000     99.69166667     99.50000000     98.49166667     98.79166667     98.45000000     97.75000000     98.09166667     97.25000000     95.82500000     95.50833333     94.81666667     95.00000000     95.34166667     95.79166667     95.91666667 
     96.40000000     96.19166667     94.18333333     92.48333333     91.99166667     91.15833333     90.80833333     90.91666667     91.80000000     92.10833333     90.60000000     90.45833333     90.34166667     89.82500000     89.60833333     89.16666667     88.75000000     88.49166667     87.26666667     86.25833333     86.45000000     86.57500000     87.10833333     87.10000000     85.84166667 
     86.15000000     86.29166667     86.38333333     85.97500000     86.78333333     87.09166667     86.12500000     84.70000000     84.30833333     84.03333333     83.20833333     82.20000000     81.91666667     81.33333333     81.31666667     81.12500000     80.40833333     79.88333333     79.85000000     80.35000000     81.18333333     81.10000000     81.80000000     80.74166667     80.35833333 
     80.88333333     79.56666667     79.24166667     79.22500000     79.89166667     79.70000000     79.10000000     78.07500000     77.16666667     76.95833333     76.60833333     76.20833333     77.08333333     76.67500000     76.08333333     75.05833333     75.16666667     74.13333333     73.29166667     72.15000000     72.16666667     72.74166667     72.44166667     71.32500000     71.99166667 
     70.67500000     68.99166667     68.91666667     68.85000000     68.28333333     67.47500000     67.43333333     67.55000000     66.98333333     66.58333333     66.65000000     66.57500000     66.95000000     67.84166667     67.00833333     66.61666667     65.70833333     66.20000000     66.04166667     65.55000000     66.17500000     65.80000000     65.28333333     65.73333333     65.74166667 
     65.64166667     65.35000000     65.74166667     65.20833333     65.02500000     63.57500000     63.45833333     63.78333333     63.10000000     62.66666667     62.05833333     61.62500000     60.75833333     60.84166667     60.15000000     60.85833333     60.59166667     60.22500000     59.35833333     58.85000000     58.45833333     59.24166667     59.12500000     58.61666667     59.63333333 
     59.39166667     58.58333333     58.26666667     59.17500000     59.20000000     58.40000000     58.23333333     57.82500000     57.54166667     58.07500000     57.95000000     57.58333333     57.17500000     56.88333333     57.18333333     56.84166667     57.09166667     57.12500000     56.65000000     56.20833333     56.37500000     56.23333333     57.25000000     56.52500000     56.49166667 
     57.25833333     58.00000000     57.47500000     56.86666667     55.72500000     54.90000000     54.11666667     54.51666667     53.85000000     53.54166667     53.84166667     53.50000000     53.89166667     53.71666667     53.84166667     53.79166667     53.92500000     54.00000000     53.77500000     53.80833333     54.16666667     54.21666667     53.52500000     53.76666667     53.73333333 
     52.77500000     51.70833333     51.58333333     51.88333333     51.70833333     50.77500000     50.40000000     50.52500000     49.84166667     50.16666667     50.00000000     49.49166667     48.89166667     49.07500000     48.72500000     48.85833333     49.05000000     49.55000000     48.80833333     48.91666667     48.34166667     48.64166667     48.17500000     48.75000000     48.20000000 
     48.65833333     47.65000000     47.93333333     47.49166667     47.23333333     47.20833333     47.01666667     46.90000000     47.22500000     46.87500000     46.51666667     46.29166667     46.41666667     45.92500000     45.41666667     45.26666667     44.05000000     44.26666667     43.95000000     44.12500000     45.58333333     45.00833333     44.94166667     45.32500000     45.90833333 
     46.67500000     46.69166667     45.95000000     45.16666667     45.02500000     44.10833333     44.25000000     44.34166667     43.65000000     43.24166667     42.59166667     42.65833333     42.20000000     41.50000000     42.66666667     43.90833333     43.50000000     43.21666667     42.83333333     42.29166667     42.25000000     42.84166667     42.75000000     42.27500000     42.45000000 
     42.66666667     41.43333333     41.65000000     41.86666667     41.87500000     41.11666667     40.44166667     39.99166667     39.69166667     40.40000000     40.33333333     39.91666667     39.95000000     40.30833333     39.95000000     40.25833333     40.21666667     39.29166667     39.08333333     39.31666667     39.77500000     39.14166667     39.35000000     38.59166667     38.72500000 
     39.00000000     38.24166667     37.25000000     36.05000000     36.66666667     37.29166667     36.08333333     36.15000000     36.48333333     37.11666667     37.30000000     36.55000000     35.34166667     36.39166667     35.53333333     36.18333333     36.85000000     37.13333333     37.64166667     36.89166667     36.89166667     36.21666667     35.20000000     35.10000000     35.22500000 
     35.13333333     34.50000000     33.49166667     33.41666667     33.37500000     33.50833333     33.40000000     34.13333333     33.76666667     33.74166667     33.44166667     34.71666667     35.51666667     35.20833333     34.65000000     33.70000000     33.86666667     34.04166667     34.73333333     34.57500000     34.36666667     33.95000000     34.08333333     34.46666667     35.20000000 
     34.66666667     33.95000000     33.09166667     32.21666667     31.92500000     31.80833333     31.28333333     32.25833333     31.71666667     31.52500000     32.71666667     31.55000000     31.56666667     31.27500000     31.85000000     32.13333333     32.87500000     32.77500000     32.40000000     32.01666667     32.36666667     32.54166667     31.93333333     32.15833333     32.67500000 
     32.48333333     31.79166667     31.65833333     30.26666667     30.22500000     29.40833333     30.45833333     30.83333333     30.75000000     30.82500000     31.00833333     30.60000000     30.48333333     30.53333333     30.47500000     29.47500000     30.02500000     29.71666667     30.40833333     30.06666667     29.43333333     29.31666667     29.61666667     30.15000000     30.01666667 
     30.63333333     30.15000000     31.34166667     30.81666667     30.00833333     30.06666667     29.70833333     30.03333333     30.00833333     29.36666667     28.90000000     28.27500000     29.19166667     29.55833333     29.55833333     29.50000000     29.26666667     28.94166667     29.19166667     29.02500000     28.16666667     28.41666667     28.16666667     27.75833333     27.49166667 
     28.58333333     27.74166667     28.26666667     27.80833333     28.43333333     28.20833333     27.34166667     26.29166667     25.55833333     26.49166667     26.24166667     26.37500000     25.51666667     25.13333333     25.22500000     25.83333333     26.52500000     26.39166667     26.60833333     26.45000000     25.66666667     25.74166667     26.20833333     26.46666667     26.47500000 
