      0.00000000     62.44166667     73.22500000     78.03333333     83.42500000     86.51666667     88.56666667     91.24166667     92.28333333     93.27500000     92.41666667     94.78333333     93.76666667     96.02500000     94.64166667     95.46666667     94.68333333     94.96666667     92.20000000     94.07500000     92.49166667     95.18333333     95.40833333     95.80833333     95.50000000 
     97.60000000     97.87500000     98.53333333     98.74166667     99.04166667     98.78333333    100.61666667     99.85833333    101.44166667     98.04166667     98.94166667    100.24166667    100.23333333     99.42500000     97.85833333     97.81666667     98.93333333    100.05000000     97.87500000     99.47500000    100.43333333     97.78333333    100.12500000     99.40833333    100.10833333 
     98.44166667    100.71666667    100.78333333    100.42500000    101.55000000    102.00833333    101.51666667    101.29166667    101.65000000    102.20000000    102.52500000    102.95833333    100.99166667    100.48333333    101.44166667    101.45833333    101.64166667    102.75833333    101.84166667    101.70000000    102.54166667    102.54166667    101.58333333    101.73333333    102.06666667 
    103.04166667    103.05833333    103.47500000    103.95000000    106.22500000    105.74166667    105.80000000    106.30833333    103.88333333    105.63333333    104.55000000    106.40833333    107.88333333    106.29166667    107.79166667    107.42500000    106.90000000    107.15833333    105.20833333    106.15833333    104.63333333    106.90000000    106.34166667    106.38333333    105.45000000 
    105.40833333    107.28333333    107.62500000    106.75833333    107.71666667    108.25833333    108.26666667    109.27500000    109.23333333    110.33333333    109.85833333    108.43333333    110.35833333    109.30000000    110.10000000    109.44166667    111.73333333    113.03333333    112.74166667    112.12500000    113.36666667    113.07500000    111.52500000    112.88333333    112.63333333 
    113.11666667    113.84166667    114.77500000    113.35833333    113.14166667    114.50833333    115.62500000    116.50833333    115.90833333    117.24166667    116.32500000    117.08333333    116.64166667    117.29166667    116.76666667    115.97500000    115.81666667    115.33333333    114.05000000    115.32500000    114.14166667    116.77500000    115.02500000    116.86666667    115.81666667 
    117.37500000    117.70000000    119.36666667    120.20833333    119.23333333    119.87500000    118.48333333    119.21666667    119.44166667    120.60833333    122.08333333    122.94166667    122.65833333    122.56666667    120.60833333    121.80833333    122.23333333    122.55000000    121.14166667    119.73333333    122.17500000    121.80833333    122.80833333    122.12500000    122.22500000 
    121.91666667    121.67500000    122.28333333    123.55000000    123.93333333    124.25000000    126.45833333    125.09166667    125.39166667    126.38333333    126.65000000    127.30833333    127.61666667    128.60000000    127.25000000    129.56666667    127.74166667    126.73333333    127.19166667    128.03333333    124.96666667    127.40000000    126.95833333    123.83333333    123.84166667 
    123.26666667    126.33333333    125.74166667    126.29166667    126.61666667    126.64166667    128.15000000    127.56666667    128.80000000    129.03333333    129.89166667    131.74166667    131.20833333    132.73333333    134.10833333    132.29166667    132.52500000    129.94166667    129.67500000    129.44166667    129.07500000    129.90000000    128.59166667    129.36666667    130.80000000 
    131.39166667    133.75000000    134.44166667    134.35833333    135.57500000    137.95833333    137.37500000    137.22500000    137.13333333    135.81666667    135.98333333    137.53333333    137.24166667    137.53333333    137.20000000    138.05000000    138.22500000    138.24166667    139.25833333    135.70833333    137.48333333    137.51666667    137.99166667    137.48333333    136.65000000 
    137.80000000    139.08333333    139.72500000    142.76666667    142.15833333    141.15833333    141.38333333    142.90000000    142.15833333    142.30000000    141.91666667    143.50000000    143.00833333    142.44166667    144.55000000    147.39166667    143.76666667    143.30833333    143.30833333    143.08333333    143.26666667    144.79166667    145.65000000    144.36666667    144.66666667 
    143.23333333    146.00000000    145.84166667    144.61666667    146.97500000    150.76666667    148.68333333    150.94166667    150.14166667    150.95833333    150.98333333    152.15833333    150.94166667    149.87500000    150.84166667    150.59166667    149.80833333    149.68333333    151.84166667    150.29166667    151.71666667    150.06666667    151.13333333    151.23333333    151.81666667 
    152.53333333    153.25833333    154.49166667    155.27500000    155.84166667    158.83333333    155.41666667    157.05833333    156.60833333    157.88333333    158.67500000    160.05833333    161.31666667    161.41666667    163.88333333    161.44166667    163.43333333    162.08333333    160.50000000    161.45833333    160.11666667    159.80000000    159.49166667    159.50000000    160.23333333 
    160.99166667    161.92500000    164.13333333    163.70833333    164.20000000    164.68333333    165.55000000    165.35000000    166.84166667    166.95833333    168.35000000    168.67500000    170.01666667    171.61666667    171.93333333    168.92500000    171.30833333    170.17500000    170.91666667    169.55833333    170.82500000    172.90000000    171.65833333    173.38333333    174.34166667 
    175.41666667    175.24166667    174.05000000    174.97500000    174.13333333    175.40833333    175.84166667    175.31666667    174.93333333    177.95833333    175.70833333    174.92500000    175.00000000    177.37500000    177.30833333    177.65000000    178.86666667    177.09166667    178.33333333    178.40833333    177.97500000    177.15000000    177.34166667    178.24166667    179.23333333 
    180.77500000    179.06666667    182.71666667    183.15000000    186.17500000    186.17500000    187.05000000    185.75000000    185.85000000    185.95833333    184.41666667    186.24166667    184.65833333    185.75833333    185.75833333    186.49166667    186.60000000    187.50000000    188.60833333    190.50833333    188.85833333    188.73333333    188.73333333    188.28333333    188.02500000 
    186.45833333    189.68333333    189.89166667    190.65000000    191.08333333    192.03333333    190.70833333    191.71666667    192.25000000    194.61666667    196.05000000    197.82500000    195.96666667    197.12500000    197.46666667    197.40000000    198.61666667    196.24166667    197.80000000    197.56666667    197.31666667    196.45000000    198.75833333    196.99166667    197.32500000 
    197.91666667    201.84166667    201.11666667    202.65833333    203.90000000    204.68333333    206.84166667    207.47500000    206.41666667    206.25000000    209.28333333    209.45000000    209.02500000    208.42500000    210.34166667    211.01666667    209.48333333    211.16666667    209.41666667    212.46666667    214.14166667    215.10833333    214.90000000    213.99166667    215.26666667 
    215.95833333    217.28333333    217.56666667    218.69166667    218.10000000    216.75000000    220.84166667    220.08333333    219.88333333    221.87500000    222.47500000    224.28333333    223.09166667    224.90000000    225.82500000    225.87500000    226.01666667    225.83333333    227.22500000    226.48333333    228.30833333    226.87500000    227.00833333    227.05000000    224.47500000 
    229.93333333    231.18333333    230.42500000    231.05833333    233.70000000    234.40833333    236.52500000    237.83333333    241.53333333    239.38333333    239.28333333    238.05833333    236.85000000    239.33333333    238.40833333    237.99166667    239.77500000    238.78333333    239.90000000    239.78333333    239.25000000    241.07500000    241.05833333    239.15833333    239.76666667 
    241.14166667    244.83333333    248.08333333    247.95000000    248.23333333    249.00000000    250.54166667    250.19166667    250.05833333    251.95833333    251.55833333    252.32500000    253.66666667    254.87500000    254.58333333    257.48333333    255.36666667    257.13333333    258.37500000    259.20833333    258.90000000    258.53333333    259.35833333    256.96666667    257.23333333 
    258.79166667    260.71666667    263.78333333    264.35833333    264.15833333    265.18333333    268.20000000    266.70000000    266.81666667    269.75000000    269.60000000    270.63333333    272.90000000    271.55833333    273.16666667    272.41666667    272.63333333    274.91666667    274.65000000    276.05833333    277.52500000    275.27500000    275.79166667    276.14166667    275.76666667 
    275.85833333    279.67500000    280.65000000    283.02500000    285.20833333    285.44166667    288.10000000    288.77500000    288.41666667    290.30000000    291.12500000    292.47500000    292.15000000    294.71666667    293.60000000    295.20000000    294.70000000    296.26666667    296.60000000    297.52500000    297.23333333    298.08333333    300.40000000    298.66666667    298.55833333 
    300.06666667    300.45000000    303.95833333    306.83333333    307.96666667    308.55833333    310.50000000    312.73333333    313.80000000    312.20833333    315.20833333    315.72500000    316.69166667    318.12500000    315.97500000    319.75833333    319.30833333    319.26666667    320.87500000    319.91666667    322.05833333    323.40833333    322.35000000    321.70000000    321.12500000 
    320.95833333    323.77500000    324.76666667    328.45000000    327.75000000    330.35000000    332.60000000    334.65833333    337.89166667    338.45833333    337.66666667    339.01666667    339.94166667    342.83333333    341.99166667    344.27500000    344.40000000    343.59166667    344.97500000    344.41666667    344.95000000    347.83333333    345.94166667    347.45833333    348.35833333 
    347.49166667    351.35833333    352.46666667    354.08333333    356.32500000    357.25833333    360.46666667    360.51666667    364.19166667    366.31666667    368.63333333    370.70833333    370.80000000    370.55000000    371.13333333    371.80833333    372.92500000    373.04166667    374.11666667    375.28333333    375.95833333    376.21666667    376.51666667    377.00000000    378.39166667 
    378.19166667    381.03333333    382.38333333    384.05833333    386.15833333    388.60833333    389.46666667    390.43333333    391.12500000    392.42500000    394.21666667    395.09166667    397.44166667    397.20833333    398.00833333    400.05000000    400.59166667    400.65000000    401.77500000    404.66666667    404.50000000    403.76666667    407.57500000    408.73333333    409.49166667 
    407.83333333    411.57500000    413.74166667    413.57500000    416.90000000    419.04166667    420.06666667    421.77500000    425.72500000    428.20833333    428.49166667    430.61666667    432.63333333    432.68333333    435.35000000    435.00833333    438.30000000    438.31666667    438.36666667    440.37500000    442.55000000    443.10833333    444.99166667    443.90000000    445.48333333 
    444.12500000    449.10000000    452.95833333    454.22500000    456.03333333    459.36666667    460.71666667    464.15000000    465.00833333    467.30833333    466.58333333    469.12500000    469.00833333    469.47500000    472.38333333    474.26666667    477.40000000    479.17500000    478.01666667    480.57500000    480.56666667    480.70000000    481.49166667    482.53333333    484.63333333 
    484.68333333    490.24166667    490.26666667    490.60000000    494.00000000    496.65833333    499.85000000    501.70000000    504.90833333    506.26666667    509.75833333    509.91666667    511.08333333    515.57500000    516.51666667    518.15833333    518.81666667    518.93333333    522.39166667    521.58333333    525.20000000    524.84166667    526.76666667    528.66666667    530.75000000 
    533.20833333    537.74166667    539.57500000    542.35833333    545.24166667    547.05000000    550.85000000    553.35000000    556.23333333    558.46666667    562.92500000    565.25000000    567.23333333    567.88333333    569.74166667    572.26666667    576.04166667    575.96666667    576.99166667    578.65000000    579.24166667    580.85000000    583.42500000    584.56666667    585.41666667 
    588.02500000    591.72500000    592.09166667    596.24166667    597.28333333    602.02500000    604.29166667    607.60833333    607.31666667    611.00000000    612.75000000    613.56666667    614.65833333    617.00000000    620.46666667    622.10000000    622.51666667    624.14166667    626.54166667    627.65000000    631.20000000    631.93333333    635.14166667    637.10833333    640.54166667 
    640.57500000    646.81666667    648.60000000    653.05000000    656.44166667    657.73333333    660.70000000    661.61666667    662.80000000    666.05833333    667.79166667    672.23333333    675.54166667    680.27500000    685.85833333    686.96666667    689.69166667    691.64166667    694.00000000    697.11666667    701.05000000    699.61666667    704.85000000    708.58333333    710.73333333 
    712.01666667    719.09166667    723.37500000    725.44166667    730.65833333    733.48333333    734.95833333    739.82500000    742.45833333    746.20833333    747.67500000    751.16666667    753.65000000    754.33333333    759.65000000    760.45833333    766.09166667    767.33333333    769.45000000    773.08333333    773.79166667    777.69166667    779.18333333    782.45000000    783.45000000 
    787.58333333    792.80000000    797.34166667    802.48333333    805.01666667    808.55000000    811.42500000    816.50000000    819.45833333    822.99166667    826.55000000    830.90000000    834.50000000    838.02500000    839.67500000    843.78333333    846.59166667    853.74166667    852.74166667    856.28333333    860.00833333    863.45833333    867.33333333    870.05833333    871.25833333 
    872.82500000    877.76666667    882.10833333    884.87500000    887.70833333    891.30000000    893.53333333    898.57500000    902.35833333    905.67500000    908.50000000    911.05833333    911.87500000    917.98333333    922.33333333    921.86666667    926.20000000    930.13333333    932.14166667    933.82500000    937.60833333    939.24166667    942.35833333    943.82500000    946.85833333 
    951.77500000    956.72500000    962.76666667    967.65000000    970.56666667    976.56666667    980.80000000    986.20000000    988.01666667    993.44166667    998.55833333   1000.10833333   1006.67500000   1010.84166667   1015.00000000   1018.87500000   1023.94166667   1024.72500000   1028.55833333   1032.70000000   1036.20000000   1039.37500000   1044.46666667   1048.47500000   1050.98333333 
   1053.93333333   1061.87500000   1066.64166667   1072.38333333   1077.03333333   1081.70000000   1086.43333333   1090.16666667   1093.76666667   1101.37500000   1103.25000000   1108.00833333   1114.20000000   1120.27500000   1121.95833333   1126.88333333   1131.70000000   1135.46666667   1138.85833333   1142.67500000   1148.20833333   1153.87500000   1154.42500000   1160.50833333   1164.63333333 
   1167.51666667   1172.27500000   1178.34166667   1181.60000000   1188.00000000   1194.88333333   1199.52500000   1202.95833333   1208.61666667   1214.35833333   1220.35000000   1224.17500000   1227.76666667   1233.38333333   1237.43333333   1242.81666667   1246.46666667   1249.80833333   1255.34166667   1258.58333333   1264.68333333   1269.43333333   1273.84166667   1277.45000000   1282.56666667 
   1287.98333333   1291.75000000   1298.16666667   1304.89166667   1307.92500000   1312.02500000   1316.78333333   1321.41666667   1325.31666667   1331.71666667   1339.13333333   1344.36666667   1348.95833333   1353.75000000   1359.34166667   1364.35000000   1368.10000000   1373.74166667   1379.91666667   1383.45000000   1389.80000000   1395.69166667   1397.85000000   1403.25000000   1407.81666667 
   1414.09166667   1420.80000000   1426.11666667   1433.66666667   1440.45833333   1446.54166667   1451.79166667   1457.07500000   1463.46666667   1470.16666667   1476.44166667   1483.34166667   1485.81666667   1493.97500000   1499.14166667   1507.10000000   1510.35000000   1516.28333333   1521.51666667   1524.58333333   1529.61666667   1535.66666667   1541.09166667   1546.50000000   1552.44166667 
   1557.39166667   1565.00000000   1571.32500000   1576.80833333   1581.33333333   1590.37500000   1597.77500000   1603.73333333   1608.16666667   1614.57500000   1619.81666667   1625.24166667   1632.76666667   1640.47500000   1645.73333333   1651.93333333   1657.80833333   1663.05833333   1667.27500000   1673.61666667   1681.37500000   1686.45000000   1693.46666667   1697.09166667   1702.91666667 
   1707.49166667   1715.58333333   1721.38333333   1729.06666667   1735.42500000   1743.19166667   1750.61666667   1755.99166667   1764.65833333   1768.66666667   1778.77500000   1783.41666667   1788.61666667   1797.00833333   1802.68333333   1809.74166667   1818.18333333   1823.07500000   1829.47500000   1835.01666667   1841.40000000   1848.61666667   1854.65833333   1860.30000000   1866.91666667 
   1872.82500000   1883.10000000   1888.93333333   1895.42500000   1901.50000000   1908.38333333   1914.80833333   1921.38333333   1927.79166667   1933.92500000   1940.70000000   1947.80833333   1954.05000000   1961.41666667   1966.43333333   1973.80000000   1979.13333333   1984.96666667   1990.21666667   1998.24166667   2002.84166667   2009.88333333   2015.35833333   2023.11666667   2028.52500000 
   2035.10000000   2042.53333333   2050.83333333   2058.66666667   2064.50000000   2073.55000000   2079.30000000   2084.85833333   2092.45833333   2099.84166667   2106.45833333   2112.50000000   2119.39166667   2124.90833333   2129.25000000   2139.02500000   2143.34166667   2147.67500000   2153.53333333   2161.45833333   2168.07500000   2173.90000000   2180.37500000   2187.83333333   2192.65833333 
   2197.05833333   2207.20833333   2216.19166667   2223.26666667   2228.35000000   2235.80000000   2243.45833333   2250.53333333   2259.11666667   2264.43333333   2271.90000000   2279.41666667   2285.19166667   2290.60000000   2298.04166667   2303.89166667   2310.50000000   2319.56666667   2325.70833333   2330.60000000   2335.89166667   2342.57500000   2349.80833333   2354.86666667   2360.92500000 
   2365.44166667   2373.92500000   2380.37500000   2388.58333333   2395.53333333   2401.92500000   2408.01666667   2413.17500000   2421.37500000   2427.95833333   2434.63333333   2441.94166667   2449.60833333   2456.49166667   2464.59166667   2470.72500000   2479.10833333   2484.06666667   2492.14166667   2496.88333333   2503.62500000   2508.91666667   2514.90833333   2522.58333333   2528.35833333 
   2534.04166667   2543.27500000   2550.71666667   2556.48333333   2565.24166667   2571.98333333   2578.82500000   2584.40000000   2593.19166667   2599.52500000   2605.28333333   2611.65833333   2617.72500000   2623.62500000   2630.40833333   2637.19166667   2643.75000000   2649.04166667   2657.04166667   2662.90000000   2669.95000000   2676.97500000   2682.83333333   2689.65000000   2694.64166667 
   2698.54166667   2705.60000000   2713.69166667   2719.07500000   2725.60833333   2732.50000000   2740.71666667   2746.45833333   2754.55000000   2761.73333333   2768.32500000   2774.74166667   2781.80833333   2786.75833333   2793.48333333   2799.31666667   2805.95833333   2811.19166667   2818.90000000   2824.07500000   2830.54166667   2836.10000000   2841.32500000   2848.58333333   2855.35833333 
   2861.68333333   2867.95833333   2874.38333333   2880.29166667   2886.05833333   2891.99166667   2900.76666667   2906.79166667   2913.55833333   2920.00833333   2925.90000000   2932.15000000   2937.21666667   2944.90000000   2951.70833333   2956.69166667   2963.72500000   2967.80000000   2973.03333333   2978.81666667   2985.40000000   2990.81666667   2995.97500000   3001.88333333   3007.21666667 
   3013.23333333   3018.82500000   3025.74166667   3032.68333333   3037.75000000   3044.45833333   3049.97500000   3054.90000000   3062.05833333   3068.57500000   3073.16666667   3078.07500000   3083.00833333   3089.36666667   3094.84166667   3100.35000000   3106.60000000   3111.15000000   3117.32500000   3122.15833333   3129.00833333   3134.60833333   3139.81666667   3145.09166667   3149.94166667 
   3153.07500000   3161.44166667   3167.10833333   3172.34166667   3178.35000000   3183.54166667   3190.06666667   3196.60833333   3202.74166667   3207.82500000   3212.57500000   3218.32500000   3224.06666667   3228.60000000   3233.75000000   3239.00833333   3244.01666667   3249.37500000   3253.85000000   3257.85000000   3262.38333333   3267.62500000   3272.48333333   3277.48333333   3282.43333333 
   3289.28333333   3295.40000000   3299.34166667   3305.45000000   3311.49166667   3316.43333333   3321.45833333   3326.53333333   3331.07500000   3337.45833333   3341.52500000   3345.90833333   3351.05000000   3355.39166667   3359.87500000   3366.23333333   3369.72500000   3374.15000000   3379.71666667   3384.14166667   3388.06666667   3391.64166667   3397.05000000   3400.32500000   3404.36666667 
   3409.64166667   3415.90000000   3421.34166667   3425.27500000   3429.24166667   3432.45000000   3437.53333333   3440.03333333   3444.55000000   3448.80000000   3452.24166667   3456.70000000   3460.85000000   3464.63333333   3469.65833333   3473.11666667   3477.06666667   3481.68333333   3487.02500000   3491.15000000   3494.97500000   3498.31666667   3501.61666667   3504.85833333   3508.93333333 
   3513.63333333   3517.02500000   3521.92500000   3524.42500000   3528.35000000   3531.80000000   3536.97500000   3540.28333333   3544.20000000   3547.50833333   3552.40000000   3555.70000000   3559.62500000   3562.00000000   3566.57500000   3569.13333333   3573.43333333   3577.32500000   3581.14166667   3584.42500000   3588.16666667   3591.10000000   3594.95833333   3597.14166667   3601.14166667 
   3604.00833333   3607.44166667   3610.92500000   3614.46666667   3617.35000000   3620.95000000   3624.15000000   3627.14166667   3630.80833333   3633.85000000   3637.12500000   3640.37500000   3644.69166667   3647.46666667   3650.95000000   3653.84166667   3656.10833333   3659.90833333   3663.52500000   3666.10833333   3669.00833333   3672.05833333   3675.98333333   3678.64166667   3682.13333333 
   3685.10833333   3688.74166667   3691.52500000   3693.95000000   3697.34166667   3699.89166667   3702.28333333   3705.87500000   3708.08333333   3711.85000000   3715.33333333   3717.29166667   3720.43333333   3723.23333333   3725.89166667   3728.29166667   3731.50833333   3734.12500000   3737.50000000   3738.95833333   3741.28333333   3743.60833333   3746.58333333   3749.45833333   3750.95833333 
   3753.95833333   3756.00000000   3759.74166667   3761.63333333   3763.53333333   3766.45000000   3768.15000000   3771.01666667   3772.52500000   3775.03333333   3777.52500000   3779.47500000   3780.70833333   3783.15833333   3785.26666667   3787.50833333   3790.66666667   3793.02500000   3794.05000000   3796.45833333   3799.25000000   3801.10833333   3803.92500000   3805.41666667   3806.71666667 
   3808.60000000   3811.08333333   3813.64166667   3815.85000000   3818.05000000   3820.30000000   3821.91666667   3824.11666667   3825.58333333   3829.18333333   3830.87500000   3832.95000000   3833.95000000   3835.16666667   3836.83333333   3838.07500000   3840.34166667   3841.18333333   3843.16666667   3845.47500000   3847.46666667   3848.95833333   3850.23333333   3851.87500000   3853.48333333 
   3856.16666667   3857.33333333   3859.17500000   3861.03333333   3862.61666667   3864.60000000   3865.89166667   3867.75000000   3869.16666667   3870.16666667   3872.20000000   3873.29166667   3875.05833333   3876.96666667   3878.30833333   3880.22500000   3882.45000000   3883.51666667   3884.61666667   3886.01666667   3887.75833333   3888.94166667   3890.50833333   3892.28333333   3893.97500000 
   3895.15000000   3896.84166667   3898.50000000   3900.05833333   3901.79166667   3902.95833333   3904.36666667   3905.75833333   3906.84166667   3908.05000000   3908.56666667   3909.92500000   3911.62500000   3913.27500000   3915.40000000   3916.29166667   3917.32500000   3918.80833333   3920.28333333   3921.74166667   3922.11666667   3922.96666667   3924.44166667   3925.62500000   3926.41666667 
   3927.84166667   3929.70000000   3931.03333333   3931.88333333   3934.03333333   3934.65833333   3935.53333333   3936.85000000   3937.40833333   3938.77500000   3939.14166667   3939.83333333   3941.05833333   3941.73333333   3942.45833333   3943.20833333   3943.93333333   3945.53333333   3946.60833333   3947.83333333   3948.43333333   3949.81666667   3950.50833333   3951.75000000   3952.20000000 
   3952.90000000   3954.06666667   3955.04166667   3956.25000000   3956.70000000   3957.62500000   3959.23333333   3960.40833333   3961.58333333   3961.91666667   3962.96666667   3963.22500000   3964.19166667   3964.92500000   3966.10833333   3967.14166667   3967.60000000   3968.50000000   3969.46666667   3970.04166667   3970.64166667   3970.70000000   3971.64166667   3972.98333333   3974.72500000 
   3975.21666667   3976.53333333   3977.29166667   3978.10833333   3978.61666667   3978.95833333   3980.11666667   3980.15833333   3980.65833333   3981.87500000   3983.02500000   3983.25833333   3984.01666667   3984.89166667   3985.79166667   3986.06666667   3986.75833333   3987.49166667   3987.80833333   3988.98333333   3989.84166667   3990.01666667   3990.47500000   3991.00833333   3991.53333333 
   3991.70833333   3992.27500000   3992.92500000   3993.77500000   3994.50000000   3995.10000000   3995.81666667   3996.49166667   3996.93333333   3998.46666667   3998.94166667   3999.40000000   4000.05833333   4000.89166667   4001.55000000   4001.80833333   4002.09166667   4002.54166667   4002.99166667   4003.69166667   4004.36666667   4005.10833333   4005.50833333   4005.83333333   4006.35000000 
   4006.45000000   4007.10833333   4007.40833333   4007.94166667   4008.24166667   4008.29166667   4008.54166667   4008.65833333   4009.13333333   4009.65833333   4009.90000000   4010.48333333   4011.13333333   4011.53333333   4011.90833333   4012.55833333   4012.75000000   4012.92500000   4013.44166667   4013.59166667   4014.34166667   4015.04166667   4015.61666667   4015.93333333   4016.56666667 
   4016.60000000   4017.13333333   4017.63333333   4017.85000000   4018.41666667   4018.44166667   4018.94166667   4019.62500000   4019.74166667   4020.20833333   4021.07500000   4021.24166667   4021.52500000   4022.04166667   4022.51666667   4023.04166667   4023.49166667   4023.72500000   4023.81666667   4024.08333333   4024.30000000   4024.82500000   4025.06666667   4025.55833333   4025.55000000 
   4025.40833333   4026.15000000   4027.15000000   4027.19166667   4027.31666667   4027.79166667   4027.94166667   4027.98333333   4028.36666667   4028.81666667   4029.41666667   4029.29166667   4029.21666667   4029.68333333   4029.60000000   4030.17500000   4030.52500000   4030.56666667   4030.94166667   4031.45000000   4031.65000000   4032.10000000   4032.83333333   4032.90000000   4033.20000000 
   4033.65833333   4033.84166667   4033.70000000   4033.95833333   4034.22500000   4034.60000000   4035.30833333   4035.50833333   4035.78333333   4036.09166667   4036.74166667   4037.13333333   4037.26666667   4038.08333333   4038.17500000   4038.41666667   4038.45000000   4038.85000000   4038.62500000   4038.72500000   4038.63333333   4039.24166667   4039.32500000   4039.85833333   4039.75833333 
   4039.90833333   4040.30000000   4040.50000000   4040.99166667   4041.45833333   4041.80000000   4042.39166667   4042.57500000   4042.91666667   4043.13333333   4043.30000000   4043.75833333   4043.60000000   4043.75000000   4043.70833333   4043.81666667   4043.88333333   4044.05000000   4044.08333333   4044.35000000   4044.75000000   4045.24166667   4045.21666667   4045.46666667   4045.37500000 
   4045.52500000   4045.77500000   4046.15833333   4046.60000000   4046.90833333   4047.24166667   4047.30833333   4047.43333333   4047.91666667   4048.30833333   4048.30000000   4048.78333333   4048.76666667   4048.97500000   4049.30833333   4049.63333333   4049.51666667   4049.50000000   4049.53333333   4049.96666667   4050.07500000   4050.54166667   4050.48333333   4050.64166667   4050.92500000 
   4051.06666667   4051.55000000   4051.49166667   4051.30000000   4051.56666667   4051.86666667   4052.01666667   4052.02500000   4052.55833333   4052.69166667   4053.19166667   4053.44166667   4053.65833333   4053.58333333   4054.12500000   4053.90000000   4053.95000000   4053.94166667   4054.25833333   4054.28333333   4054.55000000   4054.35833333   4054.18333333   4054.35000000   4054.45000000 
   4054.42500000   4054.74166667   4055.31666667   4055.47500000   4055.75000000   4056.15833333   4056.38333333   4056.75000000   4056.62500000   4057.02500000   4057.00000000   4057.20000000   4057.62500000   4057.79166667   4057.74166667   4057.70000000   4057.71666667   4057.98333333   4058.05833333   4057.88333333   4058.07500000   4058.10000000   4058.27500000   4058.32500000   4058.65000000 
   4058.88333333   4059.40000000   4059.30833333   4059.46666667   4059.70833333   4059.82500000   4060.13333333   4060.26666667   4060.57500000   4060.93333333   4061.28333333   4061.52500000   4061.32500000   4061.72500000   4061.81666667   4062.21666667   4062.44166667   4062.65000000   4062.77500000   4062.90833333   4063.27500000   4063.45833333   4063.49166667   4063.50000000   4063.50000000 
   4063.65000000   4063.60000000   4063.77500000   4063.63333333   4063.48333333   4063.90000000   4064.07500000   4064.48333333   4064.72500000   4064.91666667   4064.87500000   4064.94166667   4065.36666667   4065.49166667   4065.54166667   4065.67500000   4065.61666667   4065.97500000   4066.16666667   4066.04166667   4066.05000000   4066.21666667   4066.18333333   4066.20000000   4066.40833333 
   4066.53333333   4066.61666667   4066.88333333   4067.00833333   4067.27500000   4067.05833333   4067.05833333   4067.45833333   4067.45833333   4067.74166667   4067.84166667   4067.92500000   4067.95000000   4067.78333333   4068.00000000   4068.23333333   4068.12500000   4068.23333333   4068.26666667   4068.38333333   4068.65000000   4068.95000000   4068.76666667   4068.63333333   4068.61666667 
   4068.56666667   4068.69166667   4068.64166667   4068.81666667   4068.85000000   4069.15000000   4069.31666667   4069.53333333   4069.41666667   4069.34166667   4069.34166667   4069.47500000   4069.60000000   4069.53333333   4069.67500000   4069.95000000   4070.11666667   4070.17500000   4070.21666667   4070.22500000   4070.18333333   4070.30833333   4070.34166667   4070.60000000   4070.65833333 
   4070.64166667   4070.67500000   4070.89166667   4071.06666667   4071.25000000   4071.20833333   4071.16666667   4071.14166667   4071.07500000   4071.19166667   4071.18333333   4071.50833333   4071.58333333   4071.65000000   4071.69166667   4071.79166667   4071.94166667   4072.02500000   4071.98333333   4072.26666667   4072.47500000   4072.54166667   4072.73333333   4072.88333333   4072.83333333 
   4072.90000000   4073.02500000   4073.00000000   4073.03333333   4073.04166667   4073.10833333   4073.19166667   4073.30000000   4073.34166667   4073.49166667   4073.31666667   4073.39166667   4073.54166667   4073.79166667   4074.09166667   4074.15000000   4074.04166667   4073.95000000   4074.08333333   4074.22500000   4074.25000000   4074.40000000   4074.55000000   4074.54166667   4074.56666667 
   4074.54166667   4074.56666667   4074.65000000   4074.65000000   4074.86666667   4074.78333333   4074.80833333   4074.83333333   4075.05833333   4075.00833333   4075.06666667   4075.23333333   4075.35000000   4075.44166667   4075.64166667   4075.71666667   4075.55000000   4075.67500000   4075.78333333   4075.68333333   4075.84166667   4075.89166667   4076.10833333   4076.05833333   4076.05000000 
   4076.30000000   4076.12500000   4075.99166667   4076.10000000   4075.98333333   4076.02500000   4076.16666667   4076.25833333   4076.15833333   4076.31666667   4076.15833333   4076.05833333   4076.11666667   4076.20000000   4076.20000000   4076.05833333   4076.10000000   4076.25833333   4076.22500000   4076.16666667   4076.02500000   4076.39166667   4076.46666667   4076.43333333   4076.35833333 
   4076.32500000   4076.05833333   4075.93333333   4076.07500000   4075.94166667   4075.90833333   4076.00833333   4075.95000000   4075.95833333   4076.20000000   4076.10833333   4076.13333333   4075.97500000   4075.94166667   4076.00833333   4076.06666667   4076.14166667   4076.15000000   4076.25000000   4076.35000000   4076.35000000   4076.28333333   4076.34166667   4076.30833333   4076.41666667 
   4076.28333333   4076.32500000   4076.35000000   4076.06666667   4076.05000000   4075.98333333   4075.87500000   4075.72500000   4075.53333333   4075.65833333   4075.37500000   4075.40833333   4075.35000000   4075.28333333   4075.34166667   4075.03333333   4075.01666667   4074.83333333   4074.75833333   4074.82500000   4074.71666667   4074.47500000   4074.23333333   4073.98333333   4073.87500000 
   4073.74166667   4073.69166667   4073.48333333   4073.45000000   4073.48333333   4073.42500000   4073.47500000   4073.59166667   4073.49166667   4073.31666667   4073.20833333   4073.24166667   4072.95000000   4072.95833333   4072.92500000   4072.60000000   4072.67500000   4072.65833333   4072.80000000   4073.02500000   4072.89166667   4072.75833333   4073.07500000   4073.10833333   4073.16666667 
   4073.15000000   4072.95833333   4072.99166667   4072.99166667   4072.79166667   4072.62500000   4072.56666667   4072.49166667   4072.36666667   4072.02500000   4071.82500000   4071.56666667   4071.46666667   4071.69166667   4071.45833333   4071.60000000   4071.60000000   4071.37500000   4071.14166667   4071.10000000   4070.99166667   4070.75000000   4070.85000000   4070.85833333   4070.95000000 
   4070.81666667   4070.60833333   4070.62500000   4070.55833333   4070.40833333   4070.32500000   4070.47500000   4070.18333333   4070.15833333   4069.94166667   4069.93333333   4069.96666667   4069.80000000   4069.69166667   4069.54166667   4069.30833333   4068.93333333   4069.03333333   4068.97500000   4069.01666667   4069.10000000   4068.92500000   4068.93333333   4068.68333333   4068.64166667 
   4068.55000000   4068.21666667   4068.13333333   4067.84166667   4067.84166667   4067.93333333   4067.73333333   4067.89166667   4067.67500000   4067.75000000   4067.58333333   4067.45000000   4067.18333333   4067.05833333   4067.07500000   4067.07500000   4066.88333333   4066.93333333   4067.00000000   4067.02500000   4067.01666667   4066.86666667   4066.90000000   4067.01666667   4067.11666667 
   4067.16666667   4066.66666667   4066.63333333   4066.63333333   4066.35833333   4066.35833333   4066.24166667   4065.92500000   4065.85833333   4065.34166667   4065.15000000   4065.06666667   4065.30000000   4065.28333333   4064.91666667   4065.02500000   4064.99166667   4064.76666667   4064.85000000   4064.76666667   4064.70000000   4064.41666667   4064.36666667   4064.30000000   4064.34166667 
   4064.37500000   4063.81666667   4063.93333333   4063.31666667   4063.27500000   4063.11666667   4063.18333333   4063.14166667   4063.20833333   4063.21666667   4063.19166667   4063.24166667   4063.26666667   4063.74166667   4063.66666667   4063.80833333   4063.64166667   4063.50000000   4063.40833333   4063.34166667   4063.11666667   4063.01666667   4062.81666667   4062.53333333   4062.57500000 
   4062.49166667   4062.15000000   4061.77500000   4061.55833333   4061.54166667   4061.54166667   4061.25000000   4060.93333333   4060.72500000   4060.50833333   4060.86666667   4060.70833333   4060.58333333   4060.28333333   4060.22500000   4060.15000000   4059.95833333   4059.81666667   4059.70833333   4059.61666667   4059.39166667   4059.24166667   4058.95000000   4058.65000000   4058.58333333 
   4058.57500000   4058.72500000   4058.40833333   4058.06666667   4057.78333333   4057.28333333   4057.14166667   4057.05833333   4057.00000000   4056.62500000   4056.21666667   4055.85833333   4055.59166667   4055.95833333   4056.00833333   4055.64166667   4055.73333333   4055.48333333   4055.48333333   4055.75000000   4055.63333333   4054.91666667   4054.91666667   4055.13333333   4055.02500000 
   4054.80833333   4054.62500000   4054.38333333   4054.19166667   4053.88333333   4053.52500000   4053.52500000   4053.37500000   4053.11666667   4052.90833333   4053.07500000   4053.05000000   4052.90833333   4052.85000000   4052.44166667   4052.15000000   4051.98333333   4051.84166667   4051.40833333   4051.18333333   4051.37500000   4051.33333333   4050.99166667   4050.85833333   4050.76666667 
   4050.80833333   4050.60833333   4050.54166667   4050.35833333   4050.30833333   4050.09166667   4050.13333333   4049.58333333   4049.27500000   4049.55000000   4049.25833333   4049.02500000   4049.25000000   4048.95833333   4048.94166667   4048.36666667   4048.35000000   4048.44166667   4047.98333333   4047.89166667   4047.86666667   4047.66666667   4047.49166667   4047.41666667   4047.31666667 
   4047.22500000   4046.78333333   4046.70000000   4046.45833333   4046.40833333   4046.62500000   4046.35833333   4045.94166667   4045.18333333   4045.10833333   4044.84166667   4044.78333333   4044.96666667   4044.66666667   4044.44166667   4044.15000000   4044.05833333   4044.19166667   4044.39166667   4044.05833333   4044.05000000   4044.25833333   4044.05000000   4043.94166667   4043.45833333 
   4043.45833333   4042.84166667   4042.81666667   4042.30000000   4041.33333333   4041.45833333   4041.10833333   4040.78333333   4040.36666667   4039.80000000   4039.62500000   4039.33333333   4039.03333333   4038.75000000   4038.35833333   4038.23333333   4037.84166667   4038.12500000   4037.63333333   4037.60000000   4037.40833333   4037.40000000   4037.06666667   4036.74166667   4036.53333333 
   4036.78333333   4036.57500000   4036.42500000   4035.56666667   4035.09166667   4034.90000000   4034.69166667   4034.40833333   4034.07500000   4033.43333333   4032.62500000   4032.56666667   4032.15000000   4031.90000000   4031.27500000   4031.26666667   4031.00833333   4030.72500000   4030.56666667   4030.70833333   4030.68333333   4031.19166667   4030.99166667   4030.89166667   4030.62500000 
   4030.25833333   4029.79166667   4029.55833333   4028.58333333   4028.05000000   4028.28333333   4028.35000000   4027.95000000   4027.76666667   4027.75000000   4027.65000000   4027.96666667   4027.55000000   4027.55000000   4026.93333333   4026.88333333   4026.35833333   4025.85000000   4025.85833333   4025.55000000   4025.56666667   4025.38333333   4025.15833333   4025.20000000   4025.25000000 
   4024.75833333   4024.57500000   4024.10833333   4023.73333333   4023.46666667   4023.30000000   4023.35833333   4023.15000000   4023.11666667   4022.68333333   4022.47500000   4022.58333333   4022.12500000   4021.40833333   4020.99166667   4021.00000000   4020.30833333   4020.30000000   4019.84166667   4019.65000000   4019.58333333   4019.60833333   4019.00000000   4018.43333333   4018.16666667 
   4018.45000000   4018.02500000   4018.05833333   4017.26666667   4017.08333333   4016.61666667   4016.31666667   4016.31666667   4015.97500000   4015.44166667   4015.24166667   4014.90000000   4014.84166667   4014.77500000   4014.15000000   4014.05000000   4013.57500000   4013.05833333   4012.75833333   4012.83333333   4012.45000000   4011.81666667   4011.44166667   4010.50833333   4010.35833333 
   4010.16666667   4009.79166667   4009.45833333   4008.94166667   4009.15833333   4009.41666667   4009.37500000   4008.59166667   4008.48333333   4007.85833333   4007.50833333   4007.55833333   4007.04166667   4006.50000000   4005.35833333   4004.90000000   4003.84166667   4003.10000000   4002.61666667   4002.51666667   4001.98333333   4001.45000000   4000.83333333   4001.02500000   4000.55000000 
   3999.85000000   3999.26666667   3998.66666667   3998.40833333   3998.19166667   3997.99166667   3997.39166667   3997.03333333   3996.05000000   3995.32500000   3995.28333333   3995.10833333   3994.84166667   3993.99166667   3993.75833333   3993.34166667   3992.75000000   3992.60000000   3992.45833333   3992.35833333   3991.89166667   3991.38333333   3990.54166667   3989.68333333   3990.25000000 
   3990.22500000   3989.69166667   3990.07500000   3989.29166667   3988.65833333   3988.50833333   3988.12500000   3987.45833333   3986.65000000   3985.90833333   3985.91666667   3985.71666667   3985.41666667   3984.46666667   3984.61666667   3984.01666667   3983.95833333   3984.00000000   3983.50833333   3982.80000000   3982.20000000   3982.45000000   3982.04166667   3981.36666667   3981.09166667 
   3980.60833333   3979.62500000   3978.86666667   3978.00000000   3977.54166667   3976.67500000   3976.28333333   3975.70833333   3974.84166667   3974.67500000   3973.83333333   3972.81666667   3972.05833333   3971.62500000   3971.22500000   3970.98333333   3970.77500000   3970.62500000   3970.59166667   3969.70000000   3969.57500000   3968.90833333   3968.44166667   3967.61666667   3967.04166667 
   3967.13333333   3966.32500000   3966.20833333   3965.66666667   3965.25000000   3964.85833333   3964.26666667   3964.05000000   3962.55000000   3961.95833333   3960.74166667   3960.40833333   3960.65833333   3959.18333333   3958.51666667   3958.08333333   3957.98333333   3958.23333333   3957.11666667   3956.10000000   3956.03333333   3955.06666667   3954.94166667   3954.59166667   3954.13333333 
   3953.07500000   3951.99166667   3951.60833333   3950.85000000   3949.86666667   3948.72500000   3947.67500000   3946.75000000   3946.26666667   3945.63333333   3944.60000000   3944.15000000   3942.71666667   3942.07500000   3942.12500000   3940.60833333   3939.74166667   3938.70000000   3937.90000000   3937.94166667   3936.98333333   3936.38333333   3935.70000000   3934.75833333   3934.55000000 
   3933.15833333   3932.91666667   3932.02500000   3931.97500000   3930.70833333   3930.25000000   3929.11666667   3928.60000000   3928.95000000   3928.14166667   3926.51666667   3925.20833333   3924.24166667   3923.84166667   3922.75833333   3921.89166667   3921.42500000   3920.50000000   3919.45833333   3917.87500000   3917.15000000   3916.83333333   3915.49166667   3915.25000000   3914.27500000 
   3913.85833333   3912.65833333   3911.48333333   3910.59166667   3908.98333333   3909.01666667   3907.65833333   3907.05833333   3905.18333333   3904.21666667   3903.14166667   3902.61666667   3902.11666667   3901.98333333   3901.77500000   3900.55000000   3900.65000000   3898.66666667   3897.75000000   3897.20000000   3895.40000000   3894.55833333   3893.87500000   3893.10000000   3891.66666667 
   3891.16666667   3889.66666667   3889.33333333   3888.30000000   3887.04166667   3885.60833333   3884.49166667   3883.87500000   3882.23333333   3880.87500000   3879.45833333   3878.00833333   3877.15833333   3876.43333333   3875.20833333   3874.95000000   3873.97500000   3872.88333333   3872.04166667   3871.36666667   3870.36666667   3869.75000000   3868.35000000   3867.35000000   3866.84166667 
   3864.46666667   3864.30833333   3862.67500000   3860.62500000   3858.78333333   3857.37500000   3856.31666667   3855.07500000   3854.29166667   3852.65000000   3850.89166667   3848.86666667   3847.48333333   3846.25833333   3844.51666667   3843.88333333   3842.37500000   3841.10000000   3840.11666667   3837.87500000   3836.60833333   3836.74166667   3835.23333333   3833.94166667   3833.38333333 
   3831.74166667   3830.02500000   3827.91666667   3826.73333333   3825.81666667   3824.84166667   3824.29166667   3822.76666667   3820.80833333   3819.60833333   3818.75833333   3817.02500000   3816.50833333   3815.45833333   3814.22500000   3812.20833333   3810.85833333   3809.03333333   3808.40833333   3807.30833333   3806.07500000   3804.26666667   3802.94166667   3800.92500000   3799.75833333 
   3798.50833333   3796.51666667   3795.10000000   3792.48333333   3792.02500000   3790.35833333   3789.36666667   3787.26666667   3785.69166667   3784.92500000   3783.59166667   3780.84166667   3779.55833333   3779.08333333   3777.46666667   3775.74166667   3774.77500000   3773.50000000   3772.55833333   3770.66666667   3768.38333333   3767.39166667   3765.92500000   3763.68333333   3761.90000000 
   3759.89166667   3756.77500000   3753.01666667   3751.75000000   3750.35833333   3748.53333333   3747.36666667   3746.19166667   3744.55000000   3741.32500000   3739.05833333   3737.55833333   3734.97500000   3733.80833333   3732.44166667   3729.45000000   3727.75000000   3726.21666667   3724.17500000   3722.30833333   3720.80833333   3718.94166667   3717.90000000   3715.92500000   3716.32500000 
   3713.24166667   3711.04166667   3708.90833333   3707.17500000   3704.05833333   3700.70000000   3698.46666667   3695.89166667   3695.43333333   3693.30000000   3691.51666667   3689.70833333   3687.08333333   3686.80000000   3684.74166667   3683.16666667   3681.70833333   3680.40833333   3678.81666667   3677.55833333   3675.85000000   3674.20833333   3672.79166667   3669.38333333   3666.25833333 
   3665.30000000   3662.60833333   3660.66666667   3657.60833333   3655.25833333   3653.25833333   3649.35000000   3647.46666667   3644.85833333   3642.98333333   3640.85000000   3639.65000000   3636.70000000   3635.26666667   3633.46666667   3630.07500000   3627.42500000   3625.65833333   3623.31666667   3621.44166667   3619.97500000   3619.45833333   3617.40000000   3614.66666667   3613.10000000 
   3610.96666667   3606.78333333   3602.82500000   3600.44166667   3597.19166667   3593.00833333   3591.08333333   3589.00000000   3585.95000000   3583.09166667   3580.95000000   3577.74166667   3575.50000000   3572.65000000   3570.26666667   3568.83333333   3567.35833333   3564.77500000   3562.65000000   3559.90000000   3557.18333333   3555.05000000   3551.94166667   3548.45000000   3544.98333333 
   3543.45000000   3539.35000000   3536.73333333   3532.22500000   3528.00000000   3524.04166667   3520.72500000   3517.78333333   3514.25000000   3510.60833333   3507.70833333   3503.82500000   3499.04166667   3495.02500000   3492.61666667   3488.79166667   3485.22500000   3482.97500000   3478.77500000   3476.20000000   3473.31666667   3468.79166667   3466.05000000   3462.42500000   3460.15833333 
   3457.46666667   3453.93333333   3450.29166667   3445.83333333   3440.31666667   3435.90000000   3433.46666667   3428.50000000   3425.05000000   3421.44166667   3418.03333333   3414.20000000   3409.59166667   3405.80000000   3401.24166667   3398.02500000   3394.40000000   3389.89166667   3388.05000000   3385.39166667   3382.95000000   3380.20000000   3377.55000000   3373.44166667   3369.77500000 
   3366.33333333   3361.37500000   3356.55833333   3353.47500000   3348.66666667   3344.36666667   3340.05000000   3335.40833333   3329.15000000   3324.55833333   3320.27500000   3316.37500000   3311.20000000   3306.78333333   3301.30000000   3296.30000000   3292.10833333   3286.58333333   3282.38333333   3279.22500000   3276.78333333   3272.65833333   3269.73333333   3264.35833333   3259.38333333 
   3255.64166667   3248.00833333   3243.85000000   3238.35000000   3232.72500000   3227.05000000   3220.90833333   3216.15833333   3210.84166667   3206.10000000   3201.35833333   3196.48333333   3193.47500000   3187.38333333   3184.80000000   3179.55000000   3175.07500000   3171.60000000   3166.35000000   3161.09166667   3155.79166667   3151.63333333   3146.40000000   3141.68333333   3136.86666667 
   3132.54166667   3127.97500000   3121.71666667   3114.81666667   3109.05000000   3101.55000000   3096.64166667   3090.61666667   3084.29166667   3079.08333333   3073.58333333   3069.69166667   3064.87500000   3059.30000000   3054.80833333   3048.86666667   3043.04166667   3039.20000000   3031.10000000   3025.72500000   3021.34166667   3016.01666667   3009.85833333   3001.65000000   2996.82500000 
   2990.19166667   2985.84166667   2977.22500000   2971.13333333   2963.52500000   2956.52500000   2950.84166667   2943.97500000   2937.50000000   2931.66666667   2924.80000000   2918.85833333   2913.64166667   2907.81666667   2900.69166667   2894.14166667   2888.95000000   2881.76666667   2875.25833333   2869.63333333   2861.91666667   2855.96666667   2850.60000000   2845.80833333   2839.60000000 
   2834.01666667   2825.69166667   2817.74166667   2810.24166667   2804.75000000   2795.55000000   2787.84166667   2781.24166667   2772.24166667   2765.23333333   2757.55833333   2750.57500000   2744.28333333   2735.53333333   2727.87500000   2720.50833333   2714.15000000   2705.38333333   2698.81666667   2689.47500000   2684.07500000   2676.76666667   2668.98333333   2663.45000000   2655.40000000 
   2649.67500000   2642.54166667   2633.90000000   2624.95000000   2616.35000000   2608.69166667   2599.56666667   2592.40000000   2583.74166667   2577.07500000   2569.81666667   2560.24166667   2553.53333333   2545.96666667   2537.74166667   2532.36666667   2525.05000000   2517.55000000   2512.40833333   2505.96666667   2498.21666667   2492.79166667   2484.30000000   2478.97500000   2473.42500000 
   2465.13333333   2456.35000000   2446.33333333   2437.70000000   2429.94166667   2420.51666667   2412.66666667   2403.82500000   2393.95000000   2385.33333333   2376.68333333   2369.61666667   2361.44166667   2353.58333333   2346.18333333   2338.19166667   2331.34166667   2322.50833333   2313.75833333   2305.85000000   2298.65000000   2290.25833333   2281.86666667   2274.50833333   2267.20000000 
   2260.58333333   2251.71666667   2240.73333333   2230.50833333   2222.25000000   2214.60833333   2207.41666667   2197.54166667   2188.21666667   2181.20833333   2173.65833333   2164.71666667   2154.66666667   2147.08333333   2140.40000000   2130.54166667   2124.39166667   2114.90000000   2105.36666667   2097.23333333   2088.59166667   2080.52500000   2071.37500000   2064.30000000   2057.86666667 
   2048.82500000   2038.89166667   2027.41666667   2021.03333333   2008.85833333   1998.74166667   1988.42500000   1977.74166667   1967.06666667   1957.50833333   1950.53333333   1940.42500000   1931.97500000   1922.20000000   1911.75833333   1902.75000000   1897.28333333   1887.86666667   1877.55833333   1870.93333333   1862.85000000   1854.60833333   1846.31666667   1837.96666667   1826.70000000 
   1819.89166667   1810.99166667   1801.34166667   1793.07500000   1781.68333333   1773.85833333   1762.28333333   1750.59166667   1740.79166667   1728.61666667   1719.95000000   1710.53333333   1701.60000000   1694.18333333   1685.85833333   1674.87500000   1665.36666667   1655.43333333   1645.91666667   1637.44166667   1628.77500000   1621.88333333   1612.52500000   1604.68333333   1596.85833333 
   1586.48333333   1576.78333333   1567.58333333   1558.52500000   1547.52500000   1538.15833333   1526.65833333   1515.86666667   1507.91666667   1499.10833333   1490.39166667   1480.46666667   1473.22500000   1464.25833333   1456.25000000   1448.02500000   1438.95833333   1430.22500000   1421.48333333   1413.13333333   1404.62500000   1397.75833333   1389.30000000   1381.72500000   1373.95000000 
   1368.12500000   1357.97500000   1346.56666667   1336.40833333   1329.83333333   1319.31666667   1309.39166667   1302.40000000   1295.20833333   1283.75833333   1274.93333333   1268.20833333   1259.73333333   1251.10833333   1245.29166667   1236.94166667   1230.13333333   1221.93333333   1214.25000000   1206.83333333   1199.12500000   1193.95000000   1186.71666667   1178.30000000   1169.67500000 
   1163.50000000   1154.02500000   1144.14166667   1136.65000000   1128.77500000   1121.60000000   1112.55000000   1106.74166667   1098.89166667   1091.67500000   1084.16666667   1077.75000000   1069.23333333   1062.72500000   1054.99166667   1047.88333333   1041.26666667   1033.94166667   1027.10000000   1019.54166667   1011.81666667   1005.34166667    999.96666667    992.44166667    986.56666667 
    980.85833333    969.55833333    959.46666667    952.81666667    946.08333333    936.45000000    929.08333333    921.33333333    916.09166667    908.70000000    900.85833333    897.07500000    888.58333333    882.16666667    873.75833333    868.90000000    863.35000000    857.12500000    851.07500000    845.60833333    839.87500000    834.95833333    830.92500000    822.55833333    820.24166667 
    813.15833333    805.86666667    797.45000000    790.63333333    784.09166667    777.66666667    771.04166667    767.11666667    762.16666667    757.83333333    751.25833333    746.75000000    741.38333333    734.43333333    727.46666667    721.25833333    717.20833333    712.48333333    708.99166667    703.50833333    697.71666667    692.89166667    688.14166667    685.08333333    680.79166667 
    677.29166667    670.54166667    662.55000000    658.45000000    652.58333333    648.66666667    643.52500000    637.42500000    632.95000000    627.81666667    624.04166667    617.65833333    613.52500000    610.42500000    607.32500000    601.73333333    598.80833333    594.08333333    590.48333333    587.95833333    583.98333333    582.97500000    576.76666667    575.94166667    572.15000000 
    568.90833333    565.87500000    561.05833333    557.66666667    550.77500000    547.35000000    540.76666667    539.29166667    533.50000000    531.57500000    527.42500000    523.68333333    519.39166667    516.08333333    512.85000000    510.10000000    506.50000000    502.46666667    499.92500000    494.90833333    490.64166667    491.02500000    487.83333333    483.47500000    482.10000000 
    481.50000000    478.75833333    475.97500000    471.55833333    469.09166667    465.35000000    461.06666667    458.87500000    457.16666667    452.58333333    449.86666667    446.25000000    442.82500000    441.00833333    441.06666667    437.13333333    433.76666667    432.26666667    429.98333333    428.15000000    427.93333333    423.28333333    424.33333333    421.75000000    417.02500000 
    416.16666667    410.87500000    409.65833333    406.06666667    403.55000000    401.76666667    397.86666667    394.13333333    390.70833333    388.55833333    387.25833333    384.24166667    383.68333333    384.20000000    380.65833333    378.73333333    377.37500000    377.97500000    377.70000000    374.96666667    373.67500000    370.75000000    371.32500000    370.50000000    369.52500000 
    367.64166667    365.04166667    360.73333333    358.84166667    356.67500000    354.10833333    352.04166667    350.44166667    348.06666667    347.94166667    345.88333333    345.24166667    344.39166667    340.52500000    340.96666667    338.83333333    336.93333333    339.05000000    335.47500000    334.90000000    332.48333333    328.65833333    328.31666667    325.55000000    323.06666667 
    322.70000000    320.27500000    317.57500000    315.54166667    314.79166667    312.23333333    313.01666667    309.81666667    309.53333333    307.60833333    306.48333333    307.13333333    306.05000000    302.81666667    301.95833333    303.35833333    303.60000000    302.74166667    301.16666667    301.48333333    301.00833333    302.15833333    301.89166667    300.64166667    298.37500000 
    299.42500000    294.06666667    293.57500000    292.59166667    290.07500000    289.72500000    286.05833333    286.71666667    281.35833333    281.41666667    282.36666667    281.24166667    280.62500000    281.25833333    280.29166667    280.80833333    280.68333333    279.89166667    277.21666667    274.81666667    275.08333333    274.96666667    275.63333333    273.90000000    273.70000000 
    272.42500000    270.55000000    269.67500000    268.41666667    266.76666667    266.78333333    263.66666667    263.04166667    260.71666667    261.72500000    261.30833333    259.46666667    260.08333333    259.43333333    256.63333333    257.75000000    257.77500000    256.17500000    256.44166667    254.25000000    252.02500000    253.76666667    252.12500000    249.90833333    251.25000000 
    251.00000000    247.05833333    244.23333333    245.15000000    242.17500000    243.40000000    241.58333333    239.21666667    238.22500000    240.07500000    240.15000000    240.46666667    240.32500000    239.20833333    238.05000000    235.94166667    235.04166667    232.70833333    231.83333333    231.66666667    231.93333333    229.87500000    229.11666667    229.39166667    230.17500000 
    228.73333333    227.63333333    225.13333333    224.52500000    223.14166667    224.38333333    225.90833333    224.29166667    224.63333333    224.64166667    224.07500000    222.57500000    221.49166667    221.85833333    219.73333333    219.83333333    217.44166667    217.19166667    219.23333333    219.86666667    219.40000000    220.18333333    220.05833333    220.51666667    219.37500000 
    220.88333333    215.15000000    214.20000000    211.67500000    211.46666667    209.87500000    210.38333333    208.32500000    208.59166667    207.19166667    206.76666667    207.57500000    207.33333333    208.10000000    205.15000000    206.20000000    207.60833333    205.13333333    203.20000000    202.41666667    202.27500000    201.55000000    204.49166667    204.09166667    203.19166667 
    203.75833333    202.23333333    200.07500000    197.14166667    197.83333333    195.92500000    196.13333333    196.71666667    196.26666667    197.83333333    196.48333333    195.18333333    195.38333333    194.54166667    193.61666667    193.45833333    192.78333333    192.64166667    190.83333333    190.22500000    190.45833333    190.58333333    192.41666667    190.95000000    190.40000000 
    188.75000000    187.82500000    188.92500000    188.07500000    189.59166667    190.68333333    188.34166667    186.23333333    185.65000000    186.79166667    184.55000000    182.05000000    182.54166667    182.11666667    182.31666667    182.51666667    180.05000000    179.55000000    180.26666667    179.44166667    182.25000000    181.25000000    182.46666667    180.25000000    181.32500000 
    182.47500000    178.30000000    179.10000000    179.24166667    179.52500000    179.95000000    180.10000000    177.25000000    176.48333333    175.35833333    175.72500000    174.27500000    176.43333333    175.77500000    174.38333333    172.43333333    173.05833333    171.35833333    169.29166667    169.23333333    170.10833333    170.85000000    168.08333333    167.32500000    168.24166667 
    166.25833333    161.79166667    163.75000000    161.60833333    161.23333333    163.20000000    161.62500000    160.71666667    160.69166667    160.90000000    159.85833333    160.66666667    160.71666667    160.97500000    161.01666667    159.10833333    157.80000000    160.10000000    159.53333333    159.45833333    160.35000000    159.10000000    159.21666667    160.46666667    159.27500000 
    159.09166667    157.95000000    158.19166667    158.80833333    157.98333333    155.14166667    155.47500000    155.55000000    153.54166667    153.00000000    152.74166667    151.35833333    149.44166667    150.96666667    150.18333333    150.90833333    150.92500000    148.80833333    150.09166667    148.99166667    147.95833333    149.94166667    149.33333333    148.14166667    150.00833333 
    149.26666667    146.13333333    147.21666667    148.14166667    148.70000000    147.53333333    146.70000000    146.86666667    145.86666667    145.78333333    146.40000000    145.60833333    144.66666667    145.26666667    144.12500000    144.32500000    143.65000000    144.58333333    145.45000000    144.20000000    143.33333333    144.67500000    146.47500000    145.08333333    143.25833333 
    145.14166667    146.76666667    144.54166667    143.72500000    141.78333333    140.80833333    139.94166667    141.05000000    139.90000000    138.83333333    138.97500000    139.48333333    138.47500000    140.24166667    139.11666667    138.23333333    139.30000000    139.21666667    139.01666667    138.60000000    141.02500000    139.87500000    140.07500000    140.01666667    139.91666667 
    137.65000000    134.95000000    136.59166667    135.79166667    135.78333333    133.75833333    134.48333333    133.72500000    132.16666667    132.48333333    133.57500000    132.45833333    132.05000000    130.35000000    131.02500000    131.03333333    131.96666667    131.81666667    130.88333333    132.33333333    131.09166667    131.87500000    130.75000000    131.21666667    130.25833333 
    131.78333333    129.05000000    129.42500000    127.70000000    128.77500000    127.05000000    127.95833333    128.74166667    127.21666667    128.49166667    128.40833333    127.53333333    128.13333333    126.31666667    125.95833333    125.68333333    125.29166667    123.71666667    124.95000000    123.16666667    125.82500000    125.84166667    125.20000000    125.75833333    126.75000000 
    127.40833333    126.90000000    126.04166667    123.96666667    124.17500000    123.22500000    123.68333333    123.07500000    121.64166667    121.57500000    120.81666667    120.62500000    120.45833333    119.45833333    120.53333333    122.81666667    121.37500000    121.53333333    120.45000000    120.28333333    120.68333333    121.30000000    122.40833333    120.50000000    121.49166667 
    120.07500000    117.74166667    118.15000000    120.07500000    118.98333333    118.01666667    117.60000000    116.06666667    116.89166667    117.80000000    116.20833333    115.37500000    115.16666667    117.20000000    117.34166667    116.90833333    116.50000000    114.60000000    114.63333333    114.49166667    116.25833333    113.88333333    115.61666667    114.45833333    113.71666667 
    115.14166667    113.15833333    111.44166667    109.34166667    110.09166667    110.84166667    109.32500000    110.49166667    109.02500000    110.40833333    111.50000000    110.87500000    109.07500000    110.65833333    108.03333333    109.79166667    110.87500000    112.15833333    111.23333333    110.70000000    112.03333333    110.72500000    109.41666667    107.87500000    108.99166667 
    108.33333333    105.77500000    104.66666667    104.46666667    104.55000000    105.19166667    105.77500000    106.10833333    105.85833333    106.65833333    105.78333333    106.76666667    108.51666667    107.35000000    106.74166667    104.95833333    104.31666667    106.55000000    106.68333333    107.21666667    106.08333333    104.33333333    105.76666667    107.29166667    108.80833333 
    106.40000000    103.77500000    104.48333333    102.65000000    101.25000000    101.37500000    101.31666667    101.65000000    102.15833333    101.37500000    103.20000000    101.84166667    100.96666667    100.93333333    101.14166667    101.38333333    103.90000000    104.29166667    102.40000000    102.81666667    102.41666667    102.85000000    101.92500000    102.02500000    102.57500000 
    102.79166667    100.27500000    100.00833333     98.42500000     98.53333333     97.19166667     98.16666667     99.11666667     99.35000000     98.59166667    100.12500000     97.35833333     98.60833333     99.95833333     99.43333333     97.67500000     98.16666667     99.24166667     98.47500000     99.26666667     97.81666667     96.95000000     97.88333333     98.40000000     98.21666667 
     99.47500000     97.83333333     99.99166667     98.69166667     97.05833333     97.30833333     96.70000000     97.65000000     97.31666667     96.22500000     95.83333333     95.08333333     96.91666667     96.60833333     97.60833333     97.09166667     95.90833333     97.19166667     96.55000000     94.66666667     94.26666667     95.15833333     94.11666667     94.40000000     93.09166667 
     96.08333333     93.23333333     93.31666667     93.83333333     94.05833333     94.35833333     92.31666667     90.66666667     90.05833333     91.38333333     90.98333333     89.89166667     90.35000000     89.86666667     89.32500000     89.80833333     92.40000000     91.59166667     92.15833333     92.08333333     90.61666667     89.96666667     91.07500000     90.54166667     91.34166667 
