  0.00000000E+00 -5.82860000E+01 -6.77510000E+01 -7.38496667E+01 -7.87903333E+01 -8.41376667E+01 -8.73443333E+01 -9.29866667E+01 -9.51500000E+01 -9.56680000E+01 -9.61563333E+01 -9.85096667E+01 -1.01732000E+02 -1.01897667E+02 -1.04120667E+02 -1.04228333E+02 -1.03102667E+02 -1.05146667E+02 -1.06362667E+02 -1.08287000E+02 -1.07418000E+02 -1.06564000E+02 -1.06411000E+02 -1.06727333E+02 -1.08296333E+02 
 -1.08315000E+02 -1.10295333E+02 -1.11053333E+02 -1.08363333E+02 -1.10274000E+02 -1.11189667E+02 -1.12102667E+02 -1.11681667E+02 -1.13285333E+02 -1.12175000E+02 -1.13580333E+02 -1.13266667E+02 -1.13778667E+02 -1.13440000E+02 -1.14059333E+02 -1.14437000E+02 -1.14391333E+02 -1.15187667E+02 -1.13594333E+02 -1.13023667E+02 -1.12656000E+02 -1.13459667E+02 -1.10724000E+02 -1.11102333E+02 -1.12195667E+02 
 -1.13072667E+02 -1.14805667E+02 -1.16099000E+02 -1.17085333E+02 -1.16461667E+02 -1.17141000E+02 -1.18364000E+02 -1.17949667E+02 -1.16600667E+02 -1.16123000E+02 -1.17539333E+02 -1.19906667E+02 -1.18941667E+02 -1.17800333E+02 -1.19808333E+02 -1.18813333E+02 -1.17789000E+02 -1.18064000E+02 -1.18470333E+02 -1.18298667E+02 -1.20622333E+02 -1.18846333E+02 -1.19474667E+02 -1.19174333E+02 -1.18972333E+02 
 -1.19839333E+02 -1.22239667E+02 -1.22571667E+02 -1.21189667E+02 -1.22644000E+02 -1.23472333E+02 -1.23072000E+02 -1.22721667E+02 -1.22658000E+02 -1.23125333E+02 -1.24664333E+02 -1.22661000E+02 -1.23490000E+02 -1.22273333E+02 -1.23619333E+02 -1.22215333E+02 -1.24122000E+02 -1.23502000E+02 -1.24151000E+02 -1.25428333E+02 -1.25077333E+02 -1.26225000E+02 -1.26317333E+02 -1.25576333E+02 -1.23545667E+02 
 -1.24829333E+02 -1.24665667E+02 -1.23351667E+02 -1.25491000E+02 -1.28122333E+02 -1.29173000E+02 -1.29989667E+02 -1.28879667E+02 -1.30834333E+02 -1.30954667E+02 -1.30711333E+02 -1.30748667E+02 -1.30558000E+02 -1.30283333E+02 -1.32693667E+02 -1.30983000E+02 -1.31676333E+02 -1.31638333E+02 -1.31875000E+02 -1.31655000E+02 -1.31276000E+02 -1.32730667E+02 -1.33669667E+02 -1.33981000E+02 -1.34257333E+02 
 -1.33697667E+02 -1.35853333E+02 -1.35695000E+02 -1.35563667E+02 -1.36651333E+02 -1.37007667E+02 -1.37300667E+02 -1.37537667E+02 -1.39278000E+02 -1.40750667E+02 -1.40696333E+02 -1.39537667E+02 -1.38614667E+02 -1.39028333E+02 -1.39926000E+02 -1.39089667E+02 -1.39304667E+02 -1.38512000E+02 -1.38041667E+02 -1.40097667E+02 -1.40923667E+02 -1.39331000E+02 -1.38973000E+02 -1.37623667E+02 -1.40087000E+02 
 -1.38889667E+02 -1.38945000E+02 -1.38724667E+02 -1.37655000E+02 -1.37724000E+02 -1.40910333E+02 -1.38606667E+02 -1.39804333E+02 -1.39782667E+02 -1.40149333E+02 -1.42339000E+02 -1.41893000E+02 -1.44465000E+02 -1.43510000E+02 -1.43183333E+02 -1.45833333E+02 -1.44203000E+02 -1.46445000E+02 -1.45301667E+02 -1.46409333E+02 -1.47263000E+02 -1.46764000E+02 -1.47138000E+02 -1.46647000E+02 -1.45647667E+02 
 -1.45290667E+02 -1.45969000E+02 -1.48731333E+02 -1.48617667E+02 -1.50947667E+02 -1.52283333E+02 -1.51790333E+02 -1.52731333E+02 -1.52585000E+02 -1.51117000E+02 -1.52595333E+02 -1.49740333E+02 -1.50819333E+02 -1.50893333E+02 -1.49046667E+02 -1.48922333E+02 -1.48471667E+02 -1.47992667E+02 -1.49849333E+02 -1.47785000E+02 -1.49424000E+02 -1.49996667E+02 -1.50715333E+02 -1.50075000E+02 -1.49606667E+02 
 -1.50867000E+02 -1.53035333E+02 -1.53531667E+02 -1.53648000E+02 -1.54193667E+02 -1.54968333E+02 -1.55060000E+02 -1.56054000E+02 -1.57078333E+02 -1.55541000E+02 -1.57449333E+02 -1.57082667E+02 -1.56987000E+02 -1.57798000E+02 -1.56124667E+02 -1.57671667E+02 -1.56770667E+02 -1.56302667E+02 -1.56515333E+02 -1.56172000E+02 -1.55927333E+02 -1.55936667E+02 -1.58424000E+02 -1.59520667E+02 -1.59776000E+02 
 -1.60221667E+02 -1.60557000E+02 -1.59874000E+02 -1.62677000E+02 -1.63058333E+02 -1.62712000E+02 -1.63816000E+02 -1.62554000E+02 -1.63625667E+02 -1.63094000E+02 -1.64264000E+02 -1.64122667E+02 -1.64704667E+02 -1.63868333E+02 -1.64768667E+02 -1.66031667E+02 -1.64754667E+02 -1.64597333E+02 -1.66235667E+02 -1.67490667E+02 -1.65753000E+02 -1.65714000E+02 -1.67801000E+02 -1.66741333E+02 -1.67154667E+02 
 -1.65075667E+02 -1.67553000E+02 -1.65960667E+02 -1.65275000E+02 -1.65934667E+02 -1.67014333E+02 -1.69185000E+02 -1.67530000E+02 -1.67801667E+02 -1.68178000E+02 -1.69327667E+02 -1.68275333E+02 -1.67491000E+02 -1.67053000E+02 -1.68517000E+02 -1.68718667E+02 -1.68539333E+02 -1.68937667E+02 -1.69534000E+02 -1.70072000E+02 -1.70590000E+02 -1.68964667E+02 -1.72399667E+02 -1.72251667E+02 -1.72765000E+02 
 -1.73293000E+02 -1.74846333E+02 -1.77837667E+02 -1.77137333E+02 -1.78462333E+02 -1.78558000E+02 -1.77593333E+02 -1.78754000E+02 -1.81127000E+02 -1.82487333E+02 -1.81158000E+02 -1.83494667E+02 -1.81975333E+02 -1.81117333E+02 -1.82022333E+02 -1.83299667E+02 -1.82992000E+02 -1.84957667E+02 -1.82950333E+02 -1.83427667E+02 -1.83244667E+02 -1.84653333E+02 -1.84866000E+02 -1.84263000E+02 -1.86166000E+02 
 -1.85276333E+02 -1.86107000E+02 -1.85788000E+02 -1.86296667E+02 -1.87299000E+02 -1.89017000E+02 -1.89838333E+02 -1.89850000E+02 -1.90273000E+02 -1.90696000E+02 -1.92854000E+02 -1.94544333E+02 -1.92357000E+02 -1.90418667E+02 -1.92105333E+02 -1.90112333E+02 -1.91186667E+02 -1.91118333E+02 -1.92240000E+02 -1.92248333E+02 -1.92244000E+02 -1.92270667E+02 -1.91664667E+02 -1.92281000E+02 -1.91282667E+02 
 -1.92711000E+02 -1.95098000E+02 -1.96204000E+02 -1.96253333E+02 -1.98723333E+02 -1.97147333E+02 -1.98845333E+02 -1.98709000E+02 -1.97219333E+02 -1.99590333E+02 -2.02090000E+02 -2.02730333E+02 -2.03983667E+02 -2.03544667E+02 -2.03868333E+02 -2.03462667E+02 -2.04566000E+02 -2.05237000E+02 -2.04383667E+02 -2.04451333E+02 -2.03928333E+02 -2.06160333E+02 -2.07872667E+02 -2.08779667E+02 -2.08929667E+02 
 -2.09681333E+02 -2.11625000E+02 -2.11235000E+02 -2.12061333E+02 -2.12640667E+02 -2.12334000E+02 -2.14495667E+02 -2.14052667E+02 -2.15229333E+02 -2.17046000E+02 -2.14593000E+02 -2.14067333E+02 -2.16167667E+02 -2.17858333E+02 -2.15672000E+02 -2.17762667E+02 -2.17930000E+02 -2.16538000E+02 -2.17089000E+02 -2.18452000E+02 -2.19586667E+02 -2.20122667E+02 -2.20128667E+02 -2.19956000E+02 -2.18819000E+02 
 -2.19659667E+02 -2.21999667E+02 -2.23497000E+02 -2.23803333E+02 -2.24511333E+02 -2.25042000E+02 -2.24704667E+02 -2.26323667E+02 -2.27703000E+02 -2.27214667E+02 -2.28275667E+02 -2.27938000E+02 -2.26740333E+02 -2.30036667E+02 -2.27062333E+02 -2.28068333E+02 -2.28476333E+02 -2.29513333E+02 -2.31588000E+02 -2.28507667E+02 -2.30524333E+02 -2.28008667E+02 -2.28503333E+02 -2.31112667E+02 -2.28143667E+02 
 -2.30096333E+02 -2.30333667E+02 -2.31967000E+02 -2.32577333E+02 -2.34517000E+02 -2.35710667E+02 -2.36291333E+02 -2.36605667E+02 -2.38036667E+02 -2.38811000E+02 -2.40342333E+02 -2.40133667E+02 -2.41283000E+02 -2.42517667E+02 -2.42552333E+02 -2.42790333E+02 -2.43600333E+02 -2.42537000E+02 -2.43160333E+02 -2.44285333E+02 -2.46730000E+02 -2.44560333E+02 -2.45145333E+02 -2.47254667E+02 -2.48087667E+02 
 -2.47906667E+02 -2.48732333E+02 -2.49216667E+02 -2.49999667E+02 -2.50938333E+02 -2.51533333E+02 -2.51849333E+02 -2.53582333E+02 -2.52736333E+02 -2.54542000E+02 -2.54837000E+02 -2.53295667E+02 -2.53652000E+02 -2.55102333E+02 -2.54872000E+02 -2.56989333E+02 -2.57839000E+02 -2.57458667E+02 -2.59065000E+02 -2.58482000E+02 -2.59607667E+02 -2.59678000E+02 -2.59136667E+02 -2.59414333E+02 -2.60893333E+02 
 -2.59199000E+02 -2.61507667E+02 -2.65576333E+02 -2.66161000E+02 -2.66619333E+02 -2.64921333E+02 -2.66842333E+02 -2.68583333E+02 -2.68951000E+02 -2.69836667E+02 -2.70148667E+02 -2.71021000E+02 -2.71289333E+02 -2.72273333E+02 -2.72812333E+02 -2.74206667E+02 -2.74669000E+02 -2.74083333E+02 -2.73654333E+02 -2.76285667E+02 -2.74677333E+02 -2.76874667E+02 -2.77205667E+02 -2.75812000E+02 -2.76035667E+02 
 -2.78590333E+02 -2.81176000E+02 -2.81623333E+02 -2.81071000E+02 -2.81715333E+02 -2.85183667E+02 -2.86567000E+02 -2.87408000E+02 -2.88284667E+02 -2.89406667E+02 -2.91331667E+02 -2.94734000E+02 -2.95303000E+02 -2.96453667E+02 -2.96240000E+02 -2.99204667E+02 -2.99141667E+02 -2.98496000E+02 -2.99047000E+02 -2.99114667E+02 -2.99924667E+02 -2.97418333E+02 -2.97414667E+02 -2.98941667E+02 -3.00437000E+02 
 -3.01263667E+02 -3.03048333E+02 -3.02512667E+02 -3.05262333E+02 -3.05067333E+02 -3.05357000E+02 -3.09414667E+02 -3.09245667E+02 -3.08238333E+02 -3.10043000E+02 -3.11463333E+02 -3.10392000E+02 -3.10241333E+02 -3.11090000E+02 -3.11273667E+02 -3.13963667E+02 -3.15665667E+02 -3.16218000E+02 -3.18082000E+02 -3.17498667E+02 -3.18982000E+02 -3.17461667E+02 -3.15873667E+02 -3.16840667E+02 -3.17234000E+02 
 -3.18386000E+02 -3.23831000E+02 -3.23520333E+02 -3.25309333E+02 -3.27167667E+02 -3.30596333E+02 -3.28632667E+02 -3.30596667E+02 -3.30916000E+02 -3.32544333E+02 -3.34211000E+02 -3.36093000E+02 -3.35824000E+02 -3.38373333E+02 -3.37880333E+02 -3.39378333E+02 -3.36726000E+02 -3.40092333E+02 -3.41104667E+02 -3.41151667E+02 -3.41104667E+02 -3.41050333E+02 -3.43680000E+02 -3.43793000E+02 -3.45190333E+02 
 -3.46005333E+02 -3.50178667E+02 -3.47396333E+02 -3.50228333E+02 -3.51551667E+02 -3.54172667E+02 -3.53360667E+02 -3.55123333E+02 -3.56430667E+02 -3.58652667E+02 -3.61288667E+02 -3.63053333E+02 -3.62639333E+02 -3.64608333E+02 -3.64332667E+02 -3.63837000E+02 -3.65979667E+02 -3.68183667E+02 -3.68585667E+02 -3.68228333E+02 -3.68046333E+02 -3.69065667E+02 -3.71283333E+02 -3.72635667E+02 -3.75395333E+02 
 -3.76887333E+02 -3.79397000E+02 -3.80779000E+02 -3.82173000E+02 -3.84177000E+02 -3.84861333E+02 -3.88915000E+02 -3.89105000E+02 -3.88908667E+02 -3.90511667E+02 -3.89759667E+02 -3.91009667E+02 -3.93941000E+02 -3.96466333E+02 -3.94115333E+02 -3.96335000E+02 -3.95276000E+02 -3.98674667E+02 -3.96890667E+02 -3.96790000E+02 -3.97325667E+02 -3.97113000E+02 -3.99440333E+02 -4.01855000E+02 -4.02405667E+02 
 -4.03865333E+02 -4.06977667E+02 -4.06317333E+02 -4.09724333E+02 -4.12898333E+02 -4.13376333E+02 -4.15150000E+02 -4.16299000E+02 -4.18449000E+02 -4.17376000E+02 -4.20674333E+02 -4.18864667E+02 -4.20990000E+02 -4.23046667E+02 -4.25724000E+02 -4.25280333E+02 -4.26146000E+02 -4.26716333E+02 -4.26960000E+02 -4.27303667E+02 -4.29220333E+02 -4.29998333E+02 -4.31754333E+02 -4.32619333E+02 -4.33911333E+02 
 -4.35896333E+02 -4.40850000E+02 -4.40702333E+02 -4.41987333E+02 -4.42970667E+02 -4.44175000E+02 -4.45942667E+02 -4.45934667E+02 -4.50315333E+02 -4.51481667E+02 -4.52490000E+02 -4.54628667E+02 -4.56427333E+02 -4.55901000E+02 -4.59783000E+02 -4.60818667E+02 -4.59699667E+02 -4.61207000E+02 -4.64048333E+02 -4.64430667E+02 -4.63996333E+02 -4.67242667E+02 -4.66461000E+02 -4.67235667E+02 -4.69854333E+02 
 -4.71802000E+02 -4.73515000E+02 -4.74923667E+02 -4.76385000E+02 -4.77577000E+02 -4.80059667E+02 -4.84271000E+02 -4.82285333E+02 -4.87299000E+02 -4.87762333E+02 -4.87130000E+02 -4.88262333E+02 -4.92450000E+02 -4.95504333E+02 -4.97879000E+02 -4.99704333E+02 -5.00734333E+02 -5.01455000E+02 -5.02301000E+02 -5.03705667E+02 -5.04608000E+02 -5.06277000E+02 -5.07136000E+02 -5.08544667E+02 -5.09975667E+02 
 -5.08426000E+02 -5.13429333E+02 -5.14891000E+02 -5.19185000E+02 -5.22216000E+02 -5.22534667E+02 -5.24372000E+02 -5.26441333E+02 -5.28231333E+02 -5.28819333E+02 -5.32107667E+02 -5.34338667E+02 -5.36472333E+02 -5.37203667E+02 -5.40468000E+02 -5.39916667E+02 -5.43645667E+02 -5.45722333E+02 -5.46818333E+02 -5.48215000E+02 -5.50293333E+02 -5.52703667E+02 -5.55398333E+02 -5.57019000E+02 -5.59376333E+02 
 -5.60340333E+02 -5.63885333E+02 -5.64543000E+02 -5.66746667E+02 -5.69852000E+02 -5.72119000E+02 -5.75159667E+02 -5.78947000E+02 -5.79298667E+02 -5.81070667E+02 -5.82422333E+02 -5.83434667E+02 -5.85020667E+02 -5.86150000E+02 -5.89749000E+02 -5.92595333E+02 -5.94026667E+02 -5.95635000E+02 -5.96979333E+02 -5.99203667E+02 -6.01509667E+02 -6.02966667E+02 -6.05008333E+02 -6.06849333E+02 -6.06617667E+02 
 -6.09076000E+02 -6.11515000E+02 -6.14281667E+02 -6.18015000E+02 -6.20980333E+02 -6.22968333E+02 -6.27964333E+02 -6.30764667E+02 -6.31672000E+02 -6.33877333E+02 -6.37544667E+02 -6.40286000E+02 -6.44256667E+02 -6.44531667E+02 -6.43041333E+02 -6.45467333E+02 -6.49795000E+02 -6.51765667E+02 -6.51582000E+02 -6.53361667E+02 -6.56243667E+02 -6.57002000E+02 -6.57404000E+02 -6.55862000E+02 -6.58081667E+02 
 -6.61296333E+02 -6.63887000E+02 -6.67955667E+02 -6.70428000E+02 -6.74276000E+02 -6.76706000E+02 -6.80306333E+02 -6.82139333E+02 -6.83748667E+02 -6.87780667E+02 -6.87762333E+02 -6.91741000E+02 -6.93359333E+02 -6.97054667E+02 -7.00051333E+02 -7.01227000E+02 -7.03768667E+02 -7.05340667E+02 -7.06595000E+02 -7.09280333E+02 -7.12311667E+02 -7.13764667E+02 -7.15203000E+02 -7.16912667E+02 -7.20076000E+02 
 -7.22129667E+02 -7.24672000E+02 -7.27147333E+02 -7.30520000E+02 -7.32966667E+02 -7.36868000E+02 -7.40174333E+02 -7.41155667E+02 -7.44680333E+02 -7.47677000E+02 -7.52665667E+02 -7.52922000E+02 -7.57558667E+02 -7.59299000E+02 -7.61390667E+02 -7.64239000E+02 -7.68761333E+02 -7.71868000E+02 -7.74814333E+02 -7.77013000E+02 -7.78202667E+02 -7.83667000E+02 -7.83065333E+02 -7.86261000E+02 -7.89062667E+02 
 -7.91251000E+02 -7.95154667E+02 -7.98558667E+02 -8.00585000E+02 -8.03847667E+02 -8.06038000E+02 -8.06936333E+02 -8.09759333E+02 -8.11947333E+02 -8.14188000E+02 -8.17758333E+02 -8.20293667E+02 -8.22176000E+02 -8.25097667E+02 -8.28046333E+02 -8.28293000E+02 -8.33696000E+02 -8.38133000E+02 -8.39776000E+02 -8.44235333E+02 -8.44537000E+02 -8.48296000E+02 -8.48904667E+02 -8.52517667E+02 -8.55950667E+02 
 -8.58598000E+02 -8.63341667E+02 -8.66092667E+02 -8.72099000E+02 -8.76902333E+02 -8.78108000E+02 -8.81833667E+02 -8.84955000E+02 -8.87170000E+02 -8.90665667E+02 -8.93472667E+02 -8.96550667E+02 -8.99396667E+02 -9.04910667E+02 -9.05669667E+02 -9.10277000E+02 -9.13831000E+02 -9.18083333E+02 -9.23887667E+02 -9.26899000E+02 -9.29047000E+02 -9.31871333E+02 -9.35708333E+02 -9.38397333E+02 -9.42091000E+02 
 -9.45069333E+02 -9.49049667E+02 -9.52436333E+02 -9.57848000E+02 -9.62786000E+02 -9.66051667E+02 -9.67355333E+02 -9.70738333E+02 -9.75804333E+02 -9.80713000E+02 -9.85320667E+02 -9.90695000E+02 -9.94063667E+02 -9.98294333E+02 -1.00244200E+03 -1.00535700E+03 -1.00820500E+03 -1.01249100E+03 -1.01541567E+03 -1.01759500E+03 -1.02379967E+03 -1.02831500E+03 -1.02998233E+03 -1.03436667E+03 -1.03788400E+03 
 -1.03946167E+03 -1.04578600E+03 -1.05084100E+03 -1.05776367E+03 -1.06216400E+03 -1.06458933E+03 -1.06762567E+03 -1.07164233E+03 -1.07314700E+03 -1.07769100E+03 -1.08118100E+03 -1.08618567E+03 -1.09025100E+03 -1.09232333E+03 -1.09370900E+03 -1.09835333E+03 -1.10127367E+03 -1.10569367E+03 -1.11143933E+03 -1.11487967E+03 -1.11935933E+03 -1.12124700E+03 -1.12372967E+03 -1.12574733E+03 -1.13060700E+03 
 -1.13460400E+03 -1.14181433E+03 -1.14720033E+03 -1.15195200E+03 -1.15900533E+03 -1.16079733E+03 -1.16971067E+03 -1.17107200E+03 -1.17449867E+03 -1.17894667E+03 -1.18349933E+03 -1.18729367E+03 -1.19184800E+03 -1.19625967E+03 -1.20006067E+03 -1.20415833E+03 -1.20898800E+03 -1.21174100E+03 -1.21757633E+03 -1.22408000E+03 -1.22803667E+03 -1.23212433E+03 -1.23462067E+03 -1.23693467E+03 -1.24044667E+03 
 -1.24622800E+03 -1.25303500E+03 -1.25787800E+03 -1.26318633E+03 -1.26898133E+03 -1.27258900E+03 -1.27779700E+03 -1.28596667E+03 -1.29013067E+03 -1.29511533E+03 -1.29847600E+03 -1.30382733E+03 -1.30538100E+03 -1.31158900E+03 -1.31686867E+03 -1.32060567E+03 -1.32485167E+03 -1.32777933E+03 -1.33281733E+03 -1.33592867E+03 -1.33994900E+03 -1.34377233E+03 -1.34858433E+03 -1.35393467E+03 -1.35724233E+03 
 -1.36339933E+03 -1.36892300E+03 -1.37405067E+03 -1.38056867E+03 -1.38350033E+03 -1.38856800E+03 -1.39590233E+03 -1.40280067E+03 -1.40610167E+03 -1.41131033E+03 -1.41453833E+03 -1.42061567E+03 -1.42683200E+03 -1.43157800E+03 -1.43636933E+03 -1.44298000E+03 -1.44717067E+03 -1.45372667E+03 -1.46050433E+03 -1.46284500E+03 -1.46923967E+03 -1.47280333E+03 -1.48084767E+03 -1.48666900E+03 -1.49194567E+03 
 -1.49635633E+03 -1.50607567E+03 -1.51218133E+03 -1.51900867E+03 -1.52264933E+03 -1.53001800E+03 -1.53417633E+03 -1.54173867E+03 -1.54749500E+03 -1.55182267E+03 -1.55642400E+03 -1.56245100E+03 -1.56807900E+03 -1.57264767E+03 -1.57751567E+03 -1.58059800E+03 -1.58664767E+03 -1.59216133E+03 -1.59860867E+03 -1.60588100E+03 -1.61054600E+03 -1.61646667E+03 -1.62271267E+03 -1.62873833E+03 -1.63443200E+03 
 -1.64101067E+03 -1.64869233E+03 -1.65474033E+03 -1.66203700E+03 -1.66879133E+03 -1.67540300E+03 -1.68011400E+03 -1.68836067E+03 -1.69334833E+03 -1.69742133E+03 -1.70292833E+03 -1.71112600E+03 -1.71637967E+03 -1.72020533E+03 -1.72434433E+03 -1.73196600E+03 -1.73560133E+03 -1.74367467E+03 -1.74843633E+03 -1.75392167E+03 -1.75759233E+03 -1.76341700E+03 -1.76836767E+03 -1.77392000E+03 -1.77935367E+03 
 -1.78475167E+03 -1.79404633E+03 -1.80084100E+03 -1.80720233E+03 -1.81386233E+03 -1.82088967E+03 -1.82687367E+03 -1.83324333E+03 -1.83856033E+03 -1.84726900E+03 -1.85283467E+03 -1.85919867E+03 -1.86520733E+03 -1.87428000E+03 -1.88038767E+03 -1.88569867E+03 -1.89233333E+03 -1.89748433E+03 -1.90365967E+03 -1.90935500E+03 -1.91556567E+03 -1.92223567E+03 -1.92867733E+03 -1.93404567E+03 -1.94139033E+03 
 -1.94640667E+03 -1.95408133E+03 -1.95943133E+03 -1.96604700E+03 -1.97603800E+03 -1.98191233E+03 -1.98726633E+03 -1.99294533E+03 -2.00107900E+03 -2.00861500E+03 -2.01602667E+03 -2.02400267E+03 -2.03110100E+03 -2.03850200E+03 -2.04389367E+03 -2.05339133E+03 -2.06099600E+03 -2.06733967E+03 -2.07081900E+03 -2.07836000E+03 -2.08609733E+03 -2.09222100E+03 -2.09898167E+03 -2.10420767E+03 -2.11040133E+03 
 -2.11656667E+03 -2.12628333E+03 -2.13507600E+03 -2.14190533E+03 -2.14907567E+03 -2.15795833E+03 -2.16626133E+03 -2.17128633E+03 -2.17956433E+03 -2.18727967E+03 -2.19378733E+03 -2.20153100E+03 -2.20775467E+03 -2.21631467E+03 -2.22334667E+03 -2.23128400E+03 -2.23804533E+03 -2.24512000E+03 -2.25217433E+03 -2.25833167E+03 -2.26288267E+03 -2.26929500E+03 -2.27895033E+03 -2.28504500E+03 -2.29400633E+03 
 -2.30115600E+03 -2.30972300E+03 -2.31872967E+03 -2.32689033E+03 -2.33357900E+03 -2.34292500E+03 -2.35053100E+03 -2.35874700E+03 -2.36714267E+03 -2.37378433E+03 -2.38168633E+03 -2.38770133E+03 -2.39770967E+03 -2.40481000E+03 -2.41416500E+03 -2.42039967E+03 -2.42870600E+03 -2.43736500E+03 -2.44649033E+03 -2.45213400E+03 -2.45882433E+03 -2.46484300E+03 -2.47019233E+03 -2.47930367E+03 -2.48632767E+03 
 -2.49352133E+03 -2.50253800E+03 -2.50869833E+03 -2.51691000E+03 -2.52578467E+03 -2.53229000E+03 -2.54040933E+03 -2.54831133E+03 -2.55561967E+03 -2.56516533E+03 -2.57381567E+03 -2.58042267E+03 -2.59029700E+03 -2.59634133E+03 -2.60316467E+03 -2.61189467E+03 -2.61846167E+03 -2.62652967E+03 -2.63382233E+03 -2.64076333E+03 -2.64991700E+03 -2.65681167E+03 -2.66556767E+03 -2.67399967E+03 -2.68204133E+03 
 -2.68804467E+03 -2.70073433E+03 -2.70839933E+03 -2.71753667E+03 -2.72547600E+03 -2.73311000E+03 -2.74205367E+03 -2.75294333E+03 -2.76077133E+03 -2.76901100E+03 -2.77719167E+03 -2.78324867E+03 -2.79223233E+03 -2.80174833E+03 -2.80963267E+03 -2.81694900E+03 -2.82449933E+03 -2.83261700E+03 -2.83979733E+03 -2.84883300E+03 -2.85662833E+03 -2.86494033E+03 -2.87429600E+03 -2.88112667E+03 -2.88938867E+03 
 -2.89884133E+03 -2.90631633E+03 -2.91460400E+03 -2.92303200E+03 -2.93287233E+03 -2.93925033E+03 -2.94965100E+03 -2.95803033E+03 -2.96846033E+03 -2.97503933E+03 -2.98523400E+03 -2.99185833E+03 -3.00188533E+03 -3.00921967E+03 -3.01632300E+03 -3.02337067E+03 -3.03276600E+03 -3.03970600E+03 -3.04676967E+03 -3.05758433E+03 -3.06568700E+03 -3.07400633E+03 -3.08281533E+03 -3.09048133E+03 -3.09857500E+03 
 -3.10537133E+03 -3.11478800E+03 -3.12232467E+03 -3.13191100E+03 -3.14059667E+03 -3.14953600E+03 -3.15876733E+03 -3.16723367E+03 -3.17555300E+03 -3.18249300E+03 -3.19168133E+03 -3.19932867E+03 -3.20754900E+03 -3.21655833E+03 -3.22234267E+03 -3.22894767E+03 -3.23599667E+03 -3.24511700E+03 -3.25395633E+03 -3.26311900E+03 -3.26845100E+03 -3.27895500E+03 -3.28686800E+03 -3.29566833E+03 -3.30515533E+03 
 -3.31262200E+03 -3.32190067E+03 -3.33108100E+03 -3.33786900E+03 -3.34753067E+03 -3.35620400E+03 -3.36590700E+03 -3.37352533E+03 -3.38358800E+03 -3.39310967E+03 -3.40121367E+03 -3.41094367E+03 -3.41932133E+03 -3.42600033E+03 -3.43715733E+03 -3.44641267E+03 -3.45331167E+03 -3.46303767E+03 -3.47044067E+03 -3.47893267E+03 -3.48718600E+03 -3.49638000E+03 -3.50584033E+03 -3.51387067E+03 -3.52236433E+03 
 -3.52965167E+03 -3.53964600E+03 -3.54970767E+03 -3.55747833E+03 -3.56410100E+03 -3.57534667E+03 -3.58311033E+03 -3.59378867E+03 -3.59974200E+03 -3.60908700E+03 -3.61963133E+03 -3.62842567E+03 -3.63683267E+03 -3.64473100E+03 -3.65363100E+03 -3.66305733E+03 -3.67224567E+03 -3.68199800E+03 -3.69039433E+03 -3.69941833E+03 -3.70823467E+03 -3.71511633E+03 -3.72319033E+03 -3.73167300E+03 -3.73920167E+03 
 -3.74664100E+03 -3.75601733E+03 -3.76666000E+03 -3.77573433E+03 -3.78622400E+03 -3.79382100E+03 -3.80386433E+03 -3.81226733E+03 -3.82141300E+03 -3.83048333E+03 -3.83830267E+03 -3.84739400E+03 -3.85592233E+03 -3.86650567E+03 -3.87647700E+03 -3.88158433E+03 -3.89000100E+03 -3.89969833E+03 -3.90822633E+03 -3.91560933E+03 -3.92531433E+03 -3.93432367E+03 -3.94104633E+03 -3.94983467E+03 -3.95881200E+03 
 -3.96854933E+03 -3.97913300E+03 -3.98877800E+03 -3.99772500E+03 -4.00500033E+03 -4.01357567E+03 -4.02295633E+03 -4.03246333E+03 -4.04052833E+03 -4.04820033E+03 -4.05588700E+03 -4.06428400E+03 -4.07201567E+03 -4.07928200E+03 -4.08814700E+03 -4.09601867E+03 -4.10223267E+03 -4.11145667E+03 -4.12116167E+03 -4.12942767E+03 -4.13789833E+03 -4.14576700E+03 -4.15480500E+03 -4.16351267E+03 -4.17164067E+03 
 -4.18096467E+03 -4.18895833E+03 -4.19747133E+03 -4.20586300E+03 -4.21414800E+03 -4.22255067E+03 -4.22928867E+03 -4.23861067E+03 -4.24747033E+03 -4.25552367E+03 -4.26710333E+03 -4.27532200E+03 -4.28284200E+03 -4.29015967E+03 -4.29822933E+03 -4.30669500E+03 -4.31393000E+03 -4.32268533E+03 -4.32918467E+03 -4.33688300E+03 -4.34402867E+03 -4.35180433E+03 -4.36022467E+03 -4.36950733E+03 -4.37825767E+03 
 -4.38479633E+03 -4.39456067E+03 -4.40334067E+03 -4.41103133E+03 -4.41988200E+03 -4.42727167E+03 -4.43507500E+03 -4.44344033E+03 -4.45265333E+03 -4.46035933E+03 -4.46650867E+03 -4.47472833E+03 -4.48216400E+03 -4.49240133E+03 -4.49842333E+03 -4.50615100E+03 -4.51475800E+03 -4.52311833E+03 -4.53060133E+03 -4.53890767E+03 -4.54548767E+03 -4.55210100E+03 -4.55980867E+03 -4.56852167E+03 -4.57526267E+03 
 -4.58290133E+03 -4.59261700E+03 -4.60013233E+03 -4.60803167E+03 -4.61693933E+03 -4.62520867E+03 -4.63250567E+03 -4.63958067E+03 -4.64772667E+03 -4.65456333E+03 -4.66222633E+03 -4.67020067E+03 -4.67817000E+03 -4.68456933E+03 -4.69313833E+03 -4.70145233E+03 -4.70918400E+03 -4.71637767E+03 -4.72414867E+03 -4.73173900E+03 -4.73848533E+03 -4.74634833E+03 -4.75322700E+03 -4.76048000E+03 -4.76793267E+03 
 -4.77451400E+03 -4.78395467E+03 -4.79217967E+03 -4.79938467E+03 -4.80552600E+03 -4.81255033E+03 -4.81986133E+03 -4.82643200E+03 -4.83414733E+03 -4.84127033E+03 -4.84829967E+03 -4.85738100E+03 -4.86196800E+03 -4.86783900E+03 -4.87670633E+03 -4.88306067E+03 -4.89022900E+03 -4.89723100E+03 -4.90482133E+03 -4.91327833E+03 -4.91865800E+03 -4.92614433E+03 -4.93203000E+03 -4.93861667E+03 -4.94398333E+03 
 -4.95142700E+03 -4.95894700E+03 -4.96528367E+03 -4.97143367E+03 -4.97909900E+03 -4.98608400E+03 -4.99345000E+03 -5.00020300E+03 -5.00820967E+03 -5.01521500E+03 -5.02172367E+03 -5.02934567E+03 -5.03621667E+03 -5.04189233E+03 -5.04794200E+03 -5.05573500E+03 -5.06150833E+03 -5.06665467E+03 -5.07332933E+03 -5.08090067E+03 -5.08828933E+03 -5.09403033E+03 -5.10044900E+03 -5.10660067E+03 -5.11346767E+03 
 -5.12033867E+03 -5.12635100E+03 -5.13299500E+03 -5.14074200E+03 -5.14832300E+03 -5.15422667E+03 -5.15885433E+03 -5.16531567E+03 -5.17077967E+03 -5.17672000E+03 -5.18383067E+03 -5.19124700E+03 -5.19666467E+03 -5.20298933E+03 -5.20966133E+03 -5.21645233E+03 -5.22220033E+03 -5.22798333E+03 -5.23410167E+03 -5.23811933E+03 -5.24455533E+03 -5.24934300E+03 -5.25598467E+03 -5.26179100E+03 -5.26848800E+03 
 -5.27404000E+03 -5.28161733E+03 -5.28736600E+03 -5.29329567E+03 -5.29908167E+03 -5.30500000E+03 -5.31063033E+03 -5.31599467E+03 -5.32110267E+03 -5.32712967E+03 -5.33252867E+03 -5.33994233E+03 -5.34536633E+03 -5.35090067E+03 -5.35658700E+03 -5.36211267E+03 -5.36832067E+03 -5.37461733E+03 -5.38028133E+03 -5.38556067E+03 -5.39176367E+03 -5.39655300E+03 -5.40173400E+03 -5.40801500E+03 -5.41299567E+03 
 -5.41688800E+03 -5.42409800E+03 -5.42908967E+03 -5.43306500E+03 -5.43998333E+03 -5.44504467E+03 -5.44920400E+03 -5.45496700E+03 -5.46161133E+03 -5.46552967E+03 -5.47207700E+03 -5.47584433E+03 -5.48213333E+03 -5.48799267E+03 -5.49325267E+03 -5.49947833E+03 -5.50429933E+03 -5.50856900E+03 -5.51543767E+03 -5.52006500E+03 -5.52436533E+03 -5.53026233E+03 -5.53472100E+03 -5.53883533E+03 -5.54326367E+03 
 -5.54871500E+03 -5.55318833E+03 -5.55891967E+03 -5.56350733E+03 -5.56911433E+03 -5.57340800E+03 -5.57853033E+03 -5.58306300E+03 -5.58985533E+03 -5.59447067E+03 -5.60023367E+03 -5.60567667E+03 -5.61128967E+03 -5.61535333E+03 -5.62044033E+03 -5.62530133E+03 -5.63049233E+03 -5.63484133E+03 -5.63873333E+03 -5.64482067E+03 -5.64958100E+03 -5.65427667E+03 -5.65974933E+03 -5.66473900E+03 -5.67055000E+03 
 -5.67520700E+03 -5.68079367E+03 -5.68373067E+03 -5.68900700E+03 -5.69320100E+03 -5.69827400E+03 -5.70274667E+03 -5.70591800E+03 -5.71117033E+03 -5.71569800E+03 -5.71892167E+03 -5.72288100E+03 -5.72668333E+03 -5.72970733E+03 -5.73501100E+03 -5.74062700E+03 -5.74465933E+03 -5.74891300E+03 -5.75224067E+03 -5.75695400E+03 -5.76034967E+03 -5.76475167E+03 -5.76954767E+03 -5.77372467E+03 -5.77693133E+03 
 -5.78085933E+03 -5.78640133E+03 -5.79039967E+03 -5.79441000E+03 -5.79836600E+03 -5.80179967E+03 -5.80664433E+03 -5.81162200E+03 -5.81588200E+03 -5.81897833E+03 -5.82358667E+03 -5.82628067E+03 -5.82925633E+03 -5.83406500E+03 -5.83696833E+03 -5.83901800E+03 -5.84331900E+03 -5.84698167E+03 -5.85196000E+03 -5.85466933E+03 -5.85848533E+03 -5.86129267E+03 -5.86395333E+03 -5.86864300E+03 -5.87327000E+03 
 -5.87736600E+03 -5.88228800E+03 -5.88636467E+03 -5.88981900E+03 -5.89375333E+03 -5.89727400E+03 -5.90107267E+03 -5.90488500E+03 -5.90832900E+03 -5.91366167E+03 -5.91630733E+03 -5.91961567E+03 -5.92216933E+03 -5.92578567E+03 -5.92926100E+03 -5.93136800E+03 -5.93574767E+03 -5.93936300E+03 -5.94306167E+03 -5.94570400E+03 -5.94864667E+03 -5.95182467E+03 -5.95483233E+03 -5.95800900E+03 -5.96099833E+03 
 -5.96435600E+03 -5.96915467E+03 -5.97232533E+03 -5.97492100E+03 -5.97734233E+03 -5.98023667E+03 -5.98312633E+03 -5.98672933E+03 -5.98915200E+03 -5.99264767E+03 -5.99597800E+03 -5.99885600E+03 -6.00196633E+03 -6.00418167E+03 -6.00655800E+03 -6.01018833E+03 -6.01253333E+03 -6.01587400E+03 -6.01957233E+03 -6.02130500E+03 -6.02530567E+03 -6.02700167E+03 -6.03033533E+03 -6.03271133E+03 -6.03608233E+03 
 -6.03916800E+03 -6.04380100E+03 -6.04544067E+03 -6.04897867E+03 -6.05159600E+03 -6.05409367E+03 -6.05664267E+03 -6.06041067E+03 -6.06308633E+03 -6.06502500E+03 -6.06856033E+03 -6.07128300E+03 -6.07345167E+03 -6.07495267E+03 -6.07778600E+03 -6.08104233E+03 -6.08408933E+03 -6.08663700E+03 -6.08911200E+03 -6.09104967E+03 -6.09330900E+03 -6.09582800E+03 -6.09850367E+03 -6.10103267E+03 -6.10334633E+03 
 -6.10600300E+03 -6.10908000E+03 -6.11228367E+03 -6.11554533E+03 -6.11838900E+03 -6.12036267E+03 -6.12358933E+03 -6.12512367E+03 -6.12760633E+03 -6.13009600E+03 -6.13285667E+03 -6.13576567E+03 -6.13756867E+03 -6.14128033E+03 -6.14308967E+03 -6.14465900E+03 -6.14693300E+03 -6.14971633E+03 -6.15241900E+03 -6.15414033E+03 -6.15497500E+03 -6.15698100E+03 -6.15938433E+03 -6.16194167E+03 -6.16560700E+03 
 -6.16717200E+03 -6.16960033E+03 -6.17256567E+03 -6.17477667E+03 -6.17661700E+03 -6.17882700E+03 -6.18077733E+03 -6.18300933E+03 -6.18614333E+03 -6.18890233E+03 -6.19066967E+03 -6.19220333E+03 -6.19369367E+03 -6.19722900E+03 -6.19898900E+03 -6.20140867E+03 -6.20313867E+03 -6.20536533E+03 -6.20684600E+03 -6.20843833E+03 -6.21084167E+03 -6.21201333E+03 -6.21439400E+03 -6.21621500E+03 -6.21824400E+03 
 -6.21957967E+03 -6.22179333E+03 -6.22277333E+03 -6.22501633E+03 -6.22665200E+03 -6.22815933E+03 -6.22979633E+03 -6.23146533E+03 -6.23280833E+03 -6.23523833E+03 -6.23659700E+03 -6.23904600E+03 -6.24158000E+03 -6.24351900E+03 -6.24479600E+03 -6.24603967E+03 -6.24710100E+03 -6.24938867E+03 -6.25062200E+03 -6.25173100E+03 -6.25352333E+03 -6.25530333E+03 -6.25648300E+03 -6.25760033E+03 -6.25763900E+03 
 -6.26022200E+03 -6.26220233E+03 -6.26345933E+03 -6.26548233E+03 -6.26713300E+03 -6.26793100E+03 -6.26989333E+03 -6.27214733E+03 -6.27482067E+03 -6.27725733E+03 -6.27811933E+03 -6.27996767E+03 -6.28073400E+03 -6.28315733E+03 -6.28410367E+03 -6.28574800E+03 -6.28764833E+03 -6.29021700E+03 -6.29253633E+03 -6.29307667E+03 -6.29474433E+03 -6.29630033E+03 -6.29733633E+03 -6.29856600E+03 -6.29985233E+03 
 -6.30165833E+03 -6.30267300E+03 -6.30341633E+03 -6.30510600E+03 -6.30660300E+03 -6.30841400E+03 -6.30950933E+03 -6.31144500E+03 -6.31272700E+03 -6.31357100E+03 -6.31454633E+03 -6.31599367E+03 -6.31697533E+03 -6.31812567E+03 -6.31886933E+03 -6.32107700E+03 -6.32274200E+03 -6.32427700E+03 -6.32539500E+03 -6.32623933E+03 -6.32763967E+03 -6.32878633E+03 -6.32996300E+03 -6.33087900E+03 -6.33186200E+03 
 -6.33262667E+03 -6.33428133E+03 -6.33486400E+03 -6.33491567E+03 -6.33706700E+03 -6.33821867E+03 -6.33925933E+03 -6.33957733E+03 -6.34064367E+03 -6.34148300E+03 -6.34252533E+03 -6.34320667E+03 -6.34541367E+03 -6.34659567E+03 -6.34683600E+03 -6.34865333E+03 -6.34887667E+03 -6.35048533E+03 -6.35136000E+03 -6.35279467E+03 -6.35426833E+03 -6.35513100E+03 -6.35619600E+03 -6.35706600E+03 -6.35801400E+03 
 -6.35946967E+03 -6.36102533E+03 -6.36166533E+03 -6.36299333E+03 -6.36326867E+03 -6.36440700E+03 -6.36539500E+03 -6.36671400E+03 -6.36771067E+03 -6.36807133E+03 -6.36903067E+03 -6.37035900E+03 -6.37141700E+03 -6.37266067E+03 -6.37402200E+03 -6.37492000E+03 -6.37549467E+03 -6.37608400E+03 -6.37690867E+03 -6.37791200E+03 -6.37859233E+03 -6.37899633E+03 -6.37904767E+03 -6.37963400E+03 -6.38039633E+03 
 -6.38097267E+03 -6.38230433E+03 -6.38336633E+03 -6.38401200E+03 -6.38519733E+03 -6.38590767E+03 -6.38638400E+03 -6.38730767E+03 -6.38872900E+03 -6.39032900E+03 -6.39145433E+03 -6.39189967E+03 -6.39231633E+03 -6.39331533E+03 -6.39351933E+03 -6.39452400E+03 -6.39545633E+03 -6.39628633E+03 -6.39715100E+03 -6.39730733E+03 -6.39728467E+03 -6.39886367E+03 -6.40006967E+03 -6.40122933E+03 -6.40189533E+03 
 -6.40253067E+03 -6.40373767E+03 -6.40453700E+03 -6.40592233E+03 -6.40625933E+03 -6.40735067E+03 -6.40808567E+03 -6.40861733E+03 -6.40862133E+03 -6.40939100E+03 -6.41064533E+03 -6.41189867E+03 -6.41209733E+03 -6.41222133E+03 -6.41280767E+03 -6.41293300E+03 -6.41363233E+03 -6.41484400E+03 -6.41554067E+03 -6.41545333E+03 -6.41587167E+03 -6.41610167E+03 -6.41628933E+03 -6.41746967E+03 -6.41865433E+03 
 -6.41886300E+03 -6.41920733E+03 -6.41968267E+03 -6.41981333E+03 -6.42050433E+03 -6.42097133E+03 -6.42199133E+03 -6.42295800E+03 -6.42273833E+03 -6.42342033E+03 -6.42288000E+03 -6.42388800E+03 -6.42431833E+03 -6.42540000E+03 -6.42517067E+03 -6.42549367E+03 -6.42628367E+03 -6.42652467E+03 -6.42723500E+03 -6.42777767E+03 -6.42870200E+03 -6.42940600E+03 -6.42989800E+03 -6.42997900E+03 -6.43095800E+03 
 -6.43148267E+03 -6.43196000E+03 -6.43199667E+03 -6.43291500E+03 -6.43259233E+03 -6.43312633E+03 -6.43337800E+03 -6.43387533E+03 -6.43449600E+03 -6.43569633E+03 -6.43565267E+03 -6.43635300E+03 -6.43677300E+03 -6.43702600E+03 -6.43778033E+03 -6.43811867E+03 -6.43904367E+03 -6.43895967E+03 -6.43998767E+03 -6.43981433E+03 -6.44010300E+03 -6.44104567E+03 -6.44148500E+03 -6.44152400E+03 -6.44227700E+03 
 -6.44239367E+03 -6.44402100E+03 -6.44413067E+03 -6.44521000E+03 -6.44507033E+03 -6.44554633E+03 -6.44625733E+03 -6.44657067E+03 -6.44670300E+03 -6.44757833E+03 -6.44813300E+03 -6.44798767E+03 -6.44887933E+03 -6.44979467E+03 -6.44994833E+03 -6.45037667E+03 -6.45048767E+03 -6.45058667E+03 -6.45087333E+03 -6.45168400E+03 -6.45174467E+03 -6.45257900E+03 -6.45277167E+03 -6.45302800E+03 -6.45347233E+03 
 -6.45382700E+03 -6.45486400E+03 -6.45637567E+03 -6.45654700E+03 -6.45665067E+03 -6.45687200E+03 -6.45659667E+03 -6.45638933E+03 -6.45708533E+03 -6.45742800E+03 -6.45765000E+03 -6.45785767E+03 -6.45815367E+03 -6.45786933E+03 -6.45898833E+03 -6.45891500E+03 -6.45970100E+03 -6.45922100E+03 -6.45907167E+03 -6.45907967E+03 -6.46057367E+03 -6.46094900E+03 -6.46094633E+03 -6.46118200E+03 -6.46108267E+03 
 -6.46178833E+03 -6.46187233E+03 -6.46204600E+03 -6.46188200E+03 -6.46204033E+03 -6.46213800E+03 -6.46275500E+03 -6.46308333E+03 -6.46326967E+03 -6.46292833E+03 -6.46341800E+03 -6.46379867E+03 -6.46433933E+03 -6.46469200E+03 -6.46481167E+03 -6.46555567E+03 -6.46591167E+03 -6.46558967E+03 -6.46651400E+03 -6.46651567E+03 -6.46620633E+03 -6.46635600E+03 -6.46639467E+03 -6.46651967E+03 -6.46700800E+03 
 -6.46706767E+03 -6.46680333E+03 -6.46652867E+03 -6.46654367E+03 -6.46641967E+03 -6.46642333E+03 -6.46610467E+03 -6.46670700E+03 -6.46709967E+03 -6.46665500E+03 -6.46705300E+03 -6.46690600E+03 -6.46707300E+03 -6.46721467E+03 -6.46730833E+03 -6.46705233E+03 -6.46796500E+03 -6.46841200E+03 -6.46863200E+03 -6.46803200E+03 -6.46806000E+03 -6.46826033E+03 -6.46873267E+03 -6.46979000E+03 -6.46979200E+03 
 -6.46954133E+03 -6.46945833E+03 -6.46931800E+03 -6.46894633E+03 -6.46891467E+03 -6.46819033E+03 -6.46863433E+03 -6.46887933E+03 -6.46914700E+03 -6.46889533E+03 -6.46920733E+03 -6.46941733E+03 -6.46943967E+03 -6.46961567E+03 -6.46976733E+03 -6.46952733E+03 -6.47011933E+03 -6.47035400E+03 -6.47063800E+03 -6.47085800E+03 -6.47050233E+03 -6.47059800E+03 -6.47092567E+03 -6.47102367E+03 -6.47115467E+03 
 -6.47155767E+03 -6.47141533E+03 -6.47098800E+03 -6.47067633E+03 -6.47029633E+03 -6.47038000E+03 -6.47056533E+03 -6.47065100E+03 -6.47034000E+03 -6.47008200E+03 -6.46998133E+03 -6.47025833E+03 -6.47001300E+03 -6.46990100E+03 -6.47032767E+03 -6.47039100E+03 -6.47003567E+03 -6.46935967E+03 -6.46909267E+03 -6.46954533E+03 -6.46873367E+03 -6.46906833E+03 -6.46894000E+03 -6.46932633E+03 -6.46963467E+03 
 -6.46939867E+03 -6.46942167E+03 -6.46911167E+03 -6.46922833E+03 -6.46850767E+03 -6.46899300E+03 -6.46889567E+03 -6.46926200E+03 -6.46939800E+03 -6.46946500E+03 -6.46980733E+03 -6.46929300E+03 -6.47018567E+03 -6.47057167E+03 -6.47031267E+03 -6.47019767E+03 -6.47016833E+03 -6.47041567E+03 -6.47047267E+03 -6.46975133E+03 -6.46968733E+03 -6.46938267E+03 -6.46900667E+03 -6.46975467E+03 -6.46980600E+03 
 -6.47015800E+03 -6.46952167E+03 -6.46917600E+03 -6.46895433E+03 -6.46879100E+03 -6.46787433E+03 -6.46809367E+03 -6.46787067E+03 -6.46835733E+03 -6.46871100E+03 -6.46892600E+03 -6.46920733E+03 -6.46947300E+03 -6.46963433E+03 -6.46906533E+03 -6.46925967E+03 -6.46873133E+03 -6.46939167E+03 -6.46869833E+03 -6.46939833E+03 -6.46959833E+03 -6.46949267E+03 -6.46946133E+03 -6.46921200E+03 -6.46894767E+03 
 -6.46902900E+03 -6.46845800E+03 -6.46759733E+03 -6.46810133E+03 -6.46757467E+03 -6.46743433E+03 -6.46720300E+03 -6.46695767E+03 -6.46720500E+03 -6.46713400E+03 -6.46718467E+03 -6.46684733E+03 -6.46635400E+03 -6.46607233E+03 -6.46649267E+03 -6.46658733E+03 -6.46594800E+03 -6.46602167E+03 -6.46585767E+03 -6.46529233E+03 -6.46511033E+03 -6.46520533E+03 -6.46535633E+03 -6.46563233E+03 -6.46481133E+03 
 -6.46477100E+03 -6.46436533E+03 -6.46341500E+03 -6.46343167E+03 -6.46382500E+03 -6.46385100E+03 -6.46409467E+03 -6.46374400E+03 -6.46377600E+03 -6.46429000E+03 -6.46397033E+03 -6.46442400E+03 -6.46369633E+03 -6.46343800E+03 -6.46331067E+03 -6.46310367E+03 -6.46228167E+03 -6.46208767E+03 -6.46153067E+03 -6.46134133E+03 -6.46088800E+03 -6.46047767E+03 -6.46028567E+03 -6.46067400E+03 -6.46027167E+03 
 -6.46081233E+03 -6.46031400E+03 -6.46015033E+03 -6.45970367E+03 -6.45946633E+03 -6.45933067E+03 -6.45923467E+03 -6.45859067E+03 -6.45866467E+03 -6.45807133E+03 -6.45796600E+03 -6.45822233E+03 -6.45844933E+03 -6.45851233E+03 -6.45824200E+03 -6.45774567E+03 -6.45778033E+03 -6.45796633E+03 -6.45759400E+03 -6.45754333E+03 -6.45697833E+03 -6.45631667E+03 -6.45649633E+03 -6.45683400E+03 -6.45701567E+03 
 -6.45668833E+03 -6.45609633E+03 -6.45579800E+03 -6.45608800E+03 -6.45574467E+03 -6.45592967E+03 -6.45535000E+03 -6.45549033E+03 -6.45550300E+03 -6.45456400E+03 -6.45436067E+03 -6.45401700E+03 -6.45442000E+03 -6.45493367E+03 -6.45441700E+03 -6.45413267E+03 -6.45479400E+03 -6.45426000E+03 -6.45461867E+03 -6.45416933E+03 -6.45451933E+03 -6.45465633E+03 -6.45370000E+03 -6.45310267E+03 -6.45263967E+03 
 -6.45310700E+03 -6.45276600E+03 -6.45177800E+03 -6.45189833E+03 -6.45183367E+03 -6.45089767E+03 -6.45074367E+03 -6.45048400E+03 -6.45006500E+03 -6.44933333E+03 -6.44947700E+03 -6.44888733E+03 -6.44975200E+03 -6.44881067E+03 -6.44831533E+03 -6.44781767E+03 -6.44781967E+03 -6.44783533E+03 -6.44765200E+03 -6.44792600E+03 -6.44802300E+03 -6.44735633E+03 -6.44675200E+03 -6.44700667E+03 -6.44764500E+03 
 -6.44745833E+03 -6.44649767E+03 -6.44638233E+03 -6.44564267E+03 -6.44569333E+03 -6.44585667E+03 -6.44579067E+03 -6.44490367E+03 -6.44516233E+03 -6.44469733E+03 -6.44458367E+03 -6.44441333E+03 -6.44485233E+03 -6.44454467E+03 -6.44524300E+03 -6.44444633E+03 -6.44381267E+03 -6.44332367E+03 -6.44308700E+03 -6.44323033E+03 -6.44336267E+03 -6.44261167E+03 -6.44228333E+03 -6.44253400E+03 -6.44233800E+03 
 -6.44198767E+03 -6.44057433E+03 -6.44011833E+03 -6.43954433E+03 -6.43945067E+03 -6.44002400E+03 -6.43936767E+03 -6.43863500E+03 -6.43915233E+03 -6.43898600E+03 -6.43868933E+03 -6.43864200E+03 -6.43867967E+03 -6.43846267E+03 -6.43838900E+03 -6.43749833E+03 -6.43778167E+03 -6.43790500E+03 -6.43684800E+03 -6.43702733E+03 -6.43668933E+03 -6.43673100E+03 -6.43613000E+03 -6.43580500E+03 -6.43548433E+03 
 -6.43590267E+03 -6.43506900E+03 -6.43342600E+03 -6.43343600E+03 -6.43333367E+03 -6.43317900E+03 -6.43184567E+03 -6.43178233E+03 -6.43210933E+03 -6.43149167E+03 -6.43103633E+03 -6.42979000E+03 -6.42898600E+03 -6.42887233E+03 -6.42884733E+03 -6.42880733E+03 -6.42924300E+03 -6.42901967E+03 -6.42805200E+03 -6.42768533E+03 -6.42803133E+03 -6.42826133E+03 -6.42711233E+03 -6.42769833E+03 -6.42773333E+03 
 -6.42742367E+03 -6.42677433E+03 -6.42535767E+03 -6.42475000E+03 -6.42462667E+03 -6.42404800E+03 -6.42361367E+03 -6.42337233E+03 -6.42204567E+03 -6.42158933E+03 -6.42162600E+03 -6.42210767E+03 -6.42107233E+03 -6.42127933E+03 -6.42141967E+03 -6.42164900E+03 -6.42118700E+03 -6.42041433E+03 -6.42088000E+03 -6.42053667E+03 -6.41938033E+03 -6.41986767E+03 -6.41928767E+03 -6.41955233E+03 -6.41910500E+03 
 -6.41816000E+03 -6.41747833E+03 -6.41858833E+03 -6.41685700E+03 -6.41563767E+03 -6.41566667E+03 -6.41584100E+03 -6.41571000E+03 -6.41510500E+03 -6.41523533E+03 -6.41466967E+03 -6.41431000E+03 -6.41341767E+03 -6.41288700E+03 -6.41256633E+03 -6.41307667E+03 -6.41255367E+03 -6.41192467E+03 -6.41114833E+03 -6.41149467E+03 -6.41130000E+03 -6.41057800E+03 -6.41057600E+03 -6.41065600E+03 -6.41134367E+03 
 -6.41056733E+03 -6.40995533E+03 -6.40962867E+03 -6.40877400E+03 -6.40805967E+03 -6.40736033E+03 -6.40720200E+03 -6.40614500E+03 -6.40613067E+03 -6.40562700E+03 -6.40480867E+03 -6.40514767E+03 -6.40460733E+03 -6.40507467E+03 -6.40431967E+03 -6.40460633E+03 -6.40382433E+03 -6.40242733E+03 -6.40292567E+03 -6.40313133E+03 -6.40275667E+03 -6.40145633E+03 -6.40068700E+03 -6.40170100E+03 -6.40133000E+03 
 -6.40133067E+03 -6.40028200E+03 -6.39983633E+03 -6.39923300E+03 -6.39789133E+03 -6.39767600E+03 -6.39832967E+03 -6.39762033E+03 -6.39711833E+03 -6.39634933E+03 -6.39575833E+03 -6.39607933E+03 -6.39513300E+03 -6.39492867E+03 -6.39428267E+03 -6.39351200E+03 -6.39373933E+03 -6.39319367E+03 -6.39376600E+03 -6.39270567E+03 -6.39305667E+03 -6.39276067E+03 -6.39176867E+03 -6.39161567E+03 -6.39244067E+03 
 -6.39112533E+03 -6.39074933E+03 -6.38952600E+03 -6.38946300E+03 -6.38826333E+03 -6.38747067E+03 -6.38762167E+03 -6.38674467E+03 -6.38492133E+03 -6.38549500E+03 -6.38451167E+03 -6.38311600E+03 -6.38310167E+03 -6.38174433E+03 -6.38190267E+03 -6.38097733E+03 -6.38083633E+03 -6.38121933E+03 -6.38106200E+03 -6.38098067E+03 -6.38009167E+03 -6.37951900E+03 -6.37953533E+03 -6.37901400E+03 -6.37832233E+03 
 -6.37792933E+03 -6.37685300E+03 -6.37625233E+03 -6.37619867E+03 -6.37485033E+03 -6.37449467E+03 -6.37454800E+03 -6.37353900E+03 -6.37374167E+03 -6.37309433E+03 -6.37167267E+03 -6.37181133E+03 -6.37130533E+03 -6.37107400E+03 -6.37008500E+03 -6.36873033E+03 -6.36817967E+03 -6.36627433E+03 -6.36598767E+03 -6.36511400E+03 -6.36481633E+03 -6.36518933E+03 -6.36496900E+03 -6.36468500E+03 -6.36332467E+03 
 -6.36247433E+03 -6.36101633E+03 -6.36065833E+03 -6.36072000E+03 -6.35956667E+03 -6.35911633E+03 -6.35967500E+03 -6.35879233E+03 -6.35825500E+03 -6.35714267E+03 -6.35765300E+03 -6.35579100E+03 -6.35522267E+03 -6.35428867E+03 -6.35360133E+03 -6.35307267E+03 -6.35221967E+03 -6.35080033E+03 -6.35031700E+03 -6.34975300E+03 -6.34806233E+03 -6.34761667E+03 -6.34844367E+03 -6.34775633E+03 -6.34681600E+03 
 -6.34541200E+03 -6.34452933E+03 -6.34384533E+03 -6.34217967E+03 -6.34183133E+03 -6.34064167E+03 -6.33939733E+03 -6.33949300E+03 -6.33901333E+03 -6.33906800E+03 -6.33770567E+03 -6.33682867E+03 -6.33557900E+03 -6.33489300E+03 -6.33492900E+03 -6.33506200E+03 -6.33424800E+03 -6.33333167E+03 -6.33278167E+03 -6.33119333E+03 -6.33148500E+03 -6.33032167E+03 -6.33008533E+03 -6.33027300E+03 -6.32919067E+03 
 -6.32916400E+03 -6.32688267E+03 -6.32682667E+03 -6.32673967E+03 -6.32498567E+03 -6.32444300E+03 -6.32391600E+03 -6.32279367E+03 -6.32193567E+03 -6.32070267E+03 -6.31940867E+03 -6.31854567E+03 -6.31804400E+03 -6.31766167E+03 -6.31578767E+03 -6.31580600E+03 -6.31522333E+03 -6.31516633E+03 -6.31382133E+03 -6.31320267E+03 -6.31215833E+03 -6.31164733E+03 -6.31163567E+03 -6.31093833E+03 -6.30958767E+03 
 -6.31018133E+03 -6.30931967E+03 -6.30739700E+03 -6.30620200E+03 -6.30555200E+03 -6.30578700E+03 -6.30360533E+03 -6.30245767E+03 -6.30188567E+03 -6.30134967E+03 -6.30138867E+03 -6.30104900E+03 -6.29883833E+03 -6.29890900E+03 -6.29752933E+03 -6.29626600E+03 -6.29626000E+03 -6.29484533E+03 -6.29404700E+03 -6.29301567E+03 -6.29134867E+03 -6.29119400E+03 -6.28998967E+03 -6.28951233E+03 -6.28948333E+03 
 -6.28830200E+03 -6.28675167E+03 -6.28578800E+03 -6.28451267E+03 -6.28429200E+03 -6.28296533E+03 -6.28275733E+03 -6.28111733E+03 -6.27991433E+03 -6.27909967E+03 -6.27753267E+03 -6.27653167E+03 -6.27468400E+03 -6.27410667E+03 -6.27280033E+03 -6.27234533E+03 -6.27002867E+03 -6.26942733E+03 -6.26858200E+03 -6.26654200E+03 -6.26513800E+03 -6.26516333E+03 -6.26424933E+03 -6.26370067E+03 -6.26213300E+03 
 -6.26180833E+03 -6.26050267E+03 -6.25826767E+03 -6.25774933E+03 -6.25652900E+03 -6.25495500E+03 -6.25336767E+03 -6.25217933E+03 -6.25157500E+03 -6.25080100E+03 -6.25019433E+03 -6.24842633E+03 -6.24876867E+03 -6.24632767E+03 -6.24568000E+03 -6.24453200E+03 -6.24440500E+03 -6.24389467E+03 -6.24228800E+03 -6.24153133E+03 -6.24125133E+03 -6.23957600E+03 -6.23766967E+03 -6.23756600E+03 -6.23665100E+03 
 -6.23549167E+03 -6.23425600E+03 -6.23250933E+03 -6.23292133E+03 -6.23087767E+03 -6.22861000E+03 -6.22804533E+03 -6.22680000E+03 -6.22617500E+03 -6.22443367E+03 -6.22300800E+03 -6.22156100E+03 -6.22034267E+03 -6.21828467E+03 -6.21723933E+03 -6.21563500E+03 -6.21480300E+03 -6.21400767E+03 -6.21273933E+03 -6.21119633E+03 -6.20980267E+03 -6.20879567E+03 -6.20900167E+03 -6.20772767E+03 -6.20680067E+03 
 -6.20612300E+03 -6.20289000E+03 -6.20062167E+03 -6.19877233E+03 -6.19684367E+03 -6.19531733E+03 -6.19405400E+03 -6.19266800E+03 -6.19225500E+03 -6.19099033E+03 -6.19018200E+03 -6.18805567E+03 -6.18738300E+03 -6.18641633E+03 -6.18634967E+03 -6.18602833E+03 -6.18363467E+03 -6.18314167E+03 -6.18103667E+03 -6.17939400E+03 -6.17858767E+03 -6.17762000E+03 -6.17698433E+03 -6.17593600E+03 -6.17506967E+03 
 -6.17326533E+03 -6.17026033E+03 -6.16893333E+03 -6.16702733E+03 -6.16359233E+03 -6.16263233E+03 -6.16030933E+03 -6.15858533E+03 -6.15821700E+03 -6.15609967E+03 -6.15410167E+03 -6.15266000E+03 -6.15092700E+03 -6.14882567E+03 -6.14766667E+03 -6.14614100E+03 -6.14508600E+03 -6.14509133E+03 -6.14332100E+03 -6.14226800E+03 -6.14014600E+03 -6.13836833E+03 -6.13715967E+03 -6.13518633E+03 -6.13511033E+03 
 -6.13286867E+03 -6.13139167E+03 -6.13156800E+03 -6.12985067E+03 -6.12765833E+03 -6.12499067E+03 -6.12252267E+03 -6.12078900E+03 -6.11926967E+03 -6.11575333E+03 -6.11431300E+03 -6.11168733E+03 -6.10984067E+03 -6.10697900E+03 -6.10575533E+03 -6.10511600E+03 -6.10294600E+03 -6.10227767E+03 -6.09988400E+03 -6.09813500E+03 -6.09614400E+03 -6.09343233E+03 -6.09311800E+03 -6.09213133E+03 -6.09000033E+03 
 -6.08823900E+03 -6.08644800E+03 -6.08372067E+03 -6.08134367E+03 -6.08150967E+03 -6.08041333E+03 -6.07781867E+03 -6.07474833E+03 -6.07419400E+03 -6.07078033E+03 -6.06897900E+03 -6.06615233E+03 -6.06313133E+03 -6.06112000E+03 -6.06081800E+03 -6.05768800E+03 -6.05648333E+03 -6.05506000E+03 -6.05312067E+03 -6.05142867E+03 -6.05012167E+03 -6.04862567E+03 -6.04787833E+03 -6.04616867E+03 -6.04358867E+03 
 -6.04193800E+03 -6.03883167E+03 -6.03524700E+03 -6.03377300E+03 -6.03121467E+03 -6.02896233E+03 -6.02705933E+03 -6.02466233E+03 -6.02292767E+03 -6.02055900E+03 -6.01836700E+03 -6.01661433E+03 -6.01528000E+03 -6.01309733E+03 -6.00943500E+03 -6.00765033E+03 -6.00513100E+03 -6.00260333E+03 -6.00056933E+03 -5.99773900E+03 -5.99582833E+03 -5.99340033E+03 -5.99082800E+03 -5.98818067E+03 -5.98591533E+03 
 -5.98465333E+03 -5.98114000E+03 -5.97824733E+03 -5.97485033E+03 -5.97272333E+03 -5.97280033E+03 -5.96863533E+03 -5.96566733E+03 -5.96338133E+03 -5.96166767E+03 -5.95850133E+03 -5.95625200E+03 -5.95273667E+03 -5.95103300E+03 -5.94825733E+03 -5.94505167E+03 -5.94287267E+03 -5.94032800E+03 -5.93805900E+03 -5.93581733E+03 -5.93333533E+03 -5.93018867E+03 -5.92754833E+03 -5.92667867E+03 -5.92325100E+03 
 -5.92058233E+03 -5.91576867E+03 -5.91173667E+03 -5.90992267E+03 -5.90618933E+03 -5.90199267E+03 -5.89908067E+03 -5.89656733E+03 -5.89337267E+03 -5.88998533E+03 -5.88655667E+03 -5.88426500E+03 -5.88059400E+03 -5.87968033E+03 -5.87684933E+03 -5.87418967E+03 -5.87064800E+03 -5.86770667E+03 -5.86404000E+03 -5.86235967E+03 -5.85819367E+03 -5.85517667E+03 -5.85233300E+03 -5.85084667E+03 -5.84706167E+03 
 -5.84464933E+03 -5.84091833E+03 -5.83707100E+03 -5.83405767E+03 -5.83234933E+03 -5.82942900E+03 -5.82605100E+03 -5.82234700E+03 -5.82028767E+03 -5.81693533E+03 -5.81438133E+03 -5.81201800E+03 -5.80953000E+03 -5.80650833E+03 -5.80350533E+03 -5.80040267E+03 -5.79624700E+03 -5.79280367E+03 -5.78949533E+03 -5.78737167E+03 -5.78312800E+03 -5.78018433E+03 -5.77757733E+03 -5.77298033E+03 -5.76990533E+03 
 -5.76671800E+03 -5.76435900E+03 -5.75953400E+03 -5.75622700E+03 -5.75180200E+03 -5.74753100E+03 -5.74333000E+03 -5.74001700E+03 -5.73434133E+03 -5.72942300E+03 -5.72671300E+03 -5.72417633E+03 -5.71956267E+03 -5.71759500E+03 -5.71347967E+03 -5.70839833E+03 -5.70510633E+03 -5.70150900E+03 -5.69809033E+03 -5.69489800E+03 -5.69035367E+03 -5.68736967E+03 -5.68461400E+03 -5.68148533E+03 -5.67767433E+03 
 -5.67352667E+03 -5.66777500E+03 -5.66378800E+03 -5.65806633E+03 -5.65287667E+03 -5.64943200E+03 -5.64464333E+03 -5.64106367E+03 -5.63714233E+03 -5.63246167E+03 -5.62709000E+03 -5.62150800E+03 -5.61735700E+03 -5.61389700E+03 -5.61037033E+03 -5.60658900E+03 -5.60099000E+03 -5.59761700E+03 -5.59243033E+03 -5.58998167E+03 -5.58591667E+03 -5.58182800E+03 -5.57799033E+03 -5.57250067E+03 -5.56987867E+03 
 -5.56691067E+03 -5.56224300E+03 -5.55786033E+03 -5.55231400E+03 -5.54766233E+03 -5.54212467E+03 -5.53983433E+03 -5.53445133E+03 -5.53009667E+03 -5.52330667E+03 -5.51851600E+03 -5.51166833E+03 -5.50826000E+03 -5.50329500E+03 -5.49945567E+03 -5.49392300E+03 -5.48930333E+03 -5.48370633E+03 -5.48013400E+03 -5.47594200E+03 -5.47036900E+03 -5.46518167E+03 -5.46129667E+03 -5.45487767E+03 -5.44952433E+03 
 -5.44335700E+03 -5.43900533E+03 -5.43337533E+03 -5.42797300E+03 -5.42126533E+03 -5.41625967E+03 -5.40937600E+03 -5.40236700E+03 -5.39562800E+03 -5.39069033E+03 -5.38479233E+03 -5.37852000E+03 -5.37155767E+03 -5.36598733E+03 -5.35933133E+03 -5.35380067E+03 -5.34998467E+03 -5.34451233E+03 -5.33693033E+03 -5.33213233E+03 -5.32754333E+03 -5.32170067E+03 -5.31635300E+03 -5.31141533E+03 -5.30546900E+03 
 -5.30131933E+03 -5.29392433E+03 -5.28883900E+03 -5.28109667E+03 -5.27378133E+03 -5.26710633E+03 -5.25860867E+03 -5.25237600E+03 -5.24648400E+03 -5.24173900E+03 -5.23547133E+03 -5.22704533E+03 -5.22160867E+03 -5.21695400E+03 -5.21027000E+03 -5.20337900E+03 -5.19900633E+03 -5.19204600E+03 -5.18698100E+03 -5.18101533E+03 -5.17606867E+03 -5.16874200E+03 -5.16252033E+03 -5.15564600E+03 -5.14982233E+03 
 -5.14363300E+03 -5.13628633E+03 -5.13155900E+03 -5.12202367E+03 -5.11542733E+03 -5.10940133E+03 -5.10308167E+03 -5.09512633E+03 -5.08798200E+03 -5.08011800E+03 -5.07251500E+03 -5.06635067E+03 -5.05993733E+03 -5.05365233E+03 -5.04730867E+03 -5.04002967E+03 -5.03435267E+03 -5.02866133E+03 -5.02047233E+03 -5.01505100E+03 -5.00809367E+03 -5.00090067E+03 -4.99513167E+03 -4.98984700E+03 -4.98361567E+03 
 -4.97577033E+03 -4.96730067E+03 -4.96059467E+03 -4.95344200E+03 -4.94780200E+03 -4.94199033E+03 -4.93320933E+03 -4.92652900E+03 -4.91880900E+03 -4.90944933E+03 -4.90203700E+03 -4.89299233E+03 -4.88472133E+03 -4.87775533E+03 -4.86952567E+03 -4.86137000E+03 -4.85610100E+03 -4.85033633E+03 -4.84384767E+03 -4.83518667E+03 -4.82706600E+03 -4.81749633E+03 -4.81026433E+03 -4.80231800E+03 -4.79436100E+03 
 -4.78862733E+03 -4.77971567E+03 -4.77147533E+03 -4.76367667E+03 -4.75547033E+03 -4.74766233E+03 -4.74032167E+03 -4.73106900E+03 -4.72155533E+03 -4.71606767E+03 -4.70572233E+03 -4.69829633E+03 -4.69028300E+03 -4.68217867E+03 -4.67492367E+03 -4.66544733E+03 -4.65847700E+03 -4.64955667E+03 -4.64133000E+03 -4.63372200E+03 -4.62410133E+03 -4.61671467E+03 -4.60837833E+03 -4.59885433E+03 -4.59004300E+03 
 -4.58255400E+03 -4.57271667E+03 -4.56498633E+03 -4.55640700E+03 -4.54796033E+03 -4.53898133E+03 -4.52824967E+03 -4.51723800E+03 -4.50811300E+03 -4.49741767E+03 -4.48837600E+03 -4.47822067E+03 -4.46854633E+03 -4.45924733E+03 -4.44687100E+03 -4.44063300E+03 -4.43052567E+03 -4.42398600E+03 -4.41514333E+03 -4.40483567E+03 -4.39359267E+03 -4.38390300E+03 -4.37347733E+03 -4.36303433E+03 -4.35703367E+03 
 -4.34612167E+03 -4.33557667E+03 -4.32513067E+03 -4.31578733E+03 -4.30298200E+03 -4.29619567E+03 -4.28598800E+03 -4.27671367E+03 -4.26770400E+03 -4.25763233E+03 -4.24775167E+03 -4.23744100E+03 -4.22594433E+03 -4.21608367E+03 -4.20656700E+03 -4.19661033E+03 -4.18437433E+03 -4.17488067E+03 -4.16412800E+03 -4.15406733E+03 -4.14350600E+03 -4.13184500E+03 -4.12424267E+03 -4.11368000E+03 -4.10300700E+03 
 -4.09553400E+03 -4.08380333E+03 -4.07415367E+03 -4.06151000E+03 -4.04958633E+03 -4.03986767E+03 -4.02915267E+03 -4.01631667E+03 -4.00492500E+03 -3.99455167E+03 -3.98277667E+03 -3.97324733E+03 -3.96274900E+03 -3.95154967E+03 -3.93982700E+03 -3.92918667E+03 -3.91690300E+03 -3.90721700E+03 -3.89610100E+03 -3.88553733E+03 -3.87399833E+03 -3.86216333E+03 -3.85239033E+03 -3.84057867E+03 -3.82933567E+03 
 -3.81935600E+03 -3.80488433E+03 -3.79159667E+03 -3.78206133E+03 -3.76816367E+03 -3.75590667E+03 -3.74249033E+03 -3.72862833E+03 -3.71536333E+03 -3.70201900E+03 -3.68727033E+03 -3.67420200E+03 -3.66363933E+03 -3.65335433E+03 -3.64450467E+03 -3.63052733E+03 -3.61682433E+03 -3.60720667E+03 -3.59630367E+03 -3.58511500E+03 -3.57252267E+03 -3.56496800E+03 -3.55210433E+03 -3.54107167E+03 -3.53042533E+03 
 -3.52037533E+03 -3.50485267E+03 -3.49143967E+03 -3.47732833E+03 -3.46346100E+03 -3.44856700E+03 -3.43492700E+03 -3.42219533E+03 -3.40917967E+03 -3.39617633E+03 -3.38737867E+03 -3.37543000E+03 -3.36272200E+03 -3.35081400E+03 -3.33766400E+03 -3.32413700E+03 -3.31290733E+03 -3.29937733E+03 -3.28659100E+03 -3.27191467E+03 -3.26017800E+03 -3.24950833E+03 -3.23622533E+03 -3.22072133E+03 -3.20891833E+03 
 -3.19654333E+03 -3.18235267E+03 -3.16672833E+03 -3.15300367E+03 -3.14042167E+03 -3.12716367E+03 -3.11665333E+03 -3.10164767E+03 -3.08797033E+03 -3.07610467E+03 -3.06187000E+03 -3.04667267E+03 -3.03288367E+03 -3.01989433E+03 -3.00439833E+03 -2.99030267E+03 -2.97528767E+03 -2.96223233E+03 -2.95033300E+03 -2.93708233E+03 -2.92450400E+03 -2.91390467E+03 -2.90233933E+03 -2.88721633E+03 -2.87609433E+03 
 -2.86234533E+03 -2.84805633E+03 -2.83193433E+03 -2.81826433E+03 -2.80434700E+03 -2.79149900E+03 -2.77663833E+03 -2.76201900E+03 -2.74550367E+03 -2.73144033E+03 -2.71762400E+03 -2.70342767E+03 -2.68874800E+03 -2.67717500E+03 -2.66589533E+03 -2.65294533E+03 -2.63825633E+03 -2.62589667E+03 -2.61279433E+03 -2.59754533E+03 -2.58484333E+03 -2.57020367E+03 -2.55409100E+03 -2.54217800E+03 -2.52966500E+03 
 -2.51792100E+03 -2.50097667E+03 -2.48651767E+03 -2.47451000E+03 -2.45918400E+03 -2.44627800E+03 -2.43261600E+03 -2.41602433E+03 -2.39974100E+03 -2.38698167E+03 -2.37257867E+03 -2.35855700E+03 -2.34316933E+03 -2.32941400E+03 -2.31597267E+03 -2.30380500E+03 -2.28968100E+03 -2.27697933E+03 -2.26366767E+03 -2.25169167E+03 -2.23790733E+03 -2.22500267E+03 -2.21063133E+03 -2.19766767E+03 -2.18385700E+03 
 -2.17370867E+03 -2.15852067E+03 -2.14609600E+03 -2.13230600E+03 -2.11794700E+03 -2.10342200E+03 -2.09172767E+03 -2.07674233E+03 -2.06208200E+03 -2.05183467E+03 -2.03726233E+03 -2.02535833E+03 -2.01757067E+03 -2.00385733E+03 -1.99105400E+03 -1.97974233E+03 -1.96592967E+03 -1.95688233E+03 -1.94484667E+03 -1.93053900E+03 -1.91791167E+03 -1.90693067E+03 -1.89438933E+03 -1.88206033E+03 -1.87063300E+03 
 -1.85744600E+03 -1.84511967E+03 -1.83107900E+03 -1.81908400E+03 -1.80816900E+03 -1.79509433E+03 -1.78441567E+03 -1.77059000E+03 -1.75691633E+03 -1.74829033E+03 -1.73620233E+03 -1.72352700E+03 -1.71342867E+03 -1.69877833E+03 -1.68734300E+03 -1.67403900E+03 -1.66349133E+03 -1.64793500E+03 -1.63861433E+03 -1.63004867E+03 -1.61953533E+03 -1.60747800E+03 -1.59699967E+03 -1.58472533E+03 -1.57395033E+03 
 -1.56586267E+03 -1.55375667E+03 -1.54266100E+03 -1.53055333E+03 -1.51881367E+03 -1.50808300E+03 -1.49796000E+03 -1.48694967E+03 -1.47435800E+03 -1.46520267E+03 -1.45561600E+03 -1.44412200E+03 -1.43417933E+03 -1.42225100E+03 -1.41113300E+03 -1.40151667E+03 -1.39091933E+03 -1.38099667E+03 -1.36938600E+03 -1.35848200E+03 -1.34821267E+03 -1.33907867E+03 -1.33284500E+03 -1.32499400E+03 -1.31253467E+03 
 -1.30354400E+03 -1.29242800E+03 -1.27970767E+03 -1.26739100E+03 -1.25635533E+03 -1.24774133E+03 -1.23836400E+03 -1.22661367E+03 -1.21623733E+03 -1.20733300E+03 -1.19568033E+03 -1.18765800E+03 -1.17884200E+03 -1.16930400E+03 -1.15900267E+03 -1.14993667E+03 -1.14069300E+03 -1.12988167E+03 -1.12317200E+03 -1.11528967E+03 -1.10620433E+03 -1.09584833E+03 -1.08695467E+03 -1.08045600E+03 -1.07326633E+03 
 -1.06674233E+03 -1.05659600E+03 -1.04887500E+03 -1.03801867E+03 -1.02892833E+03 -1.02214900E+03 -1.01249600E+03 -1.00485467E+03 -9.95577333E+02 -9.86748000E+02 -9.78890000E+02 -9.70375667E+02 -9.64310000E+02 -9.58116000E+02 -9.49760333E+02 -9.41553333E+02 -9.32828667E+02 -9.24514667E+02 -9.16668000E+02 -9.06678667E+02 -8.99014000E+02 -8.93725000E+02 -8.86384667E+02 -8.81608333E+02 -8.73168000E+02 
 -8.66427333E+02 -8.57584333E+02 -8.50937333E+02 -8.45684333E+02 -8.39531000E+02 -8.30438000E+02 -8.23862333E+02 -8.18424000E+02 -8.12195333E+02 -8.04862333E+02 -7.97505000E+02 -7.89616667E+02 -7.83008333E+02 -7.77529333E+02 -7.72305000E+02 -7.62018000E+02 -7.56271333E+02 -7.51724000E+02 -7.45073667E+02 -7.41635667E+02 -7.37122667E+02 -7.29950000E+02 -7.23423000E+02 -7.19995333E+02 -7.12663000E+02 
 -7.07280000E+02 -7.01116667E+02 -6.94605333E+02 -6.89656333E+02 -6.81815000E+02 -6.75257000E+02 -6.69810333E+02 -6.66384667E+02 -6.61142000E+02 -6.50812000E+02 -6.44470667E+02 -6.39238333E+02 -6.35019667E+02 -6.28117333E+02 -6.22014667E+02 -6.17281333E+02 -6.12192333E+02 -6.07827333E+02 -6.02846000E+02 -5.98414333E+02 -5.93722667E+02 -5.89726000E+02 -5.87110333E+02 -5.81234333E+02 -5.77666000E+02 
 -5.73287000E+02 -5.66745000E+02 -5.63340667E+02 -5.57919333E+02 -5.55548333E+02 -5.49894000E+02 -5.44880333E+02 -5.41170667E+02 -5.37709333E+02 -5.35146000E+02 -5.29185000E+02 -5.24747333E+02 -5.19700667E+02 -5.17505333E+02 -5.13136333E+02 -5.09214333E+02 -5.06745333E+02 -5.02812333E+02 -4.99204000E+02 -4.94868333E+02 -4.91516333E+02 -4.87854667E+02 -4.84302333E+02 -4.80255667E+02 -4.77360000E+02 
 -4.74842000E+02 -4.70063000E+02 -4.65721667E+02 -4.62609667E+02 -4.59894667E+02 -4.54603333E+02 -4.53622000E+02 -4.50736000E+02 -4.47866333E+02 -4.43815333E+02 -4.43574000E+02 -4.39452667E+02 -4.36231000E+02 -4.34955333E+02 -4.33310333E+02 -4.31577000E+02 -4.29813667E+02 -4.28370333E+02 -4.25559667E+02 -4.22512667E+02 -4.19035000E+02 -4.18225333E+02 -4.14066667E+02 -4.11985000E+02 -4.09758333E+02 
 -4.08095333E+02 -4.01590000E+02 -4.01200333E+02 -3.97495667E+02 -3.94704667E+02 -3.91712667E+02 -3.88563333E+02 -3.86133667E+02 -3.81424667E+02 -3.78391667E+02 -3.77935000E+02 -3.75141000E+02 -3.72725667E+02 -3.71988333E+02 -3.71273667E+02 -3.69109333E+02 -3.67523333E+02 -3.64779667E+02 -3.61967667E+02 -3.59029333E+02 -3.55345333E+02 -3.53518000E+02 -3.51734333E+02 -3.50874667E+02 -3.48235333E+02 
 -3.46776667E+02 -3.43496333E+02 -3.40032000E+02 -3.38126667E+02 -3.34774000E+02 -3.33693333E+02 -3.31262667E+02 -3.28758667E+02 -3.28065000E+02 -3.25833667E+02 -3.23726000E+02 -3.22615333E+02 -3.19704000E+02 -3.20879667E+02 -3.18762000E+02 -3.17785333E+02 -3.16859667E+02 -3.14729667E+02 -3.13963667E+02 -3.12517333E+02 -3.10447333E+02 -3.09537333E+02 -3.09223333E+02 -3.06648667E+02 -3.03125333E+02 
 -3.00537333E+02 -2.99693667E+02 -2.94399667E+02 -2.95520333E+02 -2.93609333E+02 -2.93138000E+02 -2.90637333E+02 -2.89846333E+02 -2.89612667E+02 -2.86920667E+02 -2.88607333E+02 -2.84799333E+02 -2.83968667E+02 -2.82152667E+02 -2.84602333E+02 -2.80554000E+02 -2.79740000E+02 -2.78446000E+02 -2.79365000E+02 -2.77988000E+02 -2.78186333E+02 -2.75030333E+02 -2.73169667E+02 -2.70710333E+02 -2.70385333E+02 
 -2.71552000E+02 -2.68819333E+02 -2.66214333E+02 -2.64266000E+02 -2.64680333E+02 -2.64294000E+02 -2.62237000E+02 -2.62762333E+02 -2.60141333E+02 -2.60507000E+02 -2.58068333E+02 -2.58825667E+02 -2.58002333E+02 -2.58876667E+02 -2.57457333E+02 -2.58807667E+02 -2.56567667E+02 -2.56473667E+02 -2.56273667E+02 -2.55915000E+02 -2.56763000E+02 -2.57322667E+02 -2.56842333E+02 -2.55070333E+02 -2.53432333E+02 
 -2.53473000E+02 -2.51143667E+02 -2.50443333E+02 -2.50686333E+02 -2.49649333E+02 -2.48518333E+02 -2.46825000E+02 -2.48137667E+02 -2.47662667E+02 -2.43948000E+02 -2.42953000E+02 -2.44661333E+02 -2.42464333E+02 -2.39436000E+02 -2.39585667E+02 -2.38600000E+02 -2.38190333E+02 -2.37075333E+02 -2.36672667E+02 -2.37050667E+02 -2.33576000E+02 -2.34651333E+02 -2.34958333E+02 -2.34433667E+02 -2.32450333E+02 
 -2.30577333E+02 -2.29088667E+02 -2.26997000E+02 -2.24463000E+02 -2.23157000E+02 -2.23887667E+02 -2.22379667E+02 -2.23307333E+02 -2.21742000E+02 -2.23245000E+02 -2.22781333E+02 -2.20591667E+02 -2.21244000E+02 -2.20637000E+02 -2.18817000E+02 -2.16977333E+02 -2.16860000E+02 -2.15981000E+02 -2.17746667E+02 -2.16331667E+02 -2.16082333E+02 -2.14881667E+02 -2.16488333E+02 -2.16024333E+02 -2.14134667E+02 
 -2.15230000E+02 -2.14074667E+02 -2.13740667E+02 -2.12089667E+02 -2.13246333E+02 -2.11256667E+02 -2.10183667E+02 -2.10067000E+02 -2.10233333E+02 -2.08570333E+02 -2.07988667E+02 -2.07325000E+02 -2.06210000E+02 -2.08380333E+02 -2.07129333E+02 -2.07453333E+02 -2.06293333E+02 -2.06876000E+02 -2.07430000E+02 -2.04445667E+02 -2.05832667E+02 -2.05509667E+02 -2.03180667E+02 -2.02922667E+02 -2.03025000E+02 
 -2.01021667E+02 -1.99860667E+02 -1.98637000E+02 -1.98454000E+02 -1.99248333E+02 -1.98151667E+02 -1.96435667E+02 -1.96982667E+02 -1.96081333E+02 -1.96081000E+02 -1.93383000E+02 -1.94163000E+02 -1.92621667E+02 -1.93448333E+02 -1.93746333E+02 -1.93443667E+02 -1.95274000E+02 -1.96749667E+02 -1.95263333E+02 -1.96513667E+02 -1.95056000E+02 -1.93793000E+02 -1.93668667E+02 -1.94025333E+02 -1.93690667E+02 
 -1.91893333E+02 -1.91501000E+02 -1.89697667E+02 -1.86932667E+02 -1.87879667E+02 -1.88140333E+02 -1.85150000E+02 -1.85402000E+02 -1.86150333E+02 -1.85023000E+02 -1.84822000E+02 -1.84221000E+02 -1.84098333E+02 -1.83750000E+02 -1.84128000E+02 -1.83940667E+02 -1.82257667E+02 -1.80970667E+02 -1.79594000E+02 -1.83048333E+02 -1.83503000E+02 -1.84807000E+02 -1.84280333E+02 -1.84275333E+02 -1.87773667E+02 
 -1.85585333E+02 -1.85813000E+02 -1.86025333E+02 -1.82217667E+02 -1.81104000E+02 -1.81986667E+02 -1.80719333E+02 -1.80566000E+02 -1.81011667E+02 -1.80569000E+02 -1.78448333E+02 -1.78517000E+02 -1.77255000E+02 -1.77658000E+02 -1.78169000E+02 -1.75798000E+02 -1.74375333E+02 -1.75966667E+02 -1.72930667E+02 -1.75507667E+02 -1.75925667E+02 -1.73253000E+02 -1.75243333E+02 -1.73113333E+02 -1.72270333E+02 
 -1.71917333E+02 -1.71143333E+02 -1.68369000E+02 -1.69663333E+02 -1.67602000E+02 -1.69335000E+02 -1.67841333E+02 -1.66507333E+02 -1.66051333E+02 -1.67294000E+02 -1.66960667E+02 -1.64773000E+02 -1.65344667E+02 -1.65134333E+02 -1.65742667E+02 -1.65118000E+02 -1.65473333E+02 -1.64464667E+02 -1.63877667E+02 -1.64355333E+02 -1.62402333E+02 -1.61441000E+02 -1.59326000E+02 -1.59161333E+02 -1.59729333E+02 
 -1.60318333E+02 -1.58534000E+02 -1.58523333E+02 -1.56701000E+02 -1.57783333E+02 -1.56765333E+02 -1.56955000E+02 -1.54438333E+02 -1.53575667E+02 -1.54074000E+02 -1.54852000E+02 -1.54948333E+02 -1.56497667E+02 -1.54852000E+02 -1.54466667E+02 -1.55105000E+02 -1.55212667E+02 -1.55041333E+02 -1.56802333E+02 -1.55365000E+02 -1.56157667E+02 -1.55028667E+02 -1.54848000E+02 -1.55939667E+02 -1.53527667E+02 
 -1.54056000E+02 -1.52263000E+02 -1.54010667E+02 -1.52022667E+02 -1.52143000E+02 -1.51406667E+02 -1.51752000E+02 -1.49426333E+02 -1.51976333E+02 -1.50825000E+02 -1.49617333E+02 -1.48794333E+02 -1.49721333E+02 -1.46621333E+02 -1.46940667E+02 -1.47646000E+02 -1.49060667E+02 -1.46109333E+02 -1.47039667E+02 -1.45232000E+02 -1.44881333E+02 -1.45703667E+02 -1.46555000E+02 -1.46020667E+02 -1.45595333E+02 
 -1.45680000E+02 -1.41938000E+02 -1.43527667E+02 -1.42682000E+02 -1.42437667E+02 -1.42772667E+02 -1.41846667E+02 -1.40357333E+02 -1.40445667E+02 -1.39135000E+02 -1.39245000E+02 -1.38530000E+02 -1.38547333E+02 -1.39278333E+02 -1.38747667E+02 -1.39275333E+02 -1.41128000E+02 -1.40087667E+02 -1.40862333E+02 -1.40764000E+02 -1.40873667E+02 -1.40841333E+02 -1.42808333E+02 -1.41271000E+02 -1.40283667E+02 
 -1.37715333E+02 -1.37728667E+02 -1.38377333E+02 -1.38189667E+02 -1.36036333E+02 -1.38584333E+02 -1.36980333E+02 -1.36498333E+02 -1.36360667E+02 -1.35744667E+02 -1.36488667E+02 -1.34941333E+02 -1.33771000E+02 -1.32324333E+02 -1.33246667E+02 -1.34981333E+02 -1.32739667E+02 -1.30639333E+02 -1.31050667E+02 -1.30401333E+02 -1.34329333E+02 -1.35099333E+02 -1.35161000E+02 -1.33364000E+02 -1.34681333E+02 
 -1.33943667E+02 -1.30231333E+02 -1.28791667E+02 -1.29927667E+02 -1.29267333E+02 -1.28867333E+02 -1.26957667E+02 -1.25746333E+02 -1.25285000E+02 -1.25919667E+02 -1.26374667E+02 -1.25470667E+02 -1.26605667E+02 -1.24785000E+02 -1.25622667E+02 -1.26732667E+02 -1.24881667E+02 -1.27657667E+02 -1.25356667E+02 -1.26697000E+02 -1.26019000E+02 -1.24594667E+02 -1.23890333E+02 -1.23163000E+02 -1.24451667E+02 
 -1.25211667E+02 -1.25115667E+02 -1.24448333E+02 -1.24521000E+02 -1.23095000E+02 -1.23029333E+02 -1.23170000E+02 -1.24328000E+02 -1.23857333E+02 -1.23587000E+02 -1.24049333E+02 -1.21931667E+02 -1.22834667E+02 -1.22514333E+02 -1.21867333E+02 -1.21009333E+02 -1.21662667E+02 -1.21592333E+02 -1.21264667E+02 -1.19890000E+02 -1.22760333E+02 -1.21539000E+02 -1.21187667E+02 -1.21665000E+02 -1.20919333E+02 
 -1.22583333E+02 -1.21970000E+02 -1.20787333E+02 -1.20492667E+02 -1.19767667E+02 -1.21523333E+02 -1.21916667E+02 -1.20912667E+02 -1.20698000E+02 -1.19131667E+02 -1.18555000E+02 -1.19755000E+02 -1.17249000E+02 -1.16940667E+02 -1.18289000E+02 -1.16118667E+02 -1.17919000E+02 -1.17890000E+02 -1.19153000E+02 -1.18372000E+02 -1.17469667E+02 -1.16938333E+02 -1.17871333E+02 -1.16043333E+02 -1.14278333E+02 
 -1.14274333E+02 -1.15637667E+02 -1.13570333E+02 -1.14071000E+02 -1.12831000E+02 -1.12426667E+02 -1.12555667E+02 -1.13581000E+02 -1.11007000E+02 -1.11850333E+02 -1.11339000E+02 -1.10305333E+02 -1.11535333E+02 -1.12222667E+02 -1.12194667E+02 -1.10594667E+02 -1.10846333E+02 -1.09178667E+02 -1.10348000E+02 -1.11341333E+02 -1.10033667E+02 -1.11382333E+02 -1.11100333E+02 -1.11924333E+02 -1.11381000E+02 
 -1.12099333E+02 -1.09229000E+02 -1.07986667E+02 -1.08736667E+02 -1.07917000E+02 -1.08728667E+02 -1.08559667E+02 -1.07936667E+02 -1.07797667E+02 -1.06777000E+02 -1.08456000E+02 -1.07851667E+02 -1.06896333E+02 -1.07954667E+02 -1.08178333E+02 -1.06967000E+02 -1.08170667E+02 -1.06187667E+02 -1.06007000E+02 -1.06371667E+02 -1.06171333E+02 -1.07824000E+02 -1.07370667E+02 -1.06817000E+02 -1.06666000E+02 
