      0.00000000      0.26666667      0.92500000      1.69166667      2.34166667      3.20000000      3.71666667      4.50833333      5.09166667      5.45833333      6.03333333      6.50000000      7.02500000      7.11666667      7.50000000      7.62500000      7.63333333      8.00000000      8.55000000      8.80000000      8.45000000      8.27500000      8.22500000      8.30000000      8.30833333 
      8.24166667      8.41666667      8.75833333      8.65000000      8.99166667      9.16666667      9.33333333      9.25833333      9.33333333      9.09166667      9.20833333      8.82500000      9.28333333      9.21666667      9.45833333      9.70833333      9.74166667     10.00000000      9.80833333      9.50000000      9.65000000      9.35000000      9.10000000      9.36666667      9.49166667 
      9.65000000      9.54166667      9.90000000      9.93333333     10.38333333     10.54166667     10.96666667     10.18333333     10.27500000     10.39166667     10.29166667     10.40833333     10.24166667     10.38333333     10.25000000     10.09166667      9.96666667     10.38333333     10.39166667     10.24166667     10.40833333     10.70000000     10.94166667     10.95000000     11.16666667 
     11.08333333     11.05000000     11.33333333     11.11666667     11.14166667     11.30000000     11.50000000     11.10000000     11.66666667     11.74166667     11.98333333     11.55000000     12.01666667     11.70833333     11.74166667     11.58333333     11.51666667     11.27500000     11.49166667     12.24166667     11.74166667     12.08333333     12.09166667     12.51666667     12.11666667 
     11.71666667     11.65833333     11.58333333     11.88333333     12.07500000     12.24166667     12.18333333     12.35833333     12.51666667     12.82500000     12.88333333     12.84166667     12.98333333     13.00000000     13.27500000     13.30000000     13.73333333     13.61666667     13.41666667     13.50000000     13.51666667     13.75833333     13.94166667     13.64166667     13.99166667 
     13.60000000     14.17500000     14.36666667     14.83333333     14.75000000     14.94166667     14.60833333     14.35000000     14.65000000     14.89166667     15.25000000     15.33333333     15.22500000     15.43333333     15.42500000     15.21666667     15.00000000     15.15000000     15.26666667     15.11666667     15.25833333     15.04166667     15.29166667     14.88333333     14.93333333 
     14.70833333     14.95000000     14.66666667     14.38333333     14.35000000     14.91666667     14.92500000     14.98333333     15.18333333     15.07500000     15.55833333     15.84166667     16.05000000     16.32500000     15.79166667     16.46666667     16.34166667     16.10000000     16.58333333     16.91666667     17.05000000     17.00833333     16.98333333     16.56666667     16.38333333 
     16.52500000     16.60000000     16.80000000     16.62500000     17.07500000     17.33333333     17.30000000     17.65833333     17.69166667     17.40000000     17.49166667     17.48333333     17.65833333     17.37500000     17.32500000     16.85833333     17.03333333     17.27500000     17.70833333     17.35833333     16.99166667     17.35000000     17.20000000     17.19166667     17.11666667 
     17.21666667     17.37500000     17.85000000     17.52500000     17.55000000     17.87500000     18.13333333     18.36666667     18.81666667     19.08333333     19.04166667     19.26666667     19.30833333     19.07500000     19.08333333     19.39166667     19.29166667     19.19166667     18.95833333     18.56666667     18.65000000     18.85833333     19.44166667     19.60833333     19.54166667 
     19.68333333     19.66666667     19.95833333     20.15000000     20.05833333     19.81666667     20.35000000     20.19166667     20.17500000     20.44166667     20.19166667     20.44166667     20.45833333     20.71666667     21.05000000     20.75000000     21.00833333     20.68333333     21.05833333     21.13333333     21.32500000     21.66666667     21.57500000     21.66666667     21.39166667 
     20.97500000     20.86666667     20.73333333     21.15833333     20.40000000     21.08333333     21.04166667     21.00833333     21.04166667     21.50000000     21.75000000     21.70000000     21.73333333     21.42500000     21.66666667     21.68333333     21.93333333     21.53333333     21.75000000     22.27500000     21.80833333     21.57500000     21.79166667     22.00000000     22.16666667 
     22.20833333     22.19166667     22.99166667     23.35833333     23.08333333     23.50833333     23.07500000     23.05000000     24.08333333     23.77500000     24.36666667     24.43333333     23.96666667     24.30833333     24.40000000     24.63333333     24.67500000     25.14166667     24.98333333     24.75000000     25.55000000     25.77500000     26.26666667     26.43333333     26.18333333 
     26.20833333     26.33333333     26.28333333     26.32500000     26.22500000     26.40000000     26.76666667     27.02500000     27.11666667     27.15000000     27.80833333     28.30000000     27.71666667     28.04166667     27.65833333     27.37500000     27.58333333     27.74166667     28.17500000     28.04166667     28.09166667     28.27500000     28.03333333     28.11666667     27.80000000 
     27.59166667     28.41666667     28.21666667     28.65833333     29.20000000     28.57500000     28.87500000     29.10833333     29.52500000     29.69166667     29.87500000     30.01666667     30.13333333     30.30000000     30.66666667     30.43333333     31.09166667     30.83333333     30.95833333     30.96666667     31.03333333     31.55833333     32.23333333     31.70833333     32.19166667 
     32.21666667     32.40000000     32.25000000     32.44166667     32.30833333     33.09166667     32.95833333     33.40000000     33.40833333     33.84166667     33.89166667     33.97500000     33.96666667     33.93333333     34.45833333     34.15833333     34.00000000     33.94166667     33.90000000     34.21666667     34.97500000     35.44166667     35.40000000     35.09166667     35.27500000 
     34.81666667     35.45000000     36.22500000     36.45833333     36.40000000     36.20000000     36.93333333     37.24166667     37.22500000     37.46666667     37.92500000     37.56666667     37.70000000     37.56666667     37.14166667     37.55833333     37.42500000     38.39166667     38.31666667     38.30833333     38.50000000     37.55000000     37.40833333     38.16666667     38.02500000 
     38.16666667     38.25000000     38.54166667     38.40833333     39.07500000     39.20833333     39.76666667     39.95833333     39.70000000     40.06666667     40.14166667     40.27500000     40.67500000     41.25833333     41.54166667     41.40833333     41.93333333     41.38333333     42.15833333     42.39166667     42.63333333     42.49166667     42.76666667     43.00000000     42.99166667 
     43.05000000     43.37500000     43.78333333     43.72500000     43.83333333     44.20833333     44.55000000     45.20000000     45.30000000     45.85833333     45.51666667     45.65000000     45.87500000     45.44166667     45.77500000     46.91666667     46.80000000     46.39166667     47.70000000     47.30000000     47.30833333     47.28333333     47.07500000     47.06666667     47.55000000 
     47.50833333     48.00833333     48.45000000     49.02500000     48.87500000     49.05000000     48.93333333     49.35000000     49.61666667     49.81666667     50.27500000     50.59166667     51.01666667     51.13333333     51.35000000     51.47500000     51.42500000     51.21666667     51.74166667     52.53333333     52.76666667     52.68333333     52.88333333     52.60000000     52.29166667 
     52.34166667     53.05833333     52.82500000     53.20000000     53.59166667     53.81666667     54.36666667     55.05000000     55.61666667     56.37500000     56.82500000     57.10833333     57.40833333     57.39166667     58.03333333     58.55833333     59.29166667     59.18333333     59.02500000     59.12500000     58.93333333     58.61666667     59.15833333     59.50000000     60.44166667 
     60.60833333     60.46666667     60.04166667     60.68333333     61.10833333     61.33333333     61.85000000     62.05000000     62.41666667     62.57500000     62.52500000     62.87500000     63.04166667     63.65000000     63.49166667     64.66666667     64.43333333     64.67500000     64.96666667     64.98333333     65.29166667     65.10833333     65.18333333     64.94166667     65.85833333 
     66.06666667     67.46666667     67.90833333     68.73333333     68.50000000     69.46666667     69.59166667     70.09166667     70.55000000     70.59166667     71.48333333     71.46666667     71.45833333     72.24166667     72.10000000     72.33333333     72.35833333     72.57500000     73.31666667     73.77500000     74.62500000     74.72500000     75.37500000     75.05833333     75.61666667 
     76.84166667     76.56666667     76.45833333     77.20000000     76.65000000     77.61666667     78.07500000     78.45000000     78.30833333     78.70000000     79.91666667     80.79166667     80.67500000     81.40833333     81.48333333     81.33333333     81.77500000     82.62500000     83.13333333     82.86666667     82.79166667     83.35833333     84.33333333     84.96666667     85.27500000 
     85.75833333     86.61666667     87.39166667     87.66666667     88.15000000     89.36666667     89.30000000     90.03333333     90.08333333     90.61666667     91.28333333     91.26666667     91.72500000     92.11666667     92.62500000     93.05000000     92.82500000     93.67500000     93.67500000     94.15000000     93.80833333     94.10833333     94.68333333     95.98333333     95.67500000 
     96.33333333     97.95000000     97.55000000     97.86666667     98.72500000     99.14166667    100.04166667    100.53333333    101.09166667    100.65833333    101.45000000    101.63333333    101.69166667    102.83333333    104.35833333    104.33333333    104.50833333    104.31666667    104.53333333    105.70833333    106.25000000    106.25833333    106.44166667    106.75000000    107.24166667 
    108.68333333    109.35000000    109.90833333    110.46666667    110.70833333    110.86666667    111.67500000    112.24166667    113.29166667    113.59166667    114.26666667    115.40833333    116.49166667    116.94166667    117.65000000    118.43333333    117.95833333    118.25833333    119.49166667    119.78333333    119.54166667    120.40000000    120.61666667    121.45000000    122.35000000 
    122.07500000    122.63333333    123.02500000    123.95833333    124.35000000    125.58333333    125.80000000    127.08333333    127.44166667    128.00000000    129.03333333    128.93333333    130.15833333    130.83333333    131.70000000    132.28333333    132.65000000    133.32500000    133.54166667    134.23333333    134.98333333    136.13333333    136.17500000    136.53333333    136.94166667 
    136.87500000    137.72500000    139.05000000    139.68333333    139.94166667    140.63333333    140.74166667    141.72500000    142.77500000    143.73333333    144.80833333    145.38333333    146.85000000    146.68333333    148.31666667    147.85000000    148.98333333    149.97500000    150.72500000    151.22500000    152.38333333    153.16666667    153.91666667    154.63333333    155.05000000 
    156.32500000    157.62500000    158.69166667    159.21666667    159.95000000    160.93333333    161.70833333    163.75000000    163.73333333    163.91666667    165.77500000    165.45833333    167.40833333    167.95000000    167.84166667    168.90833333    170.62500000    171.31666667    172.64166667    173.01666667    174.46666667    174.09166667    174.86666667    176.67500000    176.80833333 
    177.30833333    177.72500000    178.97500000    180.75000000    180.73333333    182.46666667    184.00000000    184.68333333    185.23333333    185.87500000    187.71666667    188.53333333    189.93333333    190.15000000    190.10000000    191.19166667    192.48333333    193.12500000    193.85833333    194.07500000    194.17500000    195.85833333    196.93333333    196.32500000    196.75833333 
    198.45833333    199.20000000    200.82500000    201.81666667    203.03333333    204.00000000    205.20833333    205.75000000    206.85833333    207.63333333    208.89166667    209.70833333    211.51666667    213.10833333    214.33333333    215.03333333    216.20833333    216.81666667    218.05833333    219.19166667    221.65833333    221.73333333    222.80000000    224.47500000    225.16666667 
    225.83333333    226.58333333    227.87500000    228.58333333    229.41666667    231.45833333    232.47500000    232.42500000    234.12500000    235.42500000    237.56666667    237.93333333    239.09166667    240.90000000    242.93333333    244.69166667    245.35833333    247.10000000    248.15000000    249.03333333    250.31666667    251.93333333    251.73333333    253.60833333    254.81666667 
    255.32500000    257.33333333    258.80000000    259.12500000    259.90000000    261.42500000    261.93333333    263.60833333    264.11666667    265.17500000    266.39166667    268.38333333    269.53333333    270.19166667    271.65833333    272.10000000    273.15833333    275.90833333    276.62500000    277.87500000    279.48333333    280.44166667    281.32500000    283.30000000    284.52500000 
    285.67500000    286.91666667    288.68333333    290.87500000    291.95833333    293.16666667    294.33333333    296.23333333    297.20833333    299.41666667    300.60833333    302.82500000    304.52500000    305.72500000    306.21666667    307.44166667    309.79166667    311.08333333    313.04166667    314.66666667    316.85833333    318.05833333    319.77500000    321.79166667    323.76666667 
    324.82500000    326.00833333    328.05833333    328.97500000    331.70000000    334.04166667    333.75000000    335.80000000    337.50833333    340.46666667    342.64166667    345.00000000    346.60000000    348.50833333    349.70833333    350.79166667    353.21666667    355.59166667    356.25833333    358.13333333    360.03333333    363.09166667    365.00000000    365.10000000    367.11666667 
    368.45833333    372.10833333    374.24166667    376.17500000    379.70833333    380.16666667    382.36666667    383.05000000    384.45833333    387.25833333    388.48333333    391.00833333    392.95833333    394.38333333    395.25000000    396.97500000    398.71666667    400.69166667    403.99166667    406.13333333    407.85833333    410.27500000    410.80000000    410.84166667    413.61666667 
    416.17500000    417.94166667    421.02500000    423.41666667    425.51666667    427.97500000    429.33333333    431.05000000    432.40833333    433.19166667    436.59166667    438.66666667    440.68333333    443.55000000    445.38333333    447.97500000    450.29166667    451.65833333    454.74166667    456.54166667    459.25833333    461.69166667    462.35833333    465.42500000    466.98333333 
    469.33333333    472.03333333    474.45000000    476.96666667    479.22500000    482.60000000    484.44166667    487.91666667    490.14166667    492.97500000    493.53333333    497.59166667    498.08333333    501.56666667    502.92500000    506.90833333    507.95000000    510.47500000    512.53333333    514.39166667    516.12500000    517.61666667    519.65833333    523.61666667    525.70000000 
    529.12500000    531.84166667    534.32500000    536.85000000    539.58333333    542.53333333    546.14166667    548.84166667    550.21666667    553.62500000    555.24166667    558.32500000    562.82500000    564.62500000    567.25000000    570.26666667    573.18333333    577.61666667    579.95833333    581.94166667    584.30000000    587.73333333    590.73333333    594.71666667    596.52500000 
    599.07500000    602.16666667    605.45000000    608.27500000    610.11666667    614.62500000    616.26666667    619.45000000    622.08333333    625.01666667    627.30000000    631.25833333    634.75000000    636.15000000    639.47500000    641.94166667    646.35833333    648.27500000    650.83333333    654.13333333    658.05000000    660.81666667    663.45833333    666.35000000    669.53333333 
    672.82500000    676.73333333    679.35000000    681.71666667    686.40833333    690.10833333    694.04166667    697.38333333    701.00833333    703.42500000    706.00833333    709.14166667    713.00000000    715.18333333    718.46666667    722.30833333    725.20000000    728.12500000    732.24166667    735.05000000    736.49166667    740.15833333    741.87500000    745.35000000    747.31666667 
    750.76666667    755.68333333    757.59166667    761.13333333    764.98333333    768.85000000    771.44166667    776.34166667    780.23333333    782.80000000    785.54166667    789.56666667    793.10000000    795.50000000    799.75833333    804.00833333    807.90833333    810.75833333    813.18333333    816.76666667    820.92500000    825.81666667    826.84166667    830.75833333    834.00833333 
    836.60000000    840.23333333    844.65833333    847.93333333    851.73333333    855.05000000    858.85000000    861.65833333    864.58333333    869.20833333    874.21666667    877.65833333    881.70000000    885.05000000    886.88333333    892.21666667    897.89166667    900.13333333    903.64166667    907.93333333    912.02500000    915.58333333    920.00833333    922.70833333    927.01666667 
    930.45000000    935.49166667    938.83333333    941.60000000    947.24166667    950.52500000    956.06666667    959.92500000    963.48333333    968.39166667    973.30833333    976.60833333    980.46666667    984.06666667    988.48333333    994.61666667    996.94166667   1002.30000000   1007.17500000   1009.30833333   1013.30833333   1017.40833333   1022.33333333   1025.69166667   1030.02500000 
   1034.75000000   1040.30000000   1043.69166667   1048.58333333   1052.51666667   1056.95000000   1061.35000000   1065.75000000   1071.40000000   1075.98333333   1080.82500000   1084.86666667   1086.70833333   1094.23333333   1097.75833333   1101.02500000   1107.33333333   1111.57500000   1116.08333333   1120.70000000   1124.35833333   1127.17500000   1130.15000000   1136.20833333   1139.79166667 
   1142.95833333   1149.96666667   1152.64166667   1157.33333333   1162.53333333   1166.60000000   1171.85000000   1176.50000000   1180.77500000   1185.33333333   1188.95000000   1195.03333333   1200.77500000   1204.13333333   1206.54166667   1212.55833333   1216.55833333   1220.89166667   1225.40833333   1230.01666667   1235.76666667   1239.22500000   1243.35000000   1247.32500000   1252.34166667 
   1256.70000000   1264.00833333   1268.03333333   1274.33333333   1278.35000000   1282.86666667   1289.18333333   1292.99166667   1298.40000000   1305.18333333   1310.41666667   1313.50833333   1318.14166667   1324.13333333   1330.22500000   1334.66666667   1336.69166667   1341.89166667   1347.30833333   1352.70833333   1356.70833333   1363.06666667   1366.28333333   1371.99166667   1377.90000000 
   1382.75000000   1387.66666667   1392.48333333   1398.18333333   1404.48333333   1408.29166667   1412.80000000   1416.70833333   1423.19166667   1427.84166667   1432.23333333   1438.19166667   1444.35000000   1448.70000000   1452.89166667   1458.31666667   1463.89166667   1468.99166667   1472.40000000   1479.51666667   1483.99166667   1488.89166667   1495.02500000   1500.12500000   1505.56666667 
   1509.24166667   1514.24166667   1520.10833333   1524.25833333   1530.95833333   1535.57500000   1540.47500000   1546.45000000   1551.53333333   1554.30000000   1560.95833333   1564.05833333   1570.16666667   1575.96666667   1580.35000000   1582.65000000   1587.74166667   1594.69166667   1597.81666667   1605.47500000   1609.90000000   1615.10000000   1621.42500000   1626.72500000   1632.54166667 
   1637.15000000   1642.99166667   1649.06666667   1652.33333333   1659.78333333   1663.35000000   1672.44166667   1676.13333333   1682.40000000   1688.53333333   1693.50833333   1700.60833333   1704.64166667   1709.07500000   1715.00833333   1721.16666667   1727.13333333   1731.81666667   1737.05000000   1742.86666667   1746.62500000   1752.44166667   1756.33333333   1762.60000000   1765.12500000 
   1774.78333333   1780.06666667   1785.01666667   1790.47500000   1794.37500000   1802.12500000   1808.35000000   1812.32500000   1819.37500000   1822.71666667   1830.59166667   1835.42500000   1841.34166667   1846.75000000   1851.98333333   1857.37500000   1862.29166667   1868.62500000   1876.48333333   1881.06666667   1887.31666667   1892.39166667   1895.34166667   1902.48333333   1905.79166667 
   1911.15000000   1917.48333333   1924.25000000   1929.56666667   1935.48333333   1941.67500000   1947.18333333   1954.50833333   1960.54166667   1965.14166667   1972.60833333   1977.85000000   1982.07500000   1988.74166667   1996.00833333   2000.99166667   2003.34166667   2010.64166667   2015.97500000   2021.15000000   2030.01666667   2034.09166667   2038.80833333   2045.08333333   2051.20000000 
   2055.85833333   2063.43333333   2070.55833333   2078.22500000   2082.02500000   2086.60833333   2091.57500000   2099.25833333   2104.90000000   2110.14166667   2114.12500000   2119.90833333   2123.58333333   2130.20833333   2135.13333333   2141.24166667   2145.28333333   2152.41666667   2156.46666667   2162.40833333   2167.32500000   2171.70000000   2177.65000000   2182.31666667   2188.91666667 
   2197.14166667   2201.61666667   2206.65000000   2213.00000000   2219.44166667   2227.09166667   2227.75000000   2237.22500000   2243.35000000   2246.80833333   2255.76666667   2259.21666667   2263.77500000   2269.56666667   2275.60000000   2281.53333333   2285.69166667   2291.73333333   2296.65000000   2299.06666667   2304.35833333   2311.33333333   2316.81666667   2323.95833333   2327.39166667 
   2332.32500000   2338.17500000   2345.11666667   2349.39166667   2355.85833333   2362.03333333   2367.05000000   2373.63333333   2379.54166667   2385.32500000   2388.11666667   2393.90833333   2400.15000000   2405.93333333   2409.05833333   2414.81666667   2420.57500000   2427.29166667   2434.06666667   2438.48333333   2442.43333333   2446.99166667   2452.16666667   2459.24166667   2462.35833333 
   2468.36666667   2475.56666667   2480.87500000   2487.20833333   2491.73333333   2498.45833333   2501.75000000   2507.44166667   2514.44166667   2516.94166667   2522.26666667   2527.61666667   2533.24166667   2537.26666667   2543.14166667   2550.84166667   2554.58333333   2559.34166667   2565.48333333   2571.05000000   2575.28333333   2581.20833333   2585.91666667   2591.17500000   2596.30833333 
   2600.70833333   2606.83333333   2614.54166667   2619.57500000   2623.66666667   2628.03333333   2634.03333333   2635.90000000   2643.65833333   2647.03333333   2654.59166667   2659.80000000   2663.85833333   2667.65833333   2674.44166667   2678.55000000   2683.14166667   2689.20000000   2694.20000000   2701.00833333   2703.92500000   2708.85833333   2713.54166667   2719.70000000   2721.50833333 
   2727.95000000   2733.70000000   2738.55833333   2742.55833333   2748.79166667   2754.30000000   2758.17500000   2764.70000000   2770.09166667   2774.40833333   2781.28333333   2785.82500000   2791.30833333   2795.11666667   2798.34166667   2804.10833333   2808.51666667   2812.98333333   2817.59166667   2822.80833333   2828.50000000   2830.59166667   2835.95000000   2839.88333333   2845.15833333 
   2850.26666667   2855.64166667   2859.71666667   2866.22500000   2871.25833333   2876.05833333   2877.85833333   2884.29166667   2887.41666667   2889.29166667   2897.39166667   2902.95000000   2905.92500000   2910.79166667   2916.05000000   2922.36666667   2924.73333333   2928.82500000   2933.98333333   2934.84166667   2940.73333333   2945.15833333   2949.54166667   2954.40833333   2958.78333333 
   2962.48333333   2968.63333333   2973.60833333   2978.66666667   2981.44166667   2987.32500000   2991.11666667   2994.66666667   2997.05833333   3003.03333333   3006.19166667   3010.80000000   3014.98333333   3017.00833333   3024.22500000   3026.55000000   3031.36666667   3037.05000000   3038.67500000   3043.42500000   3047.40833333   3051.14166667   3056.78333333   3061.52500000   3065.33333333 
   3067.90833333   3074.88333333   3076.85833333   3079.77500000   3086.36666667   3090.53333333   3093.03333333   3095.90000000   3100.80833333   3105.31666667   3108.35833333   3113.05000000   3118.16666667   3122.20000000   3124.86666667   3130.92500000   3132.66666667   3137.98333333   3143.75833333   3145.98333333   3149.20000000   3153.43333333   3156.33333333   3159.71666667   3163.22500000 
   3168.43333333   3171.01666667   3174.94166667   3179.59166667   3184.30833333   3186.90833333   3188.85833333   3192.97500000   3198.40000000   3202.59166667   3207.65833333   3209.90833333   3214.72500000   3218.66666667   3221.24166667   3225.93333333   3229.48333333   3233.24166667   3236.40000000   3243.53333333   3245.70000000   3249.65000000   3254.20833333   3258.49166667   3263.89166667 
   3268.09166667   3272.53333333   3272.39166667   3275.90000000   3279.53333333   3284.25833333   3287.84166667   3291.17500000   3295.41666667   3297.77500000   3299.86666667   3304.98333333   3307.45000000   3307.26666667   3311.90000000   3317.35833333   3321.05833333   3325.16666667   3326.55833333   3331.71666667   3335.57500000   3338.05000000   3341.32500000   3344.41666667   3344.15000000 
   3348.21666667   3354.60833333   3356.80833333   3360.33333333   3363.36666667   3365.63333333   3370.66666667   3375.45833333   3379.09166667   3381.23333333   3382.97500000   3387.19166667   3387.69166667   3393.05000000   3394.39166667   3394.53333333   3399.23333333   3400.91666667   3408.97500000   3409.75833333   3411.62500000   3411.45000000   3413.28333333   3418.45000000   3421.91666667 
   3426.11666667   3431.03333333   3434.95000000   3436.26666667   3440.62500000   3443.72500000   3446.62500000   3450.57500000   3452.97500000   3457.88333333   3458.79166667   3461.81666667   3463.15000000   3465.55000000   3469.17500000   3467.95000000   3472.06666667   3475.70833333   3479.34166667   3480.06666667   3480.68333333   3484.52500000   3487.10000000   3488.82500000   3491.64166667 
   3493.61666667   3498.65000000   3501.55833333   3504.62500000   3507.19166667   3507.90833333   3510.45833333   3513.26666667   3514.63333333   3517.52500000   3520.69166667   3523.85000000   3526.26666667   3526.77500000   3528.40000000   3531.31666667   3533.05833333   3535.75000000   3539.76666667   3539.76666667   3544.88333333   3545.66666667   3548.73333333   3550.38333333   3553.00833333 
   3556.38333333   3561.37500000   3561.94166667   3565.42500000   3568.20000000   3568.69166667   3570.72500000   3574.83333333   3576.76666667   3578.65833333   3582.76666667   3584.95833333   3585.99166667   3586.13333333   3587.84166667   3591.27500000   3594.17500000   3596.48333333   3598.00833333   3598.46666667   3600.17500000   3602.68333333   3606.17500000   3606.46666667   3608.77500000 
   3611.18333333   3614.67500000   3618.66666667   3621.40833333   3622.76666667   3624.28333333   3627.36666667   3629.64166667   3631.39166667   3633.14166667   3636.12500000   3639.23333333   3638.99166667   3643.89166667   3644.97500000   3645.54166667   3646.47500000   3649.75000000   3653.61666667   3654.95000000   3655.00833333   3655.38333333   3657.69166667   3658.90000000   3664.20000000 
   3663.40833333   3666.37500000   3670.86666667   3672.83333333   3673.31666667   3675.36666667   3676.55000000   3677.14166667   3680.35833333   3684.48333333   3686.25833333   3686.05000000   3686.62500000   3692.31666667   3693.32500000   3696.27500000   3696.89166667   3697.61666667   3699.69166667   3699.85833333   3701.81666667   3701.92500000   3705.43333333   3706.87500000   3709.20833333 
   3710.95833333   3713.75000000   3712.88333333   3715.67500000   3717.21666667   3718.71666667   3720.36666667   3721.03333333   3721.69166667   3724.94166667   3724.51666667   3728.83333333   3731.04166667   3732.66666667   3732.69166667   3734.52500000   3735.35000000   3737.96666667   3739.38333333   3739.22500000   3741.80833333   3743.50833333   3744.68333333   3743.92500000   3742.17500000 
   3746.82500000   3749.42500000   3749.79166667   3752.92500000   3753.82500000   3753.80000000   3755.79166667   3757.61666667   3760.69166667   3763.64166667   3762.35000000   3764.79166667   3764.37500000   3766.83333333   3766.45000000   3768.78333333   3770.39166667   3773.57500000   3776.85000000   3775.76666667   3777.80833333   3781.04166667   3781.09166667   3782.04166667   3782.81666667 
   3785.11666667   3786.20000000   3785.24166667   3787.13333333   3788.35833333   3791.30833333   3792.46666667   3794.56666667   3795.36666667   3795.36666667   3794.43333333   3797.05833333   3798.21666667   3798.87500000   3798.87500000   3802.02500000   3805.13333333   3805.67500000   3806.01666667   3806.50000000   3807.89166667   3809.22500000   3811.02500000   3811.73333333   3812.81666667 
   3812.35833333   3815.30833333   3814.65000000   3813.85000000   3818.30000000   3819.94166667   3820.59166667   3820.13333333   3820.88333333   3820.20000000   3822.09166667   3821.95000000   3824.65000000   3825.91666667   3824.35000000   3828.10833333   3826.01666667   3828.35833333   3828.70000000   3830.77500000   3832.71666667   3832.91666667   3833.23333333   3833.60000000   3834.86666667 
   3838.20000000   3840.60000000   3840.92500000   3841.45000000   3840.74166667   3842.30833333   3843.13333333   3844.40833333   3845.19166667   3844.55000000   3845.49166667   3847.79166667   3848.27500000   3849.68333333   3852.35833333   3852.37500000   3852.71666667   3853.30000000   3854.10000000   3856.32500000   3856.56666667   3855.35000000   3854.09166667   3856.16666667   3856.46666667 
   3856.98333333   3859.90000000   3861.40000000   3861.45000000   3862.39166667   3862.65833333   3862.80000000   3862.73333333   3864.74166667   3868.04166667   3868.99166667   3869.02500000   3868.50000000   3869.77500000   3868.82500000   3870.52500000   3872.44166667   3873.12500000   3873.78333333   3873.29166667   3871.45833333   3873.91666667   3876.34166667   3877.53333333   3878.64166667 
   3879.71666667   3881.02500000   3881.92500000   3884.34166667   3883.92500000   3884.80833333   3884.77500000   3885.28333333   3883.40833333   3884.45833333   3886.61666667   3889.45000000   3889.60833333   3888.77500000   3889.49166667   3889.44166667   3889.93333333   3891.70000000   3893.47500000   3892.25000000   3892.56666667   3892.15833333   3890.97500000   3893.58333333   3895.59166667 
   3895.55833333   3895.18333333   3895.66666667   3895.65833333   3896.85833333   3897.04166667   3898.52500000   3900.39166667   3898.66666667   3899.52500000   3898.05833333   3899.68333333   3900.54166667   3902.04166667   3900.70833333   3900.22500000   3901.45833333   3901.44166667   3902.88333333   3903.06666667   3905.24166667   3906.05000000   3905.63333333   3904.35000000   3906.10000000 
   3906.79166667   3908.10833333   3908.91666667   3910.50000000   3908.08333333   3908.99166667   3909.18333333   3908.71666667   3909.65000000   3912.37500000   3911.12500000   3911.91666667   3912.75833333   3912.35000000   3913.70833333   3913.44166667   3915.53333333   3914.49166667   3916.47500000   3915.13333333   3914.88333333   3916.71666667   3917.79166667   3917.00000000   3918.21666667 
   3917.51666667   3921.00000000   3921.25833333   3922.99166667   3922.06666667   3922.66666667   3923.59166667   3923.54166667   3922.93333333   3924.44166667   3925.90833333   3924.97500000   3926.07500000   3928.53333333   3927.69166667   3928.44166667   3928.47500000   3928.20833333   3927.49166667   3929.05000000   3929.05000000   3930.61666667   3930.19166667   3929.89166667   3929.71666667 
   3930.11666667   3932.52500000   3936.20833333   3936.35000000   3935.90000000   3936.07500000   3935.27500000   3934.42500000   3935.54166667   3936.28333333   3936.49166667   3937.10833333   3937.49166667   3935.52500000   3938.30833333   3937.06666667   3938.57500000   3936.84166667   3935.99166667   3935.18333333   3938.62500000   3938.92500000   3938.59166667   3938.11666667   3937.50833333 
   3939.32500000   3939.31666667   3939.71666667   3939.22500000   3938.80000000   3938.30000000   3939.26666667   3940.59166667   3940.50000000   3938.96666667   3939.69166667   3939.77500000   3941.03333333   3941.20000000   3941.28333333   3943.13333333   3944.21666667   3942.17500000   3944.10000000   3944.60000000   3942.95000000   3943.37500000   3943.54166667   3943.33333333   3944.57500000 
   3944.64166667   3943.40833333   3942.73333333   3942.76666667   3942.10000000   3942.17500000   3941.53333333   3942.98333333   3943.23333333   3941.93333333   3942.77500000   3941.81666667   3942.30833333   3942.45000000   3942.47500000   3941.78333333   3943.40833333   3944.51666667   3944.65833333   3943.10000000   3943.01666667   3942.64166667   3944.13333333   3947.43333333   3946.64166667 
   3945.45833333   3944.78333333   3944.42500000   3943.80833333   3943.95833333   3941.80833333   3942.18333333   3942.56666667   3943.55000000   3942.45000000   3942.37500000   3942.76666667   3942.25833333   3942.98333333   3944.03333333   3943.08333333   3944.13333333   3944.84166667   3945.37500000   3945.60833333   3944.25833333   3944.28333333   3945.34166667   3945.64166667   3945.73333333 
   3946.88333333   3946.05833333   3944.75000000   3943.98333333   3942.69166667   3943.00000000   3943.61666667   3944.62500000   3943.77500000   3943.01666667   3942.87500000   3943.77500000   3943.06666667   3942.58333333   3944.01666667   3944.26666667   3943.55000000   3941.97500000   3941.49166667   3942.60000000   3940.60000000   3942.15000000   3941.60833333   3942.10833333   3943.18333333 
   3942.68333333   3942.50833333   3940.76666667   3941.71666667   3939.10000000   3940.32500000   3940.01666667   3941.39166667   3941.95833333   3941.79166667   3942.83333333   3941.93333333   3944.95833333   3945.83333333   3944.89166667   3944.10000000   3943.88333333   3944.45833333   3944.93333333   3942.60833333   3942.86666667   3942.30000000   3940.38333333   3942.30833333   3942.80000000 
   3943.41666667   3941.64166667   3941.15833333   3940.35000000   3940.45000000   3937.76666667   3938.69166667   3937.63333333   3939.38333333   3940.81666667   3940.63333333   3942.06666667   3943.11666667   3943.24166667   3941.10000000   3941.65833333   3939.65000000   3940.92500000   3938.66666667   3940.30000000   3941.00833333   3940.98333333   3941.56666667   3941.01666667   3940.15833333 
   3941.38333333   3939.89166667   3937.45000000   3939.51666667   3938.42500000   3938.93333333   3937.90000000   3937.35833333   3938.10833333   3938.31666667   3938.33333333   3937.76666667   3936.38333333   3935.10833333   3937.20000000   3937.69166667   3936.13333333   3936.47500000   3936.16666667   3934.58333333   3934.59166667   3934.06666667   3934.90833333   3936.35833333   3934.46666667 
   3934.30833333   3933.13333333   3930.95000000   3930.44166667   3931.68333333   3931.22500000   3931.41666667   3930.76666667   3930.87500000   3932.48333333   3932.20833333   3933.41666667   3931.95833333   3931.37500000   3931.67500000   3931.87500000   3930.10000000   3930.13333333   3929.23333333   3929.40833333   3928.03333333   3927.65000000   3926.78333333   3927.57500000   3926.18333333 
   3928.46666667   3927.68333333   3926.87500000   3926.24166667   3926.48333333   3926.16666667   3925.89166667   3924.76666667   3924.75000000   3924.01666667   3923.80833333   3924.99166667   3925.85833333   3926.03333333   3925.89166667   3924.35833333   3924.85000000   3925.30833333   3924.45000000   3924.86666667   3923.44166667   3922.52500000   3923.29166667   3924.33333333   3925.81666667 
   3924.80000000   3922.77500000   3922.45000000   3922.70833333   3921.67500000   3922.26666667   3921.28333333   3921.80833333   3922.57500000   3920.28333333   3919.20000000   3918.20000000   3919.63333333   3921.51666667   3921.26666667   3919.87500000   3920.99166667   3920.26666667   3921.25833333   3920.30833333   3921.27500000   3922.38333333   3919.50000000   3918.98333333   3918.20833333 
   3920.01666667   3918.61666667   3917.46666667   3917.17500000   3917.34166667   3915.58333333   3916.15000000   3915.60833333   3914.98333333   3913.48333333   3914.18333333   3913.08333333   3915.48333333   3913.35833333   3912.18333333   3911.02500000   3911.21666667   3912.15000000   3912.04166667   3912.59166667   3913.64166667   3911.65000000   3910.02500000   3911.00000000   3912.98333333 
   3911.98333333   3910.03333333   3909.83333333   3908.41666667   3908.87500000   3909.71666667   3909.82500000   3907.46666667   3907.77500000   3907.67500000   3907.35833333   3907.06666667   3908.90000000   3907.84166667   3909.45833333   3908.08333333   3906.70833333   3906.19166667   3906.18333333   3907.37500000   3908.48333333   3906.53333333   3905.06666667   3906.83333333   3906.80000000 
   3905.27500000   3903.03333333   3901.86666667   3900.47500000   3900.15833333   3902.64166667   3900.44166667   3898.79166667   3901.07500000   3902.12500000   3901.36666667   3901.30000000   3900.75833333   3901.44166667   3900.86666667   3898.90000000   3900.20000000   3900.70000000   3898.22500000   3899.99166667   3899.38333333   3900.04166667   3898.93333333   3898.13333333   3898.10833333 
   3899.62500000   3897.76666667   3893.50833333   3894.77500000   3896.00833333   3895.79166667   3892.95000000   3893.81666667   3895.16666667   3893.55000000   3892.55000000   3890.87500000   3888.74166667   3888.35000000   3888.83333333   3889.60833333   3891.71666667   3891.74166667   3888.95833333   3888.46666667   3888.77500000   3889.52500000   3887.68333333   3889.70833333   3890.04166667 
   3889.55000000   3888.84166667   3886.32500000   3885.32500000   3886.15833333   3884.21666667   3884.51666667   3884.70833333   3882.05833333   3881.01666667   3881.43333333   3884.15000000   3880.65833333   3880.70000000   3882.13333333   3882.20833333   3881.78333333   3880.18333333   3881.82500000   3881.22500000   3878.85833333   3880.46666667   3878.98333333   3880.60833333   3880.23333333 
   3878.33333333   3876.95000000   3880.06666667   3876.55833333   3874.40000000   3875.52500000   3875.80833333   3875.40000000   3874.20000000   3874.76666667   3874.01666667   3874.21666667   3872.35833333   3870.99166667   3870.76666667   3872.25000000   3871.38333333   3871.12500000   3869.99166667   3871.45000000   3871.20833333   3869.43333333   3869.43333333   3869.70000000   3871.78333333 
   3869.67500000   3867.61666667   3867.65000000   3866.08333333   3865.65833333   3864.59166667   3865.51666667   3862.65000000   3863.66666667   3863.57500000   3862.10000000   3863.12500000   3862.64166667   3864.14166667   3862.72500000   3863.95000000   3862.97500000   3860.10000000   3862.80000000   3863.59166667   3863.63333333   3861.01666667   3859.70000000   3861.43333333   3860.16666667 
   3860.67500000   3858.57500000   3858.98333333   3857.82500000   3855.11666667   3855.90833333   3857.60000000   3856.07500000   3855.99166667   3854.67500000   3853.10833333   3854.47500000   3852.79166667   3853.86666667   3852.66666667   3850.71666667   3851.59166667   3850.31666667   3852.12500000   3850.07500000   3850.95000000   3851.39166667   3849.09166667   3849.00833333   3851.40833333 
   3848.30833333   3849.00833333   3845.92500000   3845.97500000   3844.89166667   3843.49166667   3844.67500000   3843.49166667   3839.72500000   3842.55000000   3841.95000000   3838.26666667   3839.59166667   3837.65000000   3838.95833333   3836.70000000   3837.16666667   3838.31666667   3837.48333333   3837.94166667   3836.38333333   3835.84166667   3836.70000000   3835.19166667   3834.61666667 
   3833.71666667   3832.30833333   3831.73333333   3832.52500000   3829.10833333   3829.39166667   3830.30833333   3828.95000000   3830.55833333   3829.30833333   3826.32500000   3827.05833333   3826.70833333   3827.83333333   3826.09166667   3823.69166667   3824.43333333   3819.86666667   3820.65833333   3819.61666667   3819.54166667   3821.24166667   3822.00833333   3821.78333333   3818.18333333 
   3817.25000000   3814.92500000   3814.67500000   3815.57500000   3813.31666667   3813.59166667   3815.99166667   3814.54166667   3813.69166667   3812.22500000   3814.10000000   3810.58333333   3809.91666667   3809.02500000   3809.00833333   3808.03333333   3807.60833333   3805.92500000   3805.83333333   3804.96666667   3801.20833333   3802.07500000   3804.27500000   3802.81666667   3802.33333333 
   3799.37500000   3799.14166667   3799.63333333   3796.30833333   3796.85000000   3795.20000000   3793.85000000   3793.80833333   3794.70833333   3795.50833333   3794.07500000   3793.51666667   3790.95833333   3789.03333333   3790.35833333   3791.80833333   3790.89166667   3789.15000000   3787.48333333   3785.03333333   3787.89166667   3784.82500000   3784.30000000   3785.73333333   3783.33333333 
   3784.20833333   3779.55000000   3781.85833333   3782.37500000   3779.56666667   3778.77500000   3779.70000000   3778.21666667   3779.40000000   3776.21666667   3775.11666667   3774.64166667   3774.36666667   3774.20833333   3772.38333333   3771.07500000   3770.99166667   3772.52500000   3770.31666667   3769.75833333   3767.90833333   3767.29166667   3768.85000000   3768.70833333   3765.65833333 
   3767.56666667   3766.52500000   3762.60000000   3760.48333333   3761.16666667   3763.24166667   3758.89166667   3757.23333333   3756.70833333   3757.03333333   3757.94166667   3757.85833333   3753.80000000   3756.25833333   3754.38333333   3752.00000000   3753.53333333   3751.10000000   3750.75000000   3749.95833333   3747.21666667   3747.14166667   3745.90000000   3746.50000000   3747.43333333 
   3746.85833333   3743.36666667   3742.26666667   3740.73333333   3741.53333333   3738.94166667   3741.39166667   3738.15000000   3737.27500000   3737.24166667   3735.65833333   3733.98333333   3732.19166667   3732.33333333   3731.53333333   3731.36666667   3728.30000000   3727.01666667   3726.91666667   3724.00833333   3722.10833333   3723.70000000   3721.67500000   3721.54166667   3720.75833333 
   3720.25000000   3719.69166667   3716.10000000   3716.76666667   3716.06666667   3714.32500000   3711.63333333   3710.52500000   3711.05833333   3710.76666667   3710.15000000   3706.40000000   3709.15833333   3705.27500000   3703.66666667   3704.47500000   3704.80000000   3703.50000000   3701.35833333   3700.92500000   3702.20833333   3701.22500000   3697.15833333   3697.90000000   3697.45833333 
   3695.37500000   3694.74166667   3692.41666667   3693.17500000   3690.91666667   3688.22500000   3689.06666667   3687.25833333   3686.67500000   3684.71666667   3684.04166667   3683.72500000   3682.99166667   3679.88333333   3680.50000000   3678.45000000   3678.15000000   3677.60000000   3676.50833333   3673.41666667   3673.35000000   3670.45000000   3671.69166667   3670.80000000   3670.22500000 
   3671.00833333   3665.80833333   3664.78333333   3663.16666667   3660.14166667   3658.77500000   3658.45833333   3656.46666667   3655.71666667   3654.50000000   3654.72500000   3650.57500000   3651.27500000   3650.87500000   3652.08333333   3652.15833333   3648.48333333   3649.00000000   3646.61666667   3645.08333333   3644.00833333   3643.55833333   3644.26666667   3642.75000000   3642.14166667 
   3640.64166667   3635.21666667   3635.50833333   3634.53333333   3630.30000000   3631.10833333   3629.01666667   3627.42500000   3627.50000000   3625.79166667   3624.57500000   3623.53333333   3619.80000000   3619.55000000   3617.65000000   3616.42500000   3613.61666667   3616.79166667   3614.80833333   3613.79166667   3612.91666667   3609.51666667   3608.23333333   3605.70000000   3607.22500000 
   3604.58333333   3602.36666667   3603.55000000   3601.92500000   3599.10833333   3597.22500000   3593.99166667   3594.81666667   3593.22500000   3588.66666667   3589.36666667   3585.30833333   3585.89166667   3579.75000000   3579.83333333   3581.63333333   3578.82500000   3580.51666667   3576.44166667   3576.06666667   3574.45833333   3570.27500000   3570.61666667   3569.32500000   3567.14166667 
   3565.31666667   3564.83333333   3561.08333333   3557.83333333   3560.15000000   3560.59166667   3557.97500000   3554.01666667   3555.85000000   3549.89166667   3548.50833333   3546.42500000   3543.46666667   3542.15833333   3544.08333333   3539.08333333   3539.07500000   3539.20833333   3536.16666667   3535.63333333   3534.34166667   3532.80833333   3533.79166667   3531.90000000   3528.59166667 
   3526.07500000   3523.32500000   3518.98333333   3516.56666667   3515.32500000   3516.00833333   3515.48333333   3511.68333333   3511.89166667   3508.63333333   3506.35000000   3503.39166667   3506.54166667   3503.82500000   3498.42500000   3498.31666667   3494.90000000   3492.93333333   3491.87500000   3490.43333333   3488.20833333   3486.96666667   3483.82500000   3481.97500000   3479.56666667 
   3477.70000000   3473.10000000   3472.44166667   3467.49166667   3465.15000000   3468.75833333   3465.03333333   3462.59166667   3459.93333333   3459.83333333   3454.06666667   3453.40000000   3449.67500000   3450.96666667   3449.11666667   3443.33333333   3443.75000000   3441.12500000   3439.22500000   3436.28333333   3436.34166667   3434.55000000   3432.32500000   3432.72500000   3429.10000000 
   3427.21666667   3421.55833333   3418.35833333   3419.37500000   3415.18333333   3410.98333333   3409.51666667   3406.59166667   3404.60000000   3402.17500000   3399.56666667   3397.44166667   3393.28333333   3394.67500000   3390.20833333   3390.55833333   3386.72500000   3384.05833333   3379.71666667   3380.03333333   3375.20000000   3375.90833333   3370.66666667   3371.47500000   3367.65000000 
   3365.50000000   3362.99166667   3359.89166667   3356.70833333   3356.43333333   3354.01666667   3351.21666667   3347.64166667   3345.95833333   3343.83333333   3340.25833333   3338.97500000   3336.88333333   3333.87500000   3331.17500000   3329.18333333   3326.66666667   3322.83333333   3320.80833333   3319.19166667   3315.03333333   3312.90000000   3311.75833333   3308.57500000   3308.10833333 
   3303.85833333   3301.06666667   3297.00000000   3294.46666667   3289.60833333   3286.31666667   3285.40833333   3282.70833333   3277.65000000   3272.65000000   3272.75833333   3271.38333333   3266.50000000   3266.03333333   3262.46666667   3256.76666667   3254.66666667   3252.21666667   3248.64166667   3247.87500000   3245.19166667   3242.82500000   3239.02500000   3238.08333333   3235.05833333 
   3230.31666667   3224.72500000   3222.46666667   3219.20000000   3213.51666667   3212.75833333   3210.35833333   3207.60000000   3202.94166667   3200.13333333   3196.25000000   3190.05000000   3186.95833333   3184.80833333   3182.17500000   3179.46666667   3175.16666667   3172.35000000   3168.54166667   3166.22500000   3162.78333333   3159.91666667   3158.00000000   3153.03333333   3152.05000000 
   3150.36666667   3145.98333333   3140.82500000   3137.78333333   3135.34166667   3128.78333333   3127.46666667   3124.09166667   3121.07500000   3115.69166667   3114.36666667   3106.80000000   3106.25000000   3102.10000000   3098.77500000   3093.43333333   3091.85000000   3087.96666667   3086.18333333   3083.33333333   3079.26666667   3075.82500000   3074.19166667   3067.75833333   3063.67500000 
   3058.95833333   3057.65833333   3051.20833333   3047.39166667   3042.53333333   3038.70000000   3035.25000000   3028.41666667   3022.99166667   3020.48333333   3016.81666667   3012.44166667   3006.17500000   3002.24166667   2996.34166667   2991.24166667   2990.48333333   2986.62500000   2980.40833333   2975.86666667   2975.42500000   2969.30000000   2966.05833333   2963.76666667   2958.28333333 
   2957.19166667   2950.02500000   2945.89166667   2941.00833333   2934.70000000   2932.20000000   2923.91666667   2918.83333333   2914.88333333   2913.72500000   2906.56666667   2900.60000000   2896.56666667   2893.69166667   2887.60833333   2881.43333333   2881.72500000   2877.00833333   2873.95833333   2869.63333333   2866.94166667   2859.58333333   2854.43333333   2850.44166667   2847.40000000 
   2842.95000000   2835.74166667   2832.56666667   2827.30000000   2819.44166667   2817.00833333   2811.85833333   2806.96666667   2802.20833333   2795.70833333   2791.06666667   2786.39166667   2783.38333333   2778.77500000   2773.63333333   2768.62500000   2764.81666667   2760.88333333   2752.30833333   2750.04166667   2745.41666667   2741.29166667   2738.50000000   2733.89166667   2730.34166667 
   2723.99166667   2717.50000000   2714.87500000   2708.36666667   2704.14166667   2702.25000000   2695.77500000   2690.90833333   2686.62500000   2680.97500000   2675.80000000   2668.66666667   2663.49166667   2656.97500000   2653.75833333   2647.83333333   2644.46666667   2641.29166667   2635.70833333   2630.64166667   2623.38333333   2617.16666667   2612.64166667   2606.95833333   2601.42500000 
   2596.21666667   2590.11666667   2584.65000000   2580.87500000   2573.65833333   2567.24166667   2562.80833333   2556.92500000   2547.95000000   2546.85833333   2538.36666667   2533.54166667   2528.86666667   2523.44166667   2518.23333333   2512.70833333   2508.95833333   2501.35833333   2494.09166667   2492.01666667   2486.14166667   2480.41666667   2474.75833333   2468.86666667   2462.93333333 
   2458.32500000   2450.52500000   2445.44166667   2440.21666667   2433.66666667   2427.31666667   2420.24166667   2412.86666667   2408.51666667   2400.90000000   2393.82500000   2386.67500000   2379.95833333   2374.19166667   2365.57500000   2363.22500000   2355.02500000   2354.31666667   2346.78333333   2339.95000000   2330.21666667   2323.86666667   2319.81666667   2312.79166667   2308.20000000 
   2300.49166667   2291.22500000   2284.97500000   2279.81666667   2272.26666667   2269.31666667   2261.50833333   2256.46666667   2249.26666667   2243.79166667   2236.35000000   2229.87500000   2220.94166667   2215.85833333   2208.94166667   2202.30000000   2195.68333333   2188.61666667   2182.85000000   2177.15833333   2168.85833333   2161.26666667   2156.25000000   2149.00833333   2144.30000000 
   2138.28333333   2134.03333333   2127.08333333   2115.85833333   2108.54166667   2104.15000000   2096.50000000   2086.89166667   2078.75833333   2073.14166667   2063.92500000   2059.70833333   2052.01666667   2046.50000000   2039.62500000   2031.95000000   2025.60000000   2018.52500000   2012.86666667   2005.42500000   1998.78333333   1991.03333333   1983.17500000   1977.73333333   1970.76666667 
   1964.66666667   1956.05833333   1947.84166667   1941.81666667   1931.09166667   1925.32500000   1914.35000000   1907.77500000   1896.32500000   1890.62500000   1879.61666667   1872.44166667   1867.40833333   1861.07500000   1856.15833333   1845.95000000   1836.69166667   1831.36666667   1823.29166667   1817.29166667   1809.45000000   1804.66666667   1797.54166667   1789.98333333   1785.20833333 
   1779.61666667   1771.17500000   1762.48333333   1754.44166667   1742.17500000   1735.26666667   1728.58333333   1718.21666667   1710.14166667   1703.19166667   1699.14166667   1691.20833333   1682.35000000   1675.71666667   1667.00000000   1659.15000000   1651.11666667   1642.85833333   1632.90833333   1626.39166667   1618.92500000   1611.97500000   1604.50833333   1596.99166667   1589.30833333 
   1580.25000000   1572.48333333   1563.91666667   1556.97500000   1548.85000000   1540.97500000   1534.54166667   1525.75833333   1516.96666667   1511.25000000   1501.40833333   1492.32500000   1483.59166667   1477.22500000   1467.65000000   1459.17500000   1451.14166667   1442.82500000   1435.94166667   1428.82500000   1420.48333333   1416.02500000   1407.57500000   1399.79166667   1392.42500000 
   1384.42500000   1374.38333333   1366.74166667   1357.72500000   1350.48333333   1344.51666667   1334.50833333   1325.45833333   1316.64166667   1309.34166667   1301.32500000   1293.49166667   1284.65000000   1279.64166667   1273.50833333   1265.72500000   1255.85000000   1248.46666667   1241.94166667   1233.87500000   1225.74166667   1216.36666667   1208.48333333   1202.48333333   1194.45000000 
   1187.09166667   1177.04166667   1169.09166667   1162.85833333   1153.54166667   1146.88333333   1139.15000000   1129.15833333   1119.13333333   1113.57500000   1104.75833333   1096.68333333   1090.11666667   1079.95000000   1073.30000000   1067.32500000   1059.82500000   1052.36666667   1044.45000000   1038.10000000   1029.65000000   1023.30833333   1015.30833333   1007.95833333   1001.00833333 
    995.60000000    986.77500000    978.33333333    971.50833333    962.69166667    954.50833333    948.95000000    941.37500000    932.97500000    926.90833333    920.14166667    912.94166667    909.45833333    901.49166667    893.95000000    887.54166667    882.30833333    876.22500000    870.06666667    862.17500000    855.19166667    849.95833333    842.94166667    835.63333333    829.53333333 
    821.07500000    815.33333333    808.49166667    802.43333333    795.72500000    788.56666667    782.85000000    776.55000000    770.54166667    764.27500000    757.75833333    751.28333333    744.49166667    737.69166667    730.32500000    724.68333333    718.87500000    710.65000000    706.13333333    701.62500000    695.85833333    689.15833333    683.78333333    677.33333333    671.83333333 
    668.67500000    660.75000000    656.43333333    650.34166667    643.17500000    637.42500000    631.66666667    626.58333333    619.95833333    615.42500000    609.48333333    604.16666667    599.95833333    591.82500000    584.60833333    581.62500000    574.80833333    570.52500000    563.61666667    558.20833333    554.32500000    548.93333333    546.09166667    541.41666667    535.63333333 
    532.28333333    524.58333333    518.81666667    511.99166667    506.38333333    501.42500000    497.70000000    492.56666667    487.50000000    481.74166667    476.48333333    471.58333333    467.36666667    462.55000000    457.80833333    454.16666667    449.05000000    444.71666667    441.28333333    436.20000000    432.13333333    427.89166667    422.47500000    419.56666667    415.53333333 
    410.38333333    406.51666667    401.45833333    397.94166667    391.85833333    389.47500000    384.90833333    380.40000000    375.49166667    373.02500000    368.71666667    364.36666667    362.10833333    359.67500000    354.72500000    349.68333333    346.64166667    343.52500000    339.83333333    335.16666667    331.69166667    329.28333333    325.33333333    323.47500000    319.15000000 
    315.15000000    311.45833333    308.25000000    304.90000000    301.94166667    298.30000000    294.59166667    291.17500000    288.83333333    285.89166667    282.28333333    278.73333333    275.13333333    272.92500000    269.90833333    265.68333333    262.55833333    259.57500000    257.50833333    255.52500000    253.08333333    250.20000000    247.85833333    245.55833333    241.80000000 
    239.01666667    237.18333333    233.90000000    230.51666667    227.18333333    224.03333333    222.01666667    219.70000000    217.30000000    213.64166667    210.21666667    208.69166667    205.98333333    203.57500000    201.25000000    199.52500000    196.91666667    194.77500000    193.09166667    190.78333333    187.94166667    185.37500000    183.01666667    181.39166667    179.94166667 
    178.96666667    177.26666667    174.59166667    172.20833333    170.25000000    169.12500000    166.12500000    165.40000000    163.24166667    161.11666667    158.35833333    156.98333333    155.40833333    154.33333333    153.27500000    150.47500000    149.42500000    148.14166667    146.55000000    144.95833333    143.23333333    141.48333333    138.75833333    137.25833333    136.01666667 
    134.76666667    133.11666667    131.53333333    129.92500000    129.08333333    126.65000000    126.36666667    125.22500000    123.83333333    122.34166667    121.29166667    119.65833333    119.00000000    117.70833333    117.61666667    116.89166667    116.58333333    115.32500000    114.09166667    112.19166667    111.20833333    110.71666667    109.09166667    107.88333333    106.86666667 
    105.93333333    104.03333333    103.93333333    102.80000000    101.35000000     99.72500000     98.88333333     97.04166667     96.59166667     95.35833333     94.20833333     93.46666667     92.21666667     91.60833333     91.06666667     90.36666667     89.32500000     87.70000000     86.92500000     86.15000000     84.54166667     83.96666667     83.37500000     82.50833333     82.38333333 
     81.85833333     80.30000000     79.36666667     78.47500000     77.50000000     77.00833333     76.17500000     75.66666667     74.76666667     73.76666667     72.28333333     72.43333333     72.15000000     71.57500000     71.26666667     70.50833333     69.64166667     68.93333333     68.60000000     68.56666667     67.35833333     67.23333333     66.71666667     66.21666667     65.10000000 
     64.96666667     64.12500000     63.20000000     62.61666667     62.13333333     60.93333333     60.50833333     60.04166667     60.19166667     59.48333333     59.90833333     59.50833333     58.54166667     58.49166667     57.75833333     57.05833333     56.65833333     56.47500000     56.24166667     55.55833333     55.15000000     54.16666667     53.90833333     53.61666667     52.92500000 
     52.80833333     53.10833333     51.83333333     51.78333333     51.27500000     50.35000000     50.27500000     50.30000000     50.08333333     49.27500000     49.16666667     48.71666667     48.78333333     48.99166667     49.10833333     49.26666667     49.29166667     48.84166667     48.47500000     48.82500000     48.55833333     48.03333333     48.13333333     47.71666667     47.30833333 
     47.27500000     46.54166667     46.28333333     46.80000000     46.25000000     46.25833333     45.82500000     45.75000000     45.34166667     44.75000000     44.25833333     44.10833333     43.60000000     42.74166667     42.80833333     42.50833333     41.93333333     41.96666667     41.68333333     41.62500000     40.97500000     40.74166667     40.76666667     41.10833333     40.89166667 
     40.03333333     40.00833333     39.63333333     38.68333333     38.26666667     37.90833333     38.16666667     38.50833333     37.82500000     37.69166667     37.11666667     37.19166667     37.16666667     37.64166667     36.74166667     36.30000000     35.95000000     35.94166667     35.57500000     35.80000000     35.45000000     35.65000000     35.94166667     35.54166667     35.65000000 
     35.49166667     35.23333333     35.24166667     34.80833333     34.91666667     34.42500000     34.26666667     34.52500000     34.34166667     33.63333333     33.34166667     33.11666667     32.73333333     33.14166667     32.75833333     32.40000000     32.51666667     32.49166667     31.98333333     31.92500000     32.49166667     32.53333333     31.73333333     31.63333333     31.53333333 
     31.15000000     31.20833333     31.10000000     31.01666667     31.02500000     30.90833333     30.79166667     30.81666667     29.81666667     29.88333333     29.62500000     29.63333333     29.19166667     29.42500000     29.82500000     29.77500000     29.79166667     29.58333333     29.80000000     29.90000000     29.55833333     29.66666667     29.16666667     29.06666667     28.95000000 
     28.86666667     29.17500000     28.67500000     28.43333333     27.88333333     27.46666667     27.27500000     27.17500000     27.35000000     26.93333333     26.85000000     26.97500000     26.53333333     26.87500000     26.49166667     26.42500000     25.86666667     25.67500000     25.85000000     25.83333333     25.96666667     26.73333333     26.90833333     26.69166667     27.25000000 
     27.05000000     27.27500000     27.29166667     26.64166667     26.47500000     26.16666667     25.83333333     26.04166667     26.03333333     26.00000000     25.60000000     25.50000000     24.92500000     25.31666667     25.35000000     25.17500000     24.61666667     24.47500000     24.25000000     24.23333333     23.85833333     23.87500000     23.88333333     23.75000000     23.60000000 
     23.69166667     23.16666667     22.45000000     22.64166667     22.59166667     22.41666667     22.78333333     22.75000000     22.46666667     22.22500000     21.95000000     21.71666667     21.19166667     21.60833333     21.48333333     21.13333333     21.32500000     20.90833333     20.86666667     20.91666667     20.70833333     20.60000000     20.27500000     20.19166667     20.37500000 
     20.50000000     20.17500000     20.24166667     19.99166667     19.99166667     20.15833333     19.64166667     19.45000000     19.33333333     19.37500000     19.50000000     19.06666667     19.60833333     19.12500000     18.98333333     18.85833333     18.79166667     18.45000000     18.68333333     18.85000000     18.99166667     18.65000000     18.51666667     18.70833333     18.26666667 
     19.12500000     18.60833333     18.97500000     18.62500000     18.58333333     18.25833333     18.38333333     18.06666667     18.15833333     18.03333333     17.57500000     17.81666667     17.22500000     17.45000000     17.60000000     17.42500000     17.25833333     17.14166667     17.07500000     16.75000000     16.63333333     16.41666667     16.42500000     16.78333333     16.55833333 
     17.15000000     16.54166667     16.31666667     16.00833333     16.15833333     16.18333333     15.82500000     15.89166667     15.90000000     15.86666667     15.65833333     15.51666667     15.39166667     15.20000000     15.28333333     15.05833333     15.26666667     15.53333333     15.50833333     15.72500000     15.95000000     15.65833333     15.69166667     15.94166667     15.51666667 
     15.12500000     14.99166667     14.96666667     15.00833333     14.97500000     15.04166667     14.91666667     14.33333333     14.15833333     14.17500000     13.97500000     14.05000000     14.05000000     13.91666667     14.05000000     14.27500000     13.94166667     13.59166667     13.73333333     13.54166667     13.81666667     13.90000000     13.82500000     13.98333333     14.08333333 
     13.96666667     13.37500000     12.90833333     13.20000000     13.10833333     12.85833333     12.62500000     12.27500000     12.15833333     12.12500000     12.09166667     11.96666667     11.99166667     11.94166667     12.13333333     11.99166667     12.14166667     12.44166667     12.54166667     12.36666667     12.23333333     12.27500000     11.88333333     11.95833333     12.11666667 
     11.99166667     12.14166667     12.27500000     11.91666667     11.61666667     11.94166667     11.55833333     12.53333333     12.20833333     12.19166667     12.27500000     11.79166667     11.96666667     12.06666667     11.45000000     11.67500000     11.60833333     11.67500000     11.82500000     11.55833333     11.51666667     11.52500000     11.54166667     11.62500000     11.14166667 
     11.47500000     11.39166667     11.38333333     11.30833333     10.91666667     11.08333333     11.25000000     11.10000000     11.29166667     10.86666667     10.87500000     10.79166667     10.60833333     10.60833333     10.94166667     10.62500000     10.80833333     10.99166667     11.01666667     11.05833333     11.04166667     11.03333333     10.94166667     10.50833333     10.40000000 
     10.59166667     10.32500000     10.21666667     10.18333333      9.90833333      9.76666667      9.76666667      9.56666667      9.53333333      9.33333333      9.82500000      9.84166667      9.57500000      9.59166667      9.60000000      8.95833333      9.14166667      9.08333333      9.54166667      9.73333333      9.50833333      9.30000000      9.40000000      9.46666667      9.45833333 
      9.39166667      9.42500000      9.22500000      9.21666667      9.22500000      8.99166667      9.06666667      8.94166667      8.78333333      8.45833333      8.64166667      8.66666667      8.93333333      8.93333333      8.83333333      8.62500000      8.64166667      8.35000000      8.21666667      8.68333333      8.42500000      8.84166667      8.73333333      8.35000000      8.09166667 
