      0.00000000     47.15000000     47.77500000     47.44166667     47.22500000     47.50833333     47.54166667     48.33333333     47.75000000     47.76666667     46.90833333     47.87500000     48.70000000     47.37500000     47.68333333     47.97500000     46.90000000     48.40000000     47.20000000     48.04166667     47.05000000     46.96666667     47.34166667     46.98333333     47.40833333 
     47.87500000     48.31666667     48.40000000     47.48333333     48.25000000     48.60833333     48.70000000     47.90833333     49.20000000     48.24166667     47.77500000     48.26666667     48.60000000     48.66666667     48.21666667     47.72500000     48.11666667     48.15833333     47.72500000     48.99166667     48.53333333     49.62500000     48.10000000     48.15833333     48.62500000 
     48.95000000     49.34166667     49.20833333     49.26666667     49.07500000     48.92500000     48.70000000     50.00833333     49.21666667     48.80833333     48.55000000     50.66666667     49.54166667     48.40833333     50.07500000     49.86666667     49.19166667     48.26666667     49.49166667     49.13333333     50.35833333     48.69166667     49.46666667     49.02500000     48.77500000 
     49.58333333     50.99166667     50.35833333     49.40833333     49.50000000     50.60833333     49.33333333     50.24166667     49.25000000     49.00000000     49.87500000     50.05833333     49.65000000     49.03333333     50.28333333     49.51666667     50.25000000     49.48333333     50.04166667     49.84166667     50.33333333     50.89166667     49.73333333     49.20833333     49.90833333 
     50.46666667     50.90833333     49.99166667     50.54166667     51.45833333     50.25833333     51.80833333     50.52500000     51.99166667     51.00000000     50.98333333     50.91666667     50.35000000     50.28333333     51.74166667     49.84166667     50.90833333     50.75833333     51.20833333     50.64166667     49.76666667     50.60000000     50.54166667     50.99166667     50.90000000 
     51.84166667     52.26666667     50.84166667     49.55833333     51.48333333     51.19166667     51.25000000     51.70833333     51.81666667     52.43333333     51.20833333     51.17500000     50.23333333     50.44166667     51.41666667     51.04166667     51.28333333     50.93333333     50.57500000     51.97500000     51.89166667     52.07500000     52.19166667     51.32500000     52.64166667 
     51.44166667     52.09166667     51.98333333     51.70833333     51.76666667     53.49166667     50.83333333     51.57500000     51.76666667     51.66666667     52.74166667     51.45833333     52.75833333     51.68333333     51.78333333     52.50000000     50.94166667     53.59166667     52.20833333     52.63333333     52.44166667     52.50000000     51.78333333     51.57500000     51.65833333 
     51.26666667     52.35833333     53.35000000     52.64166667     53.82500000     53.61666667     53.09166667     53.95000000     53.02500000     52.25833333     53.48333333     51.70833333     53.08333333     53.86666667     52.63333333     52.65833333     53.05833333     52.68333333     53.63333333     51.42500000     52.20000000     52.58333333     52.81666667     52.27500000     52.56666667 
     53.47500000     53.68333333     53.29166667     53.80000000     53.17500000     54.47500000     53.83333333     53.75000000     54.22500000     51.79166667     54.30000000     54.00000000     53.47500000     54.08333333     53.25000000     54.32500000     53.20000000     52.70000000     53.88333333     54.16666667     53.91666667     53.01666667     53.33333333     52.88333333     54.33333333 
     54.80833333     54.12500000     54.38333333     55.79166667     55.12500000     54.86666667     55.26666667     54.45000000     54.90833333     53.95000000     54.13333333     54.46666667     55.15000000     54.77500000     54.41666667     54.85833333     54.00000000     54.53333333     54.29166667     54.46666667     53.42500000     53.11666667     55.15833333     54.93333333     55.46666667 
     54.22500000     56.49166667     55.81666667     54.94166667     55.30000000     55.15833333     56.69166667     54.98333333     55.30833333     55.25000000     55.65833333     55.28333333     54.80833333     54.99166667     54.72500000     55.43333333     55.21666667     54.97500000     55.41666667     55.20000000     56.01666667     54.31666667     55.59166667     55.55833333     55.59166667 
     55.92500000     55.69166667     57.27500000     55.96666667     56.55833333     56.01666667     55.23333333     56.05000000     56.10833333     56.91666667     55.21666667     57.23333333     56.18333333     56.40000000     57.15833333     56.82500000     56.06666667     57.54166667     55.95833333     56.42500000     55.51666667     56.26666667     56.18333333     55.44166667     56.01666667 
     55.64166667     57.27500000     57.10000000     56.28333333     56.74166667     57.62500000     57.09166667     56.58333333     57.15833333     56.86666667     56.35000000     57.80833333     57.25833333     55.86666667     57.10000000     56.00833333     56.60000000     55.95833333     56.06666667     57.14166667     56.56666667     56.83333333     56.01666667     57.22500000     56.73333333 
     56.57500000     57.45000000     57.76666667     58.13333333     58.35000000     57.28333333     57.73333333     57.45833333     56.28333333     56.95833333     58.71666667     57.65833333     58.19166667     58.08333333     57.30833333     57.76666667     57.28333333     57.79166667     57.59166667     57.81666667     57.20833333     57.34166667     56.95000000     58.29166667     57.77500000 
     58.16666667     59.62500000     58.40833333     58.80000000     59.55000000     57.88333333     58.65833333     57.85000000     58.80000000     59.28333333     57.62500000     57.35000000     59.59166667     59.45833333     56.66666667     59.06666667     58.78333333     58.85000000     58.35833333     59.30000000     58.66666667     58.73333333     58.55000000     59.23333333     57.67500000 
     58.22500000     59.65833333     60.49166667     59.01666667     59.58333333     60.05000000     58.81666667     59.55833333     60.70833333     58.76666667     59.15833333     59.65000000     57.64166667     60.91666667     59.62500000     59.70833333     59.24166667     58.96666667     61.03333333     58.69166667     60.50833333     59.68333333     59.31666667     60.35000000     58.52500000 
     60.74166667     60.14166667     60.77500000     60.23333333     60.12500000     60.16666667     59.68333333     60.60833333     60.91666667     60.20833333     60.95833333     60.40833333     60.34166667     60.40833333     59.54166667     60.29166667     59.40833333     59.75833333     60.20833333     60.00000000     59.58333333     59.47500000     60.36666667     61.10000000     61.39166667 
     60.73333333     60.97500000     61.61666667     61.72500000     62.19166667     60.80000000     61.16666667     61.62500000     61.40833333     61.61666667     62.45833333     61.25833333     60.16666667     60.62500000     60.26666667     60.60000000     62.04166667     62.40000000     60.82500000     61.11666667     62.05833333     61.01666667     60.61666667     60.22500000     61.40000000 
     60.24166667     61.02500000     62.80833333     62.02500000     63.15000000     61.83333333     61.65833333     62.05000000     62.37500000     61.91666667     62.05000000     62.45833333     61.83333333     62.03333333     61.84166667     62.56666667     61.65833333     62.21666667     60.69166667     62.14166667     60.26666667     62.00000000     62.07500000     61.43333333     61.95833333 
     62.49166667     62.80000000     63.98333333     62.04166667     62.55000000     64.05833333     63.17500000     62.66666667     61.78333333     61.50000000     62.49166667     63.35000000     63.90833333     63.74166667     62.26666667     63.51666667     62.40833333     62.53333333     62.97500000     62.73333333     63.31666667     62.72500000     61.30000000     63.47500000     63.05833333 
     62.65833333     63.47500000     62.61666667     63.89166667     63.55000000     62.39166667     64.83333333     63.87500000     63.09166667     64.40833333     64.65000000     64.00000000     63.96666667     63.11666667     63.57500000     63.42500000     64.77500000     63.38333333     64.71666667     64.00000000     65.41666667     63.74166667     62.90833333     64.81666667     62.78333333 
     63.51666667     65.44166667     64.80833333     64.46666667     64.45833333     64.97500000     63.75000000     64.85000000     64.50000000     63.60833333     63.20833333     64.92500000     64.20000000     65.13333333     64.67500000     65.45833333     63.68333333     65.50833333     65.48333333     64.92500000     63.81666667     63.32500000     64.46666667     64.42500000     64.22500000 
     63.40000000     66.73333333     63.97500000     65.10833333     65.39166667     65.78333333     65.28333333     65.55000000     65.10000000     66.18333333     66.61666667     66.53333333     65.51666667     65.07500000     64.85000000     65.19166667     66.15833333     66.19166667     65.37500000     65.50833333     65.42500000     64.64166667     65.15000000     64.89166667     66.28333333 
     65.31666667     66.32500000     66.27500000     66.52500000     67.15833333     64.46666667     66.94166667     67.02500000     66.45000000     66.32500000     64.05833333     65.97500000     67.72500000     67.72500000     65.35000000     65.90833333     65.70000000     67.33333333     66.46666667     65.35000000     67.00833333     65.29166667     66.20833333     64.70833333     66.00833333 
     66.50000000     66.64166667     66.06666667     66.10833333     67.52500000     67.74166667     67.88333333     67.54166667     68.69166667     66.73333333     68.12500000     66.68333333     67.35000000     67.90000000     67.96666667     66.47500000     66.78333333     67.04166667     66.53333333     66.19166667     66.17500000     66.49166667     67.59166667     67.21666667     66.78333333 
     66.14166667     68.98333333     68.09166667     67.95000000     68.33333333     68.17500000     68.50000000     66.96666667     67.68333333     67.70833333     67.85000000     67.65000000     67.95000000     66.72500000     68.10833333     67.93333333     67.95833333     67.64166667     68.27500000     67.16666667     66.30833333     68.26666667     67.45833333     67.62500000     67.75833333 
     68.18333333     69.40833333     69.35833333     68.55833333     67.75833333     68.22500000     70.57500000     66.60000000     69.67500000     68.92500000     66.38333333     67.29166667     67.98333333     68.20833333     68.64166667     68.80833333     68.82500000     67.97500000     67.25833333     68.70833333     68.13333333     67.79166667     67.13333333     68.41666667     68.19166667 
     66.98333333     70.20000000     68.47500000     69.55833333     70.00000000     68.70000000     69.23333333     68.83333333     69.58333333     67.01666667     68.69166667     67.93333333     69.34166667     68.29166667     68.90000000     67.51666667     68.94166667     68.79166667     67.79166667     67.64166667     68.40000000     69.25833333     68.49166667     69.00833333     70.20833333 
     68.10833333     69.46666667     69.44166667     69.33333333     69.90000000     70.50833333     69.79166667     70.14166667     70.20000000     70.63333333     70.29166667     70.46666667     69.85000000     68.15000000     70.25833333     71.48333333     70.46666667     70.00833333     69.08333333     69.49166667     69.54166667     69.70000000     70.60833333     69.83333333     69.17500000 
     69.76666667     70.40833333     70.64166667     71.10833333     71.77500000     70.00833333     71.44166667     72.31666667     70.46666667     69.53333333     70.61666667     70.21666667     70.81666667     70.42500000     69.10000000     68.88333333     71.20833333     71.34166667     69.75000000     69.77500000     71.02500000     70.05000000     70.03333333     69.55000000     69.77500000 
     70.14166667     70.84166667     70.62500000     71.23333333     71.30000000     70.58333333     71.52500000     71.61666667     70.45000000     71.45000000     70.05833333     71.79166667     70.51666667     70.83333333     71.01666667     70.47500000     71.35000000     70.58333333     70.34166667     70.27500000     70.19166667     70.65000000     69.74166667     69.28333333     70.16666667 
     70.10833333     70.53333333     71.28333333     72.20000000     71.50000000     71.90000000     73.02500000     71.29166667     71.54166667     71.39166667     72.97500000     71.45000000     72.63333333     71.07500000     70.76666667     70.37500000     70.56666667     71.10000000     72.02500000     71.12500000     69.60000000     72.54166667     70.76666667     70.79166667     70.16666667 
     70.47500000     71.40000000     71.96666667     71.42500000     72.65833333     72.21666667     72.40833333     71.78333333     72.28333333     72.23333333     71.95833333     72.07500000     71.73333333     71.57500000     72.62500000     70.45833333     71.80000000     71.32500000     71.26666667     72.08333333     70.55833333     72.93333333     71.08333333     71.40833333     71.36666667 
     71.15000000     72.00833333     71.25000000     72.87500000     74.02500000     71.63333333     73.10833333     73.27500000     72.11666667     71.90833333     72.08333333     70.63333333     69.65000000     72.43333333     71.27500000     72.25833333     71.77500000     72.08333333     73.32500000     72.00833333     70.84166667     71.38333333     71.64166667     70.40000000     71.27500000 
     71.60000000     72.10833333     72.64166667     73.60000000     72.98333333     72.22500000     72.41666667     71.85833333     72.44166667     71.89166667     71.48333333     71.97500000     72.05833333     71.35833333     73.65000000     72.05833333     71.85833333     71.87500000     71.25833333     70.60833333     72.25833333     72.00833333     70.55833333     71.96666667     72.83333333 
     70.94166667     71.91666667     72.49166667     73.29166667     72.70000000     72.06666667     71.77500000     72.99166667     70.94166667     72.00833333     72.25833333     73.30833333     72.67500000     72.08333333     71.05833333     71.83333333     70.70833333     70.47500000     71.51666667     70.59166667     72.18333333     70.90833333     70.37500000     70.68333333     70.97500000 
     70.90000000     72.95833333     71.34166667     71.73333333     73.93333333     71.06666667     73.43333333     72.13333333     70.93333333     72.40000000     71.15000000     72.00833333     71.80000000     72.69166667     72.45000000     71.29166667     71.96666667     70.59166667     71.40833333     72.60000000     72.31666667     72.04166667     71.85000000     69.83333333     69.16666667 
     71.70000000     72.07500000     71.75000000     71.32500000     71.80000000     70.39166667     70.92500000     72.76666667     72.13333333     71.28333333     71.76666667     71.35000000     70.85833333     70.72500000     72.31666667     70.34166667     71.49166667     70.01666667     71.10000000     71.75000000     70.99166667     70.50833333     69.94166667     69.83333333     69.65833333 
     71.31666667     71.34166667     70.00000000     72.35000000     69.84166667     70.46666667     71.02500000     71.68333333     71.14166667     71.55833333     70.25833333     70.59166667     70.33333333     70.45000000     69.63333333     71.56666667     70.06666667     69.70000000     71.40833333     70.72500000     71.72500000     69.81666667     69.92500000     70.52500000     70.77500000 
     69.97500000     72.35833333     70.80000000     72.61666667     69.83333333     71.18333333     69.94166667     70.00000000     71.84166667     70.90000000     70.86666667     69.40833333     69.64166667     69.32500000     70.02500000     68.35000000     68.59166667     69.03333333     69.61666667     70.15833333     68.98333333     69.13333333     69.08333333     69.45833333     68.26666667 
     69.06666667     69.64166667     69.77500000     70.72500000     69.71666667     69.87500000     68.78333333     70.08333333     68.90833333     68.13333333     67.60833333     69.68333333     69.42500000     68.20000000     68.40833333     69.35000000     68.16666667     69.53333333     68.24166667     69.04166667     68.20833333     67.29166667     68.25833333     67.33333333     67.50833333 
     67.79166667     69.09166667     69.82500000     69.32500000     68.22500000     68.04166667     68.64166667     68.75000000     67.00833333     68.85833333     68.26666667     67.16666667     66.05000000     69.00000000     67.29166667     65.33333333     66.13333333     66.57500000     67.82500000     66.74166667     66.87500000     66.35833333     67.53333333     66.20833333     66.62500000 
     67.36666667     68.03333333     67.05000000     66.44166667     68.28333333     66.67500000     66.52500000     65.83333333     66.64166667     66.30833333     66.13333333     66.00000000     65.99166667     67.88333333     67.14166667     67.85000000     67.10000000     66.89166667     64.60833333     65.13333333     65.30000000     65.32500000     64.94166667     64.52500000     64.70000000 
     64.96666667     65.01666667     65.96666667     66.30000000     65.42500000     66.55833333     66.40000000     64.82500000     65.57500000     65.45833333     63.95000000     64.94166667     64.26666667     65.46666667     64.60000000     64.90000000     64.93333333     63.20000000     64.22500000     64.55833333     62.66666667     62.77500000     64.89166667     63.45833333     64.29166667 
     62.90000000     63.67500000     65.44166667     64.32500000     63.14166667     63.85833333     63.74166667     63.27500000     64.16666667     63.47500000     62.15833333     61.60000000     64.07500000     61.71666667     63.19166667     62.25833333     60.98333333     61.72500000     63.65833333     62.68333333     61.94166667     61.34166667     61.14166667     61.92500000     61.12500000 
     62.10000000     62.25000000     61.05833333     61.55000000     61.55000000     61.25000000     61.56666667     62.05000000     60.49166667     61.93333333     62.25833333     60.43333333     61.29166667     60.53333333     61.05000000     60.36666667     60.87500000     59.64166667     61.15833333     59.08333333     59.59166667     59.22500000     59.52500000     60.65833333     60.03333333 
     58.31666667     59.82500000     60.51666667     60.15000000     59.16666667     59.61666667     58.47500000     60.05000000     60.48333333     58.27500000     58.65833333     58.08333333     58.07500000     58.17500000     57.55000000     57.52500000     58.55000000     58.62500000     58.33333333     58.02500000     58.37500000     57.17500000     58.33333333     56.50000000     56.18333333 
     57.30000000     56.37500000     57.23333333     56.73333333     57.47500000     56.45833333     57.34166667     57.82500000     58.30833333     56.31666667     57.65000000     56.19166667     56.06666667     55.22500000     55.94166667     55.33333333     55.61666667     54.71666667     54.64166667     55.54166667     54.30833333     54.95833333     54.31666667     54.10000000     53.50833333 
     54.08333333     54.96666667     54.18333333     54.97500000     52.98333333     54.06666667     54.58333333     54.10833333     54.89166667     54.52500000     53.16666667     54.08333333     53.19166667     53.09166667     53.10000000     53.35833333     53.05000000     52.99166667     53.90833333     53.97500000     51.60833333     52.87500000     52.03333333     51.30833333     52.68333333 
     52.35000000     52.51666667     52.42500000     52.25833333     52.13333333     51.90000000     51.94166667     51.20000000     51.83333333     51.54166667     51.94166667     51.05833333     50.70000000     49.47500000     51.80000000     51.65000000     49.25833333     50.27500000     49.81666667     49.45000000     49.45000000     49.70000000     49.54166667     49.16666667     50.44166667 
     48.82500000     49.15000000     50.75833333     50.15833333     49.32500000     49.60000000     47.95833333     49.18333333     46.95000000     48.70833333     48.31666667     47.30833333     47.55000000     46.47500000     47.64166667     47.56666667     48.14166667     47.48333333     46.59166667     46.72500000     46.26666667     45.24166667     46.82500000     46.29166667     46.30833333 
     45.55833333     45.63333333     46.90000000     46.35833333     47.46666667     45.39166667     46.40833333     44.88333333     45.05833333     45.61666667     44.43333333     44.58333333     44.85833333     44.77500000     45.12500000     42.94166667     44.82500000     44.59166667     44.45833333     42.90000000     42.79166667     43.95833333     42.55833333     42.80000000     42.03333333 
     43.40000000     44.12500000     44.18333333     43.12500000     42.20833333     43.79166667     42.70833333     42.71666667     42.07500000     41.27500000     42.37500000     41.96666667     42.32500000     40.25000000     41.34166667     40.40000000     40.61666667     39.75000000     40.30833333     39.55833333     40.52500000     40.77500000     41.12500000     41.15000000     40.61666667 
     39.91666667     40.02500000     40.25000000     40.50833333     39.76666667     38.76666667     39.95000000     40.00000000     39.35833333     39.42500000     38.78333333     38.51666667     38.85000000     38.45833333     37.60000000     38.10833333     38.05000000     37.80000000     36.81666667     37.87500000     37.45000000     36.77500000     37.08333333     36.81666667     37.64166667 
     36.30833333     37.95000000     37.65000000     37.58333333     36.45000000     36.39166667     36.27500000     36.47500000     36.53333333     36.11666667     35.51666667     35.94166667     35.56666667     36.70000000     34.65000000     34.50833333     35.95000000     35.29166667     34.36666667     34.62500000     34.45833333     32.92500000     33.48333333     33.84166667     33.63333333 
     33.06666667     34.29166667     34.50833333     33.19166667     34.28333333     33.88333333     33.90833333     33.05000000     32.83333333     32.68333333     33.19166667     32.88333333     32.45000000     31.30000000     31.25833333     31.24166667     31.60000000     32.37500000     31.98333333     32.07500000     31.60000000     31.77500000     31.14166667     31.13333333     30.65000000 
     29.85000000     31.66666667     31.29166667     30.55000000     30.55000000     30.75833333     30.13333333     30.66666667     30.15000000     29.82500000     29.09166667     30.45833333     29.53333333     29.17500000     29.79166667     28.78333333     28.92500000     28.17500000     29.06666667     29.42500000     28.51666667     28.94166667     28.01666667     28.48333333     28.71666667 
     28.54166667     29.20833333     28.62500000     28.37500000     28.54166667     27.56666667     28.05000000     27.00833333     27.77500000     27.57500000     26.09166667     26.57500000     26.55000000     26.70833333     26.08333333     27.50833333     26.44166667     25.16666667     25.30000000     26.31666667     26.43333333     26.22500000     25.69166667     25.01666667     24.95833333 
     25.53333333     24.90833333     25.07500000     25.41666667     26.07500000     25.60000000     25.49166667     24.62500000     25.02500000     25.00000000     24.10000000     24.84166667     24.28333333     23.86666667     24.06666667     24.44166667     24.14166667     23.25000000     23.67500000     22.65000000     23.35000000     23.04166667     23.41666667     22.90833333     22.73333333 
     23.13333333     23.90000000     23.41666667     22.72500000     23.17500000     22.13333333     22.35833333     22.00000000     22.30000000     21.24166667     20.88333333     21.69166667     21.95833333     21.65000000     21.20833333     21.35000000     21.21666667     21.30000000     21.63333333     20.55000000     20.89166667     20.62500000     20.68333333     19.97500000     20.29166667 
     20.00000000     20.31666667     20.44166667     20.09166667     19.98333333     20.38333333     20.50000000     20.37500000     20.08333333     19.24166667     20.32500000     18.97500000     18.93333333     19.15000000     19.18333333     19.49166667     19.88333333     18.82500000     19.14166667     18.75833333     17.93333333     18.35833333     18.62500000     18.35000000     17.59166667 
     17.67500000     17.90833333     18.19166667     17.75000000     17.85833333     18.33333333     18.45833333     17.64166667     18.78333333     17.56666667     17.44166667     17.45000000     17.57500000     17.16666667     16.87500000     16.53333333     17.17500000     16.83333333     16.33333333     16.38333333     16.52500000     16.11666667     16.60000000     16.20833333     15.68333333 
     15.24166667     16.17500000     16.26666667     15.90833333     15.29166667     15.45000000     15.53333333     14.95000000     15.59166667     16.51666667     15.77500000     14.49166667     14.81666667     15.08333333     15.34166667     15.27500000     14.81666667     14.75833333     14.75000000     14.51666667     13.80833333     14.59166667     14.42500000     14.31666667     14.21666667 
     13.75000000     14.10000000     14.25833333     14.25000000     13.95000000     13.99166667     14.17500000     14.21666667     13.51666667     13.05833333     14.13333333     13.21666667     13.40833333     13.29166667     13.40833333     13.18333333     12.90833333     13.40833333     12.53333333     12.66666667     12.60000000     12.85000000     12.83333333     13.07500000     13.35000000 
     12.81666667     12.66666667     12.18333333     12.20833333     11.90000000     11.78333333     12.35000000     12.12500000     12.09166667     12.40833333     11.61666667     11.79166667     11.70000000     11.77500000     11.39166667     11.53333333     11.75833333     11.27500000     11.74166667     11.13333333     11.76666667     11.01666667     11.14166667     11.02500000     10.95833333 
     10.90000000     11.40000000     11.13333333     10.35833333     10.35833333     10.78333333     10.42500000     10.36666667     10.13333333     10.32500000     10.31666667      9.93333333     10.15833333     10.40833333      9.95000000     10.10833333      9.66666667      9.91666667     10.17500000      9.62500000      9.64166667      9.50833333      9.45000000      9.78333333      9.65833333 
      9.20000000      9.55833333      9.41666667      9.60000000      9.10000000      9.27500000      8.93333333      8.66666667      8.82500000      8.82500000      9.00833333      9.14166667      9.35833333      8.88333333      8.98333333      8.85833333      9.10000000      8.65833333      8.80000000      9.10833333      9.12500000      8.63333333      8.32500000      9.15000000      8.32500000 
      7.87500000      8.26666667      8.09166667      8.56666667      8.19166667      7.86666667      8.40000000      7.95833333      8.02500000      7.80000000      7.75000000      7.54166667      7.68333333      8.14166667      7.64166667      7.40833333      7.59166667      7.90833333      7.47500000      7.04166667      6.90833333      6.99166667      7.40833333      7.54166667      7.44166667 
      7.50000000      7.20833333      7.27500000      7.15000000      6.95833333      6.74166667      6.50000000      6.63333333      7.11666667      6.62500000      6.34166667      6.41666667      6.47500000      6.79166667      6.72500000      6.75000000      6.53333333      6.53333333      6.55000000      6.42500000      6.44166667      6.26666667      6.38333333      6.17500000      6.43333333 
      6.29166667      6.30000000      6.00000000      6.20833333      6.16666667      6.38333333      6.04166667      6.36666667      6.20833333      5.89166667      5.92500000      5.88333333      5.56666667      5.90833333      6.10000000      5.92500000      5.85833333      6.05000000      5.55000000      5.67500000      5.61666667      5.31666667      5.34166667      6.00833333      5.24166667 
      5.48333333      5.45833333      5.61666667      5.59166667      5.52500000      5.27500000      5.26666667      5.28333333      5.38333333      5.76666667      5.51666667      5.05833333      5.08333333      5.06666667      4.79166667      4.90000000      5.20833333      5.15833333      5.07500000      4.91666667      4.87500000      4.30833333      5.00833333      4.48333333      4.50833333 
      4.72500000      4.62500000      4.87500000      4.58333333      4.67500000      4.28333333      4.40000000      4.72500000      4.64166667      4.67500000      4.92500000      4.77500000      4.65000000      4.87500000      5.00000000      4.79166667      4.15000000      4.39166667      4.40833333      4.11666667      4.05833333      3.92500000      4.14166667      4.30833333      4.28333333 
      4.26666667      4.16666667      4.26666667      3.89166667      4.34166667      3.93333333      4.08333333      3.83333333      3.89166667      4.07500000      3.73333333      3.76666667      3.80833333      3.62500000      3.83333333      3.73333333      3.78333333      3.80000000      4.00000000      3.80000000      3.57500000      3.54166667      3.56666667      3.85000000      3.81666667 
      3.60833333      3.50000000      3.30000000      3.76666667      3.38333333      3.50833333      3.47500000      3.65000000      3.50000000      3.65000000      3.16666667      3.37500000      3.42500000      3.18333333      3.01666667      3.33333333      3.23333333      3.16666667      3.11666667      2.80000000      3.00833333      3.37500000      3.39166667      2.98333333      3.30833333 
      3.25000000      3.00833333      2.75833333      2.83333333      3.06666667      3.15833333      3.06666667      3.15833333      3.15833333      2.89166667      3.15833333      2.82500000      2.90833333      3.08333333      3.25000000      2.90000000      2.94166667      2.89166667      3.10833333      2.75000000      2.71666667      2.85833333      2.80833333      3.00000000      2.91666667 
      2.60000000      2.90833333      2.75833333      2.85833333      2.81666667      2.90000000      2.94166667      2.76666667      2.93333333      2.64166667      2.53333333      2.66666667      2.63333333      2.53333333      2.59166667      2.39166667      2.47500000      2.56666667      2.45000000      2.46666667      2.59166667      2.40833333      2.63333333      2.54166667      2.62500000 
      2.37500000      2.31666667      2.46666667      2.33333333      2.34166667      2.21666667      2.25000000      2.15000000      2.25833333      2.44166667      2.20000000      2.40000000      2.22500000      2.40000000      2.00000000      2.54166667      2.42500000      2.11666667      2.14166667      2.24166667      1.88333333      2.08333333      2.51666667      2.47500000      2.61666667 
      2.33333333      2.13333333      2.05000000      2.14166667      2.20833333      2.29166667      1.91666667      2.35000000      2.26666667      2.00833333      1.91666667      2.22500000      2.25833333      2.18333333      2.10833333      2.23333333      2.15833333      1.99166667      1.95833333      2.22500000      1.97500000      2.07500000      1.92500000      2.10000000      2.05833333 
      1.90833333      2.05833333      1.73333333      1.91666667      1.89166667      1.79166667      1.83333333      1.80000000      1.77500000      1.85833333      1.85833333      1.69166667      1.78333333      1.66666667      1.90833333      1.88333333      1.79166667      1.93333333      1.76666667      1.83333333      1.61666667      1.60833333      1.69166667      1.76666667      1.80833333 
      1.60833333      1.80000000      1.79166667      1.60833333      1.60000000      1.73333333      1.65000000      1.80000000      1.73333333      1.70000000      1.71666667      1.64166667      1.70833333      1.73333333      1.64166667      1.74166667      1.99166667      1.72500000      1.59166667      1.59166667      1.67500000      1.59166667      1.52500000      1.81666667      1.66666667 
      1.64166667      1.67500000      1.55000000      1.38333333      1.47500000      1.58333333      1.74166667      1.55000000      1.54166667      1.54166667      1.38333333      1.56666667      1.41666667      1.56666667      1.42500000      1.49166667      1.45833333      1.60833333      1.65000000      1.49166667      1.62500000      1.50000000      1.40000000      1.32500000      1.53333333 
      1.35833333      1.61666667      1.48333333      1.65833333      1.49166667      1.71666667      1.55000000      1.47500000      1.42500000      1.37500000      1.25833333      1.45000000      1.49166667      1.30000000      1.37500000      1.30833333      1.39166667      1.36666667      1.46666667      1.33333333      1.36666667      1.44166667      1.38333333      1.15000000      1.26666667 
      1.26666667      1.32500000      1.41666667      1.39166667      1.33333333      1.42500000      1.52500000      1.58333333      1.40833333      1.31666667      1.45000000      1.56666667      1.59166667      1.52500000      1.38333333      1.38333333      1.38333333      1.31666667      1.21666667      1.38333333      1.22500000      1.21666667      1.40833333      1.32500000      1.26666667 
      1.40833333      1.58333333      1.50000000      1.24166667      1.54166667      1.36666667      1.33333333      1.34166667      1.36666667      1.38333333      1.46666667      1.39166667      1.19166667      1.19166667      1.45833333      1.44166667      1.35833333      1.32500000      1.38333333      1.30000000      1.34166667      1.30833333      1.30000000      1.29166667      1.26666667 
      1.23333333      1.40833333      1.32500000      1.30833333      1.42500000      1.35833333      1.39166667      1.35000000      1.28333333      1.42500000      1.31666667      1.32500000      1.17500000      1.29166667      1.21666667      1.40833333      1.34166667      1.45833333      1.41666667      1.45000000      1.25000000      1.23333333      1.30000000      1.40000000      1.28333333 
      1.41666667      1.50833333      1.46666667      1.25833333      1.57500000      1.32500000      1.40833333      1.30000000      1.33333333      1.44166667      1.41666667      1.51666667      1.42500000      1.25833333      1.30000000      1.62500000      1.21666667      1.45833333      1.39166667      1.29166667      1.42500000      1.31666667      1.33333333      1.36666667      1.55833333 
      1.25833333      1.51666667      1.53333333      1.33333333      1.16666667      1.25833333      1.20833333      1.27500000      1.32500000      1.28333333      1.35000000      1.45000000      1.25000000      1.40833333      1.38333333      1.41666667      1.50000000      1.47500000      1.44166667      1.57500000      1.35833333      1.33333333      1.37500000      1.20833333      1.21666667 
      1.40833333      1.66666667      1.30833333      1.39166667      1.29166667      1.47500000      1.43333333      1.33333333      1.53333333      1.65000000      1.25833333      1.40000000      1.34166667      1.48333333      1.36666667      1.45833333      1.64166667      1.45833333      1.46666667      1.46666667      1.40000000      1.47500000      1.47500000      1.45000000      1.52500000 
      1.44166667      1.45000000      1.49166667      1.52500000      1.39166667      1.40000000      1.46666667      1.30000000      1.55000000      1.38333333      1.48333333      1.42500000      1.56666667      1.54166667      1.58333333      1.64166667      1.50833333      1.55833333      1.45000000      1.65000000      1.65833333      1.71666667      1.60833333      1.51666667      1.45833333 
      1.54166667      1.60833333      1.61666667      1.60000000      1.41666667      1.50833333      1.35000000      1.52500000      1.44166667      1.56666667      1.81666667      1.55833333      1.56666667      1.54166667      1.42500000      1.38333333      1.51666667      1.56666667      1.53333333      1.36666667      1.45000000      1.54166667      1.70000000      1.56666667      1.72500000 
      1.47500000      1.81666667      1.51666667      1.59166667      1.70833333      1.70833333      1.45833333      1.76666667      1.55833333      1.73333333      1.52500000      1.65000000      1.53333333      1.66666667      1.75000000      1.97500000      1.69166667      1.75000000      1.63333333      1.81666667      1.64166667      1.70833333      1.93333333      1.56666667      1.59166667 
      1.72500000      1.70833333      1.89166667      1.73333333      1.73333333      1.61666667      1.63333333      1.72500000      1.72500000      1.63333333      1.79166667      1.53333333      1.64166667      1.68333333      1.60833333      1.62500000      1.78333333      1.75833333      1.64166667      1.69166667      1.80000000      1.75833333      1.75000000      1.88333333      1.78333333 
      1.82500000      1.75833333      1.82500000      1.94166667      1.80000000      1.60000000      1.92500000      1.74166667      1.74166667      2.05000000      1.90000000      1.91666667      1.92500000      1.76666667      2.05833333      1.92500000      1.94166667      1.69166667      1.80000000      1.88333333      1.90000000      1.74166667      1.78333333      1.99166667      1.77500000 
      1.90000000      1.99166667      1.85000000      1.96666667      1.87500000      1.87500000      1.67500000      1.82500000      1.93333333      2.02500000      1.97500000      1.61666667      2.05000000      2.00833333      1.85000000      1.85000000      1.94166667      1.89166667      1.90000000      2.00000000      1.91666667      1.80000000      1.74166667      1.92500000      2.06666667 
      1.92500000      2.02500000      2.07500000      2.15000000      1.86666667      2.13333333      2.00833333      1.90833333      1.94166667      2.00000000      2.11666667      2.09166667      2.14166667      1.98333333      2.09166667      2.15833333      2.14166667      2.15833333      2.06666667      2.15000000      2.24166667      2.22500000      1.99166667      2.40833333      2.09166667 
      2.26666667      2.09166667      2.37500000      2.22500000      1.94166667      2.13333333      2.02500000      1.95000000      2.09166667      2.08333333      2.14166667      2.01666667      2.24166667      2.57500000      2.35833333      2.11666667      2.57500000      2.31666667      2.30833333      2.43333333      2.43333333      2.18333333      2.26666667      2.13333333      2.32500000 
      2.38333333      2.48333333      2.31666667      2.28333333      2.29166667      2.27500000      2.45000000      2.22500000      2.33333333      2.27500000      2.21666667      2.55833333      2.45000000      2.26666667      2.39166667      2.42500000      2.54166667      2.41666667      2.54166667      2.48333333      2.38333333      2.47500000      2.04166667      2.45833333      2.45000000 
      2.53333333      2.58333333      2.50833333      2.15833333      2.48333333      2.36666667      2.57500000      2.64166667      2.35833333      2.26666667      2.62500000      2.31666667      2.59166667      2.41666667      2.66666667      2.20000000      2.35000000      2.30833333      2.48333333      2.44166667      2.41666667      2.41666667      2.41666667      2.52500000      2.81666667 
      2.60000000      2.53333333      2.61666667      2.70833333      2.51666667      2.30000000      2.54166667      2.68333333      2.30000000      2.64166667      2.72500000      2.70000000      2.74166667      2.74166667      2.83333333      2.83333333      2.84166667      2.75000000      3.35000000      2.98333333      2.62500000      2.64166667      2.65000000      2.75000000      2.65833333 
      2.76666667      2.79166667      2.64166667      2.90000000      2.85833333      2.96666667      2.83333333      2.67500000      2.60833333      2.95833333      2.68333333      2.95000000      2.83333333      2.85000000      2.79166667      3.05833333      3.09166667      2.92500000      2.75833333      2.78333333      3.07500000      3.26666667      3.29166667      2.79166667      3.11666667 
      2.99166667      3.14166667      2.99166667      3.00000000      2.90000000      2.84166667      2.67500000      2.87500000      2.90833333      3.03333333      3.12500000      3.24166667      3.10000000      3.01666667      3.16666667      3.21666667      2.95833333      3.20833333      3.19166667      3.22500000      3.55833333      3.28333333      3.49166667      3.17500000      3.20000000 
      3.50000000      3.03333333      3.33333333      3.42500000      3.38333333      3.04166667      2.93333333      3.45833333      3.26666667      3.30000000      3.44166667      3.11666667      3.20833333      3.72500000      3.62500000      3.55000000      3.20000000      3.49166667      3.47500000      3.56666667      3.12500000      3.24166667      3.33333333      3.42500000      3.36666667 
      3.43333333      3.40000000      3.53333333      3.55833333      3.37500000      3.60833333      3.50000000      3.64166667      3.25833333      3.83333333      3.61666667      3.64166667      3.90000000      3.94166667      3.55833333      3.75000000      3.98333333      3.69166667      3.53333333      4.00000000      3.82500000      3.91666667      3.75833333      3.99166667      3.95833333 
      3.86666667      3.92500000      4.05833333      4.11666667      3.86666667      3.87500000      4.06666667      3.90833333      3.94166667      4.20833333      4.11666667      3.82500000      4.22500000      3.92500000      3.96666667      4.38333333      4.10000000      3.93333333      3.90833333      4.05833333      3.98333333      4.18333333      3.94166667      3.74166667      3.88333333 
      4.28333333      3.92500000      4.16666667      4.15000000      4.10000000      3.93333333      4.20000000      4.33333333      4.12500000      4.55833333      4.11666667      4.55833333      4.23333333      4.13333333      3.80833333      4.36666667      4.18333333      4.48333333      4.41666667      4.68333333      4.25000000      4.41666667      4.56666667      4.85000000      4.25833333 
      4.34166667      4.63333333      4.62500000      4.53333333      4.09166667      4.40833333      5.05833333      4.68333333      4.44166667      4.62500000      4.79166667      4.45833333      4.48333333      4.45833333      4.93333333      4.96666667      4.72500000      5.10000000      5.00000000      5.15000000      4.95000000      4.93333333      5.07500000      4.61666667      4.94166667 
      5.02500000      4.86666667      5.13333333      5.10000000      4.94166667      4.78333333      4.60000000      4.73333333      5.04166667      5.17500000      5.00000000      4.89166667      5.16666667      5.11666667      4.98333333      5.20833333      4.94166667      5.32500000      4.95000000      5.17500000      4.93333333      5.55833333      5.44166667      5.12500000      5.41666667 
      5.34166667      5.65000000      4.80833333      5.37500000      5.49166667      5.53333333      5.41666667      5.23333333      5.50833333      5.35833333      5.68333333      5.52500000      5.37500000      5.47500000      5.60833333      5.50833333      5.66666667      5.54166667      5.65000000      5.65000000      6.15833333      5.63333333      5.20833333      5.73333333      5.54166667 
      5.96666667      5.77500000      5.66666667      5.68333333      5.60833333      5.80833333      6.00000000      6.03333333      6.29166667      5.69166667      5.87500000      5.56666667      6.30833333      5.90833333      6.46666667      6.32500000      6.35000000      5.88333333      6.09166667      5.83333333      6.05000000      6.34166667      6.52500000      6.25833333      6.55833333 
      6.51666667      6.85833333      6.40000000      6.60000000      7.05833333      6.70000000      6.33333333      6.45833333      6.14166667      6.63333333      6.29166667      6.91666667      6.48333333      6.94166667      6.41666667      6.56666667      6.65000000      6.47500000      7.16666667      6.50833333      6.60000000      7.27500000      6.88333333      7.21666667      6.80833333 
      7.24166667      7.33333333      7.15000000      6.85833333      7.54166667      6.93333333      7.26666667      6.77500000      6.85000000      7.50833333      7.40833333      7.27500000      7.21666667      7.00000000      7.65000000      7.40000000      7.08333333      6.83333333      7.88333333      7.45000000      7.44166667      7.90833333      7.35833333      7.41666667      7.78333333 
      7.98333333      7.59166667      7.77500000      7.99166667      7.63333333      8.19166667      7.68333333      7.82500000      7.59166667      8.17500000      7.90833333      8.15833333      7.80000000      7.76666667      8.00833333      7.59166667      8.34166667      8.15000000      8.30000000      8.07500000      7.97500000      7.87500000      8.36666667      8.31666667      7.75000000 
      8.60000000      7.96666667      8.51666667      8.85833333      8.75000000      8.40833333      8.28333333      8.81666667      8.80000000      8.29166667      8.93333333      8.96666667      9.15000000      8.55833333      8.70000000      9.15833333      8.61666667      8.80000000      9.20833333      9.43333333      9.18333333      9.11666667      8.84166667      9.16666667      9.34166667 
     10.09166667      9.08333333      9.08333333      9.33333333      9.00000000      9.28333333      9.55000000      9.58333333      9.38333333      9.83333333      9.38333333      9.95833333      9.78333333     10.14166667     10.23333333      9.80833333      9.73333333      9.80000000      9.66666667     10.12500000     10.10833333      9.88333333     10.39166667     10.30000000     10.60833333 
     10.10000000      9.89166667      9.57500000     10.37500000     10.60000000     10.45833333     10.40833333     10.14166667     10.39166667      9.65000000     11.06666667     10.65000000     10.78333333     10.97500000     10.50000000     10.73333333     10.77500000     11.22500000     11.05000000     10.95833333     11.53333333     11.87500000     11.50000000     11.44166667     11.03333333 
     11.08333333     11.44166667     10.88333333     11.60833333     11.11666667     11.94166667     11.05000000     11.75833333     12.00000000     12.30833333     11.55833333     12.07500000     11.73333333     11.94166667     12.12500000     12.02500000     12.39166667     12.45833333     12.92500000     12.51666667     11.77500000     11.57500000     12.08333333     12.46666667     12.25833333 
     12.43333333     12.64166667     13.10000000     12.92500000     12.58333333     12.93333333     12.81666667     12.92500000     13.49166667     13.47500000     13.25000000     13.30000000     13.39166667     13.15833333     13.52500000     13.45833333     13.95000000     13.82500000     13.02500000     13.40833333     13.78333333     14.36666667     14.49166667     13.98333333     13.76666667 
     13.83333333     13.87500000     14.37500000     13.71666667     13.82500000     14.45000000     14.99166667     14.28333333     14.35000000     14.46666667     14.63333333     14.70833333     14.63333333     14.70833333     15.05833333     14.80833333     14.98333333     14.19166667     14.81666667     14.95000000     14.62500000     14.47500000     15.55000000     15.54166667     15.44166667 
     15.92500000     15.46666667     15.25000000     16.12500000     15.63333333     15.75833333     15.33333333     15.90833333     17.16666667     16.39166667     15.74166667     17.06666667     16.67500000     16.41666667     16.68333333     16.81666667     16.81666667     16.94166667     16.19166667     16.97500000     17.31666667     17.05000000     17.35833333     16.98333333     17.05833333 
     16.91666667     17.57500000     17.90833333     17.61666667     17.60000000     17.59166667     17.48333333     17.40000000     17.70000000     18.00833333     18.65000000     18.00000000     17.95000000     18.45000000     18.68333333     18.94166667     19.15833333     18.01666667     18.79166667     19.38333333     18.85000000     18.81666667     19.34166667     19.21666667     19.09166667 
     18.89166667     18.49166667     19.97500000     18.52500000     20.15000000     20.30000000     19.57500000     19.42500000     20.15000000     20.61666667     19.60833333     20.43333333     19.90000000     20.24166667     20.71666667     20.87500000     20.95000000     20.93333333     20.34166667     20.80833333     21.20833333     20.85000000     20.89166667     21.50833333     21.72500000 
     20.92500000     21.05000000     21.46666667     21.78333333     22.58333333     21.82500000     21.10000000     22.29166667     21.95833333     21.23333333     22.05833333     22.20833333     22.36666667     22.88333333     22.27500000     22.38333333     22.45833333     22.54166667     23.25833333     24.13333333     23.85000000     23.07500000     23.80833333     23.48333333     23.29166667 
     24.48333333     23.62500000     24.21666667     23.18333333     23.55833333     24.22500000     24.57500000     23.92500000     24.48333333     24.09166667     24.85833333     24.34166667     24.87500000     25.06666667     25.29166667     24.25000000     24.85833333     24.98333333     26.25000000     25.18333333     24.60000000     25.73333333     25.72500000     26.22500000     26.60833333 
     26.45000000     25.85000000     27.19166667     25.84166667     26.27500000     26.66666667     26.50833333     26.55000000     27.15833333     26.70833333     27.60000000     27.05000000     27.52500000     27.51666667     26.70833333     28.09166667     27.54166667     27.38333333     28.71666667     28.42500000     28.08333333     28.57500000     28.00000000     27.32500000     28.84166667 
     28.10833333     29.61666667     28.46666667     29.08333333     28.01666667     28.95833333     28.83333333     29.37500000     30.73333333     29.74166667     29.59166667     30.55833333     29.94166667     30.09166667     30.04166667     30.39166667     31.02500000     31.75000000     30.80000000     31.08333333     31.58333333     30.19166667     31.53333333     31.53333333     30.97500000 
     32.08333333     30.95000000     31.90833333     32.08333333     32.05833333     31.69166667     33.21666667     32.91666667     32.19166667     31.65833333     32.81666667     32.85000000     33.59166667     33.60833333     33.14166667     34.33333333     34.64166667     33.75833333     33.12500000     35.30000000     34.55833333     33.95000000     36.02500000     35.80000000     34.65833333 
     35.63333333     34.50833333     33.98333333     34.60000000     35.55833333     35.60000000     35.39166667     34.90833333     36.01666667     35.67500000     35.42500000     35.11666667     35.85000000     35.59166667     37.61666667     37.05000000     37.00833333     37.23333333     36.92500000     37.34166667     35.86666667     38.33333333     37.27500000     38.59166667     38.16666667 
     38.98333333     36.58333333     37.52500000     39.07500000     38.39166667     38.24166667     37.64166667     39.15000000     39.22500000     37.87500000     39.33333333     39.41666667     38.98333333     38.88333333     40.00000000     39.75833333     40.55000000     40.23333333     41.57500000     40.33333333     41.18333333     41.97500000     41.83333333     40.76666667     41.49166667 
     42.11666667     41.48333333     41.20833333     40.95833333     41.67500000     41.35833333     42.93333333     41.72500000     42.39166667     43.68333333     43.08333333     43.01666667     44.22500000     44.02500000     43.35833333     43.63333333     42.85833333     43.40833333     44.59166667     43.32500000     44.20000000     44.61666667     46.01666667     44.54166667     45.29166667 
     43.76666667     44.00833333     44.35833333     45.00833333     45.40833333     45.54166667     45.69166667     46.34166667     45.19166667     46.00833333     46.00000000     45.42500000     45.76666667     46.17500000     45.58333333     46.90000000     47.00833333     47.55000000     47.72500000     47.90000000     48.61666667     48.89166667     47.14166667     48.05000000     48.62500000 
     49.35833333     48.75000000     48.14166667     48.28333333     48.33333333     48.68333333     49.40000000     50.07500000     49.19166667     49.20833333     48.93333333     49.85833333     48.96666667     49.75000000     49.85000000     50.59166667     50.02500000     49.68333333     50.95833333     50.89166667     50.88333333     50.60000000     51.18333333     51.02500000     52.02500000 
     51.91666667     50.01666667     51.86666667     51.45000000     51.47500000     51.75000000     51.65833333     51.22500000     50.51666667     53.13333333     52.22500000     52.75833333     52.93333333     52.50000000     53.68333333     54.22500000     52.24166667     54.59166667     53.96666667     53.07500000     53.39166667     53.06666667     53.80000000     53.97500000     54.29166667 
     54.61666667     53.52500000     53.37500000     53.63333333     54.62500000     54.09166667     54.99166667     55.15000000     54.37500000     54.85833333     55.45833333     53.97500000     56.45000000     54.79166667     55.97500000     55.17500000     56.41666667     54.57500000     55.42500000     56.48333333     56.58333333     57.01666667     56.52500000     57.06666667     56.15833333 
     55.83333333     56.98333333     56.59166667     56.30000000     56.47500000     57.14166667     57.53333333     56.87500000     56.48333333     56.26666667     56.93333333     57.31666667     56.81666667     57.47500000     57.39166667     57.05000000     57.85000000     58.45000000     57.85000000     59.18333333     58.58333333     58.56666667     59.52500000     59.51666667     58.70000000 
     57.80000000     58.30000000     58.62500000     57.97500000     57.68333333     59.20000000     58.83333333     57.94166667     59.00000000     59.99166667     58.60833333     59.45000000     59.45000000     59.66666667     59.00000000     60.28333333     60.59166667     59.50833333     60.23333333     60.44166667     60.50833333     59.54166667     59.93333333     60.20000000     60.12500000 
     61.15833333     59.56666667     59.87500000     58.93333333     60.94166667     61.32500000     60.06666667     60.83333333     60.43333333     59.96666667     61.05000000     60.39166667     61.41666667     60.56666667     61.47500000     61.10000000     61.31666667     60.93333333     61.76666667     61.10000000     60.08333333     61.05833333     60.55000000     61.54166667     61.06666667 
     61.21666667     61.07500000     61.03333333     61.37500000     61.87500000     61.08333333     60.82500000     62.13333333     62.61666667     60.75833333     61.15833333     60.55000000     60.87500000     60.70000000     63.22500000     61.38333333     61.38333333     62.10000000     60.44166667     61.69166667     62.06666667     61.15000000     60.37500000     61.95000000     61.97500000 
     62.66666667     61.25000000     60.86666667     62.14166667     61.57500000     60.29166667     60.52500000     62.15000000     62.28333333     60.36666667     61.76666667     62.02500000     62.22500000     62.33333333     61.70000000     61.96666667     61.54166667     62.41666667     61.21666667     60.69166667     61.93333333     62.15000000     63.69166667     62.05833333     63.05000000 
     62.10833333     61.35833333     61.85000000     60.58333333     62.24166667     60.88333333     62.14166667     61.53333333     60.80000000     62.38333333     62.69166667     62.95000000     62.45000000     62.16666667     60.94166667     61.15833333     62.56666667     62.30833333     62.63333333     61.97500000     61.04166667     61.56666667     62.75833333     61.85833333     62.40000000 
     63.18333333     61.64166667     61.24166667     61.64166667     60.70000000     61.35000000     62.55000000     61.53333333     61.65833333     60.25000000     62.88333333     61.71666667     62.10833333     62.21666667     61.35833333     61.95833333     61.54166667     62.85833333     62.19166667     61.41666667     60.94166667     62.43333333     62.13333333     61.55833333     62.02500000 
     63.05000000     59.88333333     61.80833333     61.32500000     60.68333333     61.01666667     60.21666667     61.60833333     60.35000000     61.12500000     61.97500000     61.39166667     61.27500000     61.57500000     61.64166667     61.60000000     61.61666667     61.02500000     60.92500000     60.93333333     60.10000000     60.75000000     59.89166667     60.86666667     60.28333333 
     60.81666667     60.00833333     60.00000000     60.56666667     59.88333333     60.40000000     59.36666667     59.76666667     61.02500000     60.30833333     61.15000000     60.71666667     59.13333333     61.05833333     60.11666667     61.10000000     61.62500000     60.30833333     60.75833333     60.13333333     60.31666667     60.56666667     61.78333333     61.41666667     61.06666667 
     60.10000000     62.07500000     57.79166667     60.20833333     59.43333333     60.58333333     60.00000000     60.42500000     60.25000000     59.41666667     61.38333333     59.51666667     60.08333333     58.81666667     61.45833333     59.38333333     60.23333333     59.61666667     61.05833333     59.90000000     60.32500000     59.95833333     60.17500000     59.29166667     60.50000000 
     61.53333333     59.21666667     58.75833333     58.91666667     59.14166667     60.15000000     58.72500000     59.65833333     58.60000000     60.40833333     58.44166667     59.64166667     58.39166667     59.31666667     59.03333333     59.72500000     59.25833333     59.30833333     59.37500000     58.00833333     58.94166667     60.00000000     59.12500000     59.49166667     59.27500000 
     59.62500000     58.72500000     58.41666667     59.09166667     59.23333333     58.55833333     57.55833333     58.84166667     59.76666667     58.30000000     57.55833333     59.40000000     57.67500000     56.76666667     58.70833333     58.26666667     59.22500000     57.95000000     58.15000000     59.66666667     58.00000000     60.21666667     59.75833333     58.70833333     57.92500000 
     58.83333333     58.21666667     57.25833333     56.84166667     57.52500000     59.19166667     57.82500000     58.48333333     56.28333333     57.65833333     58.20000000     57.72500000     57.50000000     56.85833333     57.75833333     57.50000000     57.90000000     56.99166667     58.00000000     57.29166667     58.92500000     57.04166667     57.54166667     58.20833333     56.70000000 
     57.75000000     57.20000000     57.45000000     57.17500000     57.09166667     57.08333333     56.39166667     56.07500000     56.83333333     56.85833333     56.85000000     56.52500000     56.45000000     57.24166667     55.90000000     57.26666667     56.13333333     57.03333333     59.08333333     56.34166667     56.95000000     57.00833333     56.98333333     57.33333333     57.95833333 
     56.14166667     55.78333333     56.52500000     56.28333333     56.27500000     56.85833333     55.15833333     55.90000000     55.76666667     57.02500000     55.50833333     55.74166667     55.67500000     55.80833333     56.19166667     55.69166667     56.45000000     57.34166667     54.78333333     56.64166667     55.66666667     55.42500000     56.78333333     56.23333333     56.53333333 
     55.46666667     55.39166667     54.70833333     53.18333333     55.45833333     55.04166667     54.15000000     54.58333333     55.69166667     55.50833333     56.01666667     54.72500000     55.45833333     54.35000000     55.53333333     55.51666667     56.24166667     55.13333333     53.05000000     55.74166667     54.57500000     55.44166667     54.74166667     54.55000000     55.34166667 
     53.90000000     54.25833333     55.23333333     54.10833333     53.66666667     55.00000000     54.11666667     54.48333333     55.09166667     54.95833333     53.00833333     53.79166667     54.17500000     54.78333333     54.55833333     53.68333333     54.05000000     55.10000000     53.53333333     55.62500000     55.87500000     54.39166667     55.21666667     53.83333333     54.95833333 
     53.73333333     53.65000000     52.49166667     54.18333333     52.65000000     54.64166667     53.50000000     52.81666667     52.75000000     54.01666667     54.55000000     52.99166667     54.61666667     54.89166667     54.63333333     54.48333333     55.30000000     54.08333333     54.60833333     54.75000000     53.25833333     53.02500000     52.28333333     52.70000000     52.63333333 
     53.49166667     52.48333333     52.75000000     52.45833333     53.05000000     52.53333333     53.74166667     52.49166667     51.85833333     52.18333333     53.16666667     52.44166667     52.44166667     52.16666667     52.20000000     53.35833333     52.25000000     52.43333333     53.45833333     52.99166667     52.87500000     52.25000000     53.73333333     54.09166667     52.25833333 
     52.80000000     51.64166667     52.33333333     51.56666667     51.77500000     51.90000000     52.06666667     51.05833333     52.60833333     51.89166667     52.63333333     52.72500000     53.76666667     51.26666667     50.98333333     51.88333333     53.65000000     51.33333333     52.39166667     51.46666667     51.90000000     51.72500000     52.54166667     52.11666667     51.81666667 
     51.46666667     49.85000000     51.45833333     51.38333333     50.94166667     51.45000000     52.10000000     51.40000000     52.00833333     51.24166667     51.79166667     51.51666667     50.81666667     50.95833333     50.89166667     51.41666667     52.46666667     50.65833333     52.62500000     51.43333333     50.84166667     50.70000000     51.67500000     50.97500000     52.22500000 
     50.28333333     51.15000000     50.90000000     51.54166667     49.44166667     51.00833333     50.30833333     50.52500000     50.81666667     50.75000000     51.21666667     51.00000000     50.87500000     49.64166667     50.50000000     51.00000000     50.35833333     49.11666667     49.60000000     49.30000000     51.70000000     51.48333333     51.55833333     50.23333333     50.36666667 
     50.39166667     49.71666667     49.79166667     50.52500000     49.35000000     49.88333333     49.54166667     49.12500000     49.19166667     49.32500000     50.36666667     49.83333333     50.07500000     49.35833333     49.63333333     49.58333333     48.17500000     50.64166667     48.65000000     50.29166667     50.27500000     49.46666667     49.32500000     49.07500000     49.49166667 
     50.02500000     50.15833333     48.80833333     49.62500000     49.57500000     49.26666667     48.78333333     48.46666667     49.43333333     49.27500000     49.43333333     48.55833333     49.80000000     49.19166667     49.08333333     48.10000000     48.43333333     48.34166667     48.88333333     47.85000000     50.27500000     49.80833333     49.02500000     49.62500000     49.18333333 
     49.18333333     47.85000000     48.21666667     48.38333333     48.39166667     48.75000000     49.51666667     48.81666667     47.78333333     48.09166667     49.20833333     49.47500000     47.62500000     47.31666667     48.55833333     47.30000000     48.50833333     48.25000000     48.49166667     49.50000000     49.00833333     48.72500000     49.25000000     48.88333333     47.82500000 
     48.32500000     48.94166667     47.85833333     47.70833333     47.44166667     47.20000000     47.69166667     49.05833333     47.77500000     48.72500000     47.87500000     46.36666667     47.38333333     48.30000000     48.60000000     47.60000000     48.62500000     47.20000000     47.16666667     47.53333333     47.37500000     48.22500000     47.44166667     48.30833333     47.45833333 
     47.75000000     46.19166667     46.40000000     48.55000000     46.45833333     46.68333333     46.99166667     47.55000000     47.40833333     47.29166667     47.86666667     47.69166667     46.07500000     47.66666667     47.32500000     46.57500000     48.20000000     47.02500000     46.90833333     46.82500000     46.48333333     48.06666667     46.93333333     46.22500000     47.91666667 
