      0.00000000      8.36666667     14.45000000     18.51666667     21.73333333     24.61666667     26.45000000     29.25000000     30.66666667     30.60000000     30.93333333     31.43333333     32.65000000     33.70000000     34.71666667     34.41666667     34.36666667     34.33333333     35.53333333     36.06666667     36.60000000     36.21666667     35.86666667     36.30000000     37.18333333 
     36.91666667     37.90000000     38.00000000     36.75000000     37.21666667     37.43333333     37.86666667     38.25000000     38.40000000     38.58333333     39.90000000     39.75000000     39.31666667     39.08333333     39.61666667     39.98333333     39.60000000     39.86666667     39.20000000     38.15000000     38.03333333     38.18333333     37.55000000     37.46666667     37.80000000 
     38.03333333     39.21666667     39.88333333     40.56666667     39.66666667     40.11666667     40.71666667     40.35000000     39.80000000     39.60000000     41.03333333     41.08333333     41.41666667     41.23333333     41.66666667     41.25000000     41.13333333     41.55000000     40.90000000     41.23333333     41.88333333     41.43333333     41.01666667     41.11666667     40.88333333 
     41.03333333     41.85000000     42.25000000     42.18333333     43.21666667     42.80000000     43.23333333     42.75000000     42.76666667     43.23333333     43.45000000     42.28333333     42.66666667     42.58333333     42.61666667     42.31666667     43.31666667     43.73333333     43.53333333     43.75000000     43.71666667     43.75000000     44.71666667     44.01666667     42.38333333 
     43.45000000     43.05000000     42.83333333     43.70000000     44.80000000     46.35000000     45.85000000     45.76666667     45.95000000     46.43333333     46.18333333     46.31666667     46.43333333     46.25000000     46.65000000     46.76666667     45.93333333     46.16666667     46.25000000     46.41666667     46.78333333     46.96666667     47.51666667     47.78333333     47.63333333 
     46.95000000     47.58333333     48.33333333     48.65000000     48.10000000     48.36666667     48.96666667     49.11666667     50.01666667     50.38333333     50.85000000     49.86666667     50.01666667     49.91666667     49.86666667     49.76666667     50.01666667     49.48333333     49.25000000     49.95000000     50.48333333     49.36666667     48.68333333     48.81666667     49.65000000 
     49.93333333     49.16666667     49.43333333     49.16666667     49.21666667     49.65000000     49.91666667     50.20000000     49.78333333     50.28333333     50.55000000     50.85000000     51.58333333     51.33333333     51.66666667     52.33333333     52.43333333     52.41666667     52.00000000     52.11666667     52.76666667     52.38333333     53.26666667     53.56666667     52.95000000 
     52.80000000     52.38333333     53.51666667     54.20000000     54.53333333     55.41666667     55.48333333     55.10000000     55.66666667     55.48333333     55.56666667     54.73333333     54.28333333     54.08333333     53.66666667     54.13333333     53.25000000     52.86666667     53.03333333     53.58333333     54.71666667     54.41666667     54.98333333     54.91666667     54.41666667 
     54.56666667     55.90000000     56.00000000     56.10000000     56.98333333     56.16666667     56.41666667     56.96666667     56.83333333     57.20000000     56.78333333     56.45000000     56.73333333     57.18333333     56.51666667     56.50000000     56.80000000     56.95000000     56.48333333     56.48333333     56.38333333     56.83333333     57.80000000     58.80000000     57.95000000 
     57.75000000     58.56666667     57.46666667     58.31666667     59.25000000     59.48333333     59.36666667     59.21666667     59.71666667     59.71666667     60.80000000     60.11666667     60.01666667     59.33333333     59.90000000     60.91666667     60.26666667     60.13333333     61.13333333     61.88333333     61.10000000     60.88333333     61.03333333     60.26666667     60.51666667 
     60.38333333     60.68333333     60.13333333     59.75000000     60.93333333     61.03333333     61.58333333     61.66666667     61.58333333     61.35000000     61.61666667     61.15000000     60.86666667     60.76666667     61.81666667     61.40000000     61.11666667     62.11666667     61.96666667     61.90000000     62.25000000     62.60000000     64.01666667     63.66666667     63.83333333 
     63.93333333     65.35000000     65.45000000     65.46666667     66.38333333     66.35000000     66.75000000     67.05000000     67.56666667     68.38333333     67.93333333     68.10000000     68.31666667     67.05000000     67.05000000     68.01666667     68.31666667     68.11666667     67.98333333     68.28333333     67.85000000     68.08333333     67.70000000     67.60000000     68.95000000 
     68.51666667     67.73333333     67.68333333     68.66666667     69.21666667     69.65000000     70.25000000     70.33333333     70.10000000     70.61666667     71.88333333     71.45000000     70.90000000     70.06666667     70.90000000     70.55000000     70.66666667     70.91666667     71.16666667     70.50000000     70.88333333     70.46666667     70.93333333     70.36666667     70.36666667 
     71.86666667     72.01666667     72.88333333     72.08333333     73.16666667     73.55000000     74.15000000     73.96666667     73.20000000     74.31666667     74.66666667     75.81666667     76.23333333     75.76666667     76.16666667     75.78333333     76.20000000     76.65000000     75.98333333     75.85000000     75.83333333     76.81666667     77.61666667     77.93333333     77.85000000 
     78.10000000     78.25000000     79.08333333     79.18333333     79.21666667     79.30000000     80.55000000     80.28333333     80.45000000     80.95000000     80.26666667     79.96666667     79.86666667     81.33333333     81.15000000     81.28333333     81.83333333     80.76666667     81.63333333     81.56666667     82.00000000     81.78333333     81.98333333     81.70000000     81.80000000 
     82.60000000     82.51666667     82.06666667     83.16666667     83.35000000     83.65000000     83.43333333     83.73333333     83.93333333     84.76666667     84.71666667     84.51666667     84.98333333     85.16666667     84.38333333     84.58333333     85.43333333     85.25000000     85.35000000     84.78333333     84.70000000     84.56666667     85.41666667     85.70000000     84.98333333 
     84.60000000     85.15000000     85.56666667     86.63333333     87.40000000     88.13333333     88.26666667     87.55000000     88.75000000     89.45000000     89.96666667     90.06666667     90.51666667     90.70000000     91.05000000     90.81666667     91.48333333     91.06666667     90.23333333     90.98333333     92.91666667     91.48333333     90.90000000     91.68333333     92.11666667 
     92.41666667     92.46666667     91.83333333     92.43333333     92.66666667     93.75000000     93.28333333     93.46666667     92.85000000     93.40000000     93.40000000     92.96666667     93.81666667     95.13333333     94.81666667     94.78333333     94.46666667     94.40000000     95.25000000     95.06666667     95.20000000     96.10000000     96.25000000     96.78333333     96.41666667 
     96.05000000     96.61666667     97.85000000     98.20000000     97.86666667     97.35000000     99.13333333     99.66666667     99.36666667    100.16666667     99.73333333     99.70000000     99.86666667    100.33333333    100.63333333    101.00000000    102.13333333    101.50000000    101.70000000    101.63333333    101.55000000    102.01666667    101.96666667    101.73333333    101.88333333 
    103.40000000    104.28333333    104.00000000    104.61666667    104.23333333    105.48333333    106.56666667    106.76666667    107.43333333    107.58333333    107.75000000    109.38333333    109.01666667    110.06666667    110.25000000    110.93333333    110.83333333    110.36666667    110.65000000    110.76666667    111.18333333    110.08333333    110.51666667    109.58333333    109.90000000 
    110.65000000    111.58333333    112.36666667    112.71666667    112.30000000    113.15000000    113.76666667    114.13333333    113.50000000    113.68333333    114.66666667    113.90000000    113.60000000    114.16666667    114.15000000    114.90000000    115.46666667    116.68333333    116.73333333    116.81666667    116.48333333    116.83333333    116.15000000    115.71666667    116.46666667 
    116.53333333    117.53333333    117.23333333    117.86666667    119.61666667    120.68333333    119.95000000    120.00000000    119.95000000    121.86666667    122.36666667    122.51666667    122.88333333    123.16666667    123.31666667    123.58333333    122.86666667    123.80000000    123.68333333    123.58333333    123.35000000    123.56666667    123.91666667    124.43333333    124.98333333 
    124.73333333    125.73333333    125.85000000    126.25000000    127.75000000    128.28333333    127.46666667    128.16666667    129.71666667    130.11666667    130.31666667    130.66666667    131.28333333    132.25000000    132.11666667    131.65000000    132.01666667    132.65000000    132.96666667    132.91666667    132.93333333    133.63333333    133.75000000    134.21666667    134.90000000 
    136.21666667    136.31666667    136.46666667    137.01666667    137.48333333    138.60000000    139.91666667    139.08333333    139.31666667    140.00000000    140.35000000    139.85000000    140.20000000    141.68333333    141.06666667    141.83333333    141.45000000    141.76666667    141.05000000    141.25000000    140.80000000    141.60000000    141.98333333    143.41666667    143.21666667 
    143.15000000    143.45000000    143.88333333    146.11666667    146.41666667    146.10000000    146.25000000    146.80000000    146.88333333    148.11666667    148.61666667    148.10000000    149.16666667    148.91666667    149.05000000    149.90000000    150.11666667    150.60000000    150.91666667    149.98333333    150.81666667    151.16666667    151.45000000    152.03333333    152.76666667 
    153.01666667    153.83333333    153.71666667    154.13333333    154.30000000    155.16666667    155.28333333    155.76666667    157.31666667    157.83333333    157.66666667    158.06666667    157.88333333    157.86666667    158.93333333    158.90000000    158.60000000    159.65000000    159.83333333    160.63333333    161.26666667    161.20000000    160.95000000    160.38333333    161.20000000 
    162.73333333    162.41666667    163.06666667    163.66666667    164.73333333    164.76666667    165.95000000    165.90000000    166.96666667    167.21666667    167.41666667    167.71666667    168.91666667    170.28333333    170.71666667    171.28333333    171.61666667    172.00000000    172.95000000    172.05000000    172.26666667    172.40000000    173.53333333    173.18333333    173.96666667 
    173.78333333    174.11666667    174.95000000    176.66666667    178.36666667    178.76666667    179.65000000    180.35000000    179.85000000    181.11666667    181.03333333    182.65000000    181.38333333    182.98333333    183.01666667    184.25000000    184.63333333    185.13333333    185.83333333    186.41666667    186.00000000    186.23333333    188.00000000    187.96666667    188.35000000 
    189.15000000    189.23333333    188.43333333    189.58333333    190.65000000    190.71666667    192.68333333    192.81666667    193.06666667    193.88333333    192.88333333    193.93333333    193.21666667    194.75000000    196.05000000    195.98333333    195.75000000    196.50000000    196.61666667    197.56666667    197.51666667    199.00000000    198.91666667    198.70000000    198.86666667 
    199.70000000    200.58333333    201.00000000    201.33333333    203.15000000    203.91666667    204.78333333    205.43333333    206.90000000    208.55000000    208.26666667    209.70000000    210.58333333    210.83333333    210.76666667    211.46666667    211.41666667    212.05000000    212.23333333    213.33333333    214.48333333    213.73333333    212.71666667    212.65000000    213.66666667 
    213.76666667    214.31666667    215.63333333    215.85000000    217.28333333    218.53333333    219.10000000    219.78333333    220.56666667    221.96666667    221.46666667    222.20000000    222.20000000    222.85000000    223.51666667    223.98333333    223.81666667    224.88333333    224.50000000    225.23333333    224.58333333    225.26666667    225.76666667    225.36666667    226.28333333 
    227.10000000    227.81666667    227.55000000    228.58333333    230.00000000    230.18333333    230.61666667    232.80000000    233.23333333    234.06666667    234.05000000    234.98333333    236.23333333    236.55000000    235.88333333    236.21666667    238.76666667    238.60000000    238.86666667    240.18333333    240.70000000    240.65000000    241.81666667    241.95000000    243.11666667 
    243.95000000    243.76666667    244.15000000    245.75000000    246.36666667    246.51666667    246.43333333    247.03333333    247.71666667    248.18333333    249.66666667    249.06666667    249.36666667    250.95000000    250.60000000    251.93333333    253.78333333    254.18333333    254.61666667    255.90000000    255.31666667    255.20000000    256.01666667    256.11666667    257.30000000 
    258.10000000    259.58333333    260.11666667    260.80000000    262.30000000    263.60000000    263.90000000    263.83333333    265.25000000    265.38333333    265.95000000    266.71666667    267.58333333    268.21666667    269.10000000    270.40000000    270.61666667    272.08333333    273.20000000    274.55000000    274.40000000    274.68333333    275.33333333    275.88333333    275.61666667 
    276.36666667    277.60000000    277.26666667    279.60000000    280.53333333    280.75000000    281.98333333    282.50000000    283.86666667    284.43333333    285.63333333    286.50000000    287.06666667    288.53333333    288.48333333    290.65000000    290.00000000    290.36666667    292.30000000    292.16666667    293.35000000    293.25000000    293.30000000    295.50000000    295.05000000 
    296.08333333    295.70000000    296.53333333    298.90000000    298.38333333    300.20000000    300.05000000    301.38333333    302.40000000    301.61666667    302.61666667    302.55000000    303.78333333    304.08333333    304.88333333    305.75000000    306.73333333    307.90000000    307.45000000    308.18333333    308.28333333    307.73333333    309.43333333    310.71666667    310.81666667 
    310.80000000    312.61666667    314.23333333    314.65000000    315.81666667    316.38333333    319.80000000    319.73333333    321.65000000    323.00000000    323.28333333    322.98333333    324.18333333    323.35000000    324.21666667    325.08333333    325.43333333    326.95000000    327.01666667    328.91666667    328.83333333    329.20000000    330.46666667    330.01666667    331.33333333 
    330.93333333    332.58333333    333.60000000    334.93333333    336.26666667    335.96666667    337.31666667    337.91666667    338.88333333    339.90000000    341.45000000    340.88333333    341.86666667    342.46666667    343.65000000    343.13333333    344.25000000    344.53333333    345.05000000    344.65000000    346.21666667    347.71666667    349.36666667    348.68333333    348.80000000 
    348.03333333    348.93333333    350.88333333    350.98333333    351.81666667    351.60000000    352.38333333    353.88333333    355.16666667    354.65000000    356.16666667    356.80000000    356.23333333    357.60000000    358.70000000    358.58333333    359.38333333    359.25000000    360.28333333    360.16666667    361.43333333    361.41666667    363.86666667    362.96666667    364.63333333 
    365.51666667    367.38333333    369.26666667    369.65000000    372.36666667    371.43333333    373.60000000    375.48333333    375.25000000    375.70000000    376.46666667    377.36666667    377.21666667    379.28333333    378.38333333    379.01666667    378.03333333    379.60000000    380.98333333    382.11666667    381.78333333    382.83333333    384.45000000    385.25000000    386.65000000 
    387.05000000    387.71666667    389.06666667    391.06666667    391.26666667    391.68333333    391.30000000    392.55000000    392.83333333    393.60000000    395.08333333    395.95000000    395.43333333    396.65000000    395.61666667    396.03333333    396.18333333    397.76666667    397.35000000    397.50000000    399.21666667    399.90000000    400.86666667    401.58333333    403.23333333 
    402.91666667    403.01666667    405.36666667    406.30000000    407.55000000    408.35000000    409.31666667    408.08333333    408.73333333    410.88333333    412.26666667    413.06666667    414.21666667    416.00000000    416.78333333    417.15000000    416.83333333    416.95000000    417.76666667    418.58333333    418.13333333    417.63333333    420.46666667    420.80000000    422.15000000 
    422.25000000    423.18333333    422.60000000    424.15000000    425.76666667    427.46666667    427.01666667    428.48333333    430.55000000    430.91666667    430.58333333    432.61666667    433.11666667    433.23333333    435.73333333    435.93333333    435.36666667    437.68333333    437.80000000    437.91666667    438.71666667    439.03333333    439.08333333    440.11666667    439.43333333 
    439.75000000    441.00000000    442.95000000    444.56666667    443.80000000    445.75000000    445.43333333    445.76666667    447.20000000    447.18333333    447.30000000    448.45000000    449.01666667    450.26666667    450.91666667    449.21666667    451.56666667    451.75000000    450.36666667    452.25000000    452.28333333    452.08333333    451.81666667    453.50000000    454.43333333 
    455.20000000    454.35000000    455.76666667    456.90000000    458.13333333    459.33333333    459.86666667    461.15000000    459.95000000    459.95000000    461.10000000    461.18333333    464.76666667    462.75000000    464.50000000    466.01666667    465.61666667    466.50000000    466.48333333    465.88333333    467.11666667    468.76666667    469.38333333    468.31666667    469.95000000 
    470.85000000    469.01666667    471.41666667    471.58333333    472.01666667    472.25000000    471.78333333    471.76666667    473.35000000    473.98333333    475.96666667    474.95000000    474.81666667    475.93333333    477.85000000    477.68333333    477.41666667    479.26666667    478.13333333    479.41666667    478.98333333    480.33333333    481.78333333    482.51666667    483.01666667 
    483.60000000    483.20000000    483.61666667    483.16666667    485.11666667    485.08333333    485.06666667    487.58333333    486.60000000    486.28333333    485.83333333    487.15000000    488.38333333    488.25000000    487.28333333    487.46666667    490.03333333    489.81666667    488.88333333    489.43333333    490.25000000    489.73333333    492.11666667    491.75000000    491.06666667 
    491.51666667    491.93333333    491.71666667    491.56666667    490.80000000    491.81666667    493.61666667    494.90000000    494.56666667    495.45000000    496.88333333    495.75000000    495.98333333    496.93333333    496.68333333    495.88333333    496.03333333    495.78333333    497.10000000    495.95000000    497.65000000    497.51666667    497.23333333    497.01666667    497.00000000 
    497.26666667    497.68333333    496.85000000    498.53333333    498.50000000    498.86666667    499.55000000    499.06666667    498.60000000    500.85000000    500.76666667    502.15000000    501.63333333    501.50000000    500.53333333    502.61666667    502.00000000    500.48333333    502.76666667    500.30000000    500.78333333    501.50000000    500.43333333    501.25000000    500.31666667 
    500.65000000    500.46666667    500.11666667    501.46666667    499.80000000    502.30000000    498.48333333    500.40000000    499.93333333    499.93333333    499.73333333    499.15000000    500.93333333    501.56666667    501.05000000    500.70000000    500.50000000    501.45000000    501.05000000    500.70000000    502.45000000    502.16666667    504.81666667    503.55000000    506.03333333 
    500.91666667    501.86666667    502.28333333    502.00000000    502.95000000    501.83333333    501.40000000    503.81666667    501.40000000    503.15000000    501.85000000    503.46666667    502.45000000    502.70000000    502.20000000    502.88333333    503.46666667    503.68333333    501.11666667    502.33333333    501.76666667    501.60000000    502.98333333    501.10000000    502.83333333 
    502.53333333    501.88333333    500.75000000    501.61666667    501.55000000    501.36666667    501.53333333    500.13333333    499.60000000    500.50000000    498.20000000    498.63333333    499.80000000    499.80000000    498.23333333    497.70000000    499.86666667    498.50000000    498.60000000    499.11666667    495.70000000    496.73333333    497.18333333    496.01666667    495.98333333 
    496.70000000    494.93333333    493.51666667    491.75000000    493.40000000    493.13333333    495.10000000    492.91666667    492.66666667    492.73333333    492.90000000    492.55000000    493.71666667    492.73333333    492.65000000    491.90000000    491.53333333    490.50000000    492.58333333    492.20000000    491.91666667    492.40000000    491.75000000    492.70000000    491.21666667 
    488.76666667    489.33333333    489.51666667    487.93333333    486.93333333    484.71666667    488.23333333    483.63333333    483.40000000    485.31666667    483.66666667    485.98333333    485.90000000    484.68333333    484.11666667    482.91666667    483.41666667    482.90000000    482.60000000    484.76666667    484.06666667    481.95000000    481.43333333    479.96666667    481.86666667 
    481.85000000    480.88333333    479.30000000    480.01666667    479.73333333    477.83333333    477.75000000    475.90000000    475.66666667    474.78333333    476.56666667    475.41666667    473.71666667    473.60000000    476.00000000    474.95000000    473.35000000    472.00000000    470.10000000    470.86666667    471.20000000    471.86666667    470.98333333    468.66666667    470.20000000 
    469.10000000    466.73333333    465.80000000    465.08333333    465.53333333    463.90000000    465.46666667    464.55000000    462.33333333    464.66666667    463.60000000    463.38333333    462.91666667    463.78333333    463.16666667    460.05000000    461.13333333    460.20000000    458.90000000    457.80000000    458.15000000    456.75000000    456.73333333    455.83333333    455.61666667 
    455.88333333    454.18333333    451.26666667    451.18333333    450.86666667    450.73333333    449.43333333    451.81666667    448.55000000    450.15000000    446.76666667    446.28333333    445.51666667    445.63333333    443.60000000    444.21666667    443.96666667    442.45000000    441.43333333    439.25000000    440.51666667    439.86666667    439.33333333    436.41666667    438.16666667 
    436.06666667    434.23333333    433.56666667    433.56666667    431.63333333    430.96666667    431.50000000    429.43333333    428.35000000    428.58333333    426.23333333    426.13333333    424.66666667    424.21666667    425.40000000    423.16666667    423.00000000    422.43333333    421.78333333    420.38333333    418.95000000    420.98333333    419.71666667    420.13333333    418.95000000 
    417.48333333    415.95000000    415.91666667    413.56666667    412.68333333    411.66666667    413.11666667    410.80000000    410.85000000    413.16666667    409.30000000    407.56666667    408.51666667    407.70000000    406.18333333    403.30000000    405.06666667    405.16666667    403.16666667    406.03333333    403.15000000    401.60000000    401.01666667    399.86666667    399.76666667 
    399.16666667    396.80000000    395.45000000    394.30000000    395.00000000    393.08333333    392.56666667    392.60000000    393.36666667    391.43333333    391.98333333    391.38333333    390.18333333    392.21666667    387.98333333    389.28333333    388.21666667    385.96666667    388.10000000    387.13333333    386.73333333    386.01666667    382.96666667    382.50000000    381.38333333 
    381.43333333    378.10000000    379.43333333    379.16666667    376.41666667    374.85000000    374.88333333    375.90000000    375.18333333    373.26666667    373.73333333    371.86666667    370.41666667    369.78333333    370.53333333    367.58333333    368.86666667    366.38333333    364.28333333    365.41666667    365.40000000    364.38333333    364.03333333    363.23333333    362.90000000 
    360.58333333    360.66666667    360.01666667    358.13333333    356.53333333    356.26666667    357.73333333    356.76666667    354.40000000    353.71666667    351.98333333    353.41666667    351.68333333    350.25000000    351.23333333    349.43333333    348.55000000    347.51666667    347.00000000    342.80000000    343.70000000    342.75000000    340.95000000    339.80000000    338.00000000 
    336.73333333    334.81666667    337.21666667    337.23333333    336.45000000    334.38333333    333.33333333    332.10000000    330.40000000    330.26666667    330.75000000    328.45000000    328.08333333    330.46666667    328.61666667    326.23333333    325.11666667    323.35000000    324.21666667    321.63333333    320.01666667    319.75000000    319.53333333    319.01666667    321.93333333 
    320.28333333    316.35000000    316.60000000    315.33333333    314.86666667    314.68333333    312.03333333    309.90000000    309.23333333    309.33333333    309.91666667    307.46666667    309.01666667    306.16666667    306.66666667    308.26666667    305.96666667    306.33333333    300.83333333    301.86666667    302.56666667    304.78333333    304.58333333    301.60000000    300.66666667 
    299.03333333    296.85000000    295.51666667    296.55000000    294.41666667    293.38333333    292.28333333    290.50000000    290.21666667    288.00000000    289.55000000    288.21666667    288.61666667    288.38333333    286.86666667    289.93333333    288.03333333    286.68333333    284.66666667    286.30000000    287.33333333    285.60000000    284.63333333    285.05000000    283.91666667 
    284.11666667    281.18333333    280.23333333    279.03333333    277.71666667    278.75000000    278.10000000    277.45000000    277.81666667    276.78333333    275.43333333    274.03333333    273.26666667    274.16666667    274.35000000    273.41666667    273.41666667    272.46666667    270.13333333    271.91666667    268.63333333    269.08333333    267.90000000    267.43333333    266.88333333 
    265.43333333    262.53333333    263.21666667    261.48333333    260.45000000    261.65000000    261.36666667    259.38333333    258.93333333    258.08333333    255.56666667    254.85000000    255.08333333    256.45000000    256.45000000    254.80000000    253.36666667    252.81666667    252.73333333    253.43333333    253.05000000    252.26666667    250.23333333    251.20000000    250.76666667 
    250.18333333    247.91666667    245.56666667    244.31666667    245.13333333    245.03333333    243.28333333    241.98333333    241.68333333    241.61666667    240.08333333    238.63333333    240.23333333    236.65000000    237.10000000    237.80000000    238.26666667    236.10000000    233.71666667    233.73333333    234.41666667    235.45000000    234.11666667    234.50000000    230.81666667 
    232.98333333    231.40000000    228.05000000    227.41666667    228.40000000    227.73333333    227.96666667    228.86666667    226.91666667    224.30000000    223.68333333    225.08333333    225.48333333    220.88333333    221.05000000    219.23333333    219.98333333    220.81666667    219.36666667    220.50000000    219.91666667    220.83333333    218.21666667    218.00000000    216.46666667 
    215.43333333    213.66666667    215.75000000    213.85000000    213.23333333    212.36666667    211.85000000    212.06666667    212.41666667    210.50000000    212.06666667    208.61666667    208.08333333    207.30000000    208.11666667    206.93333333    206.78333333    205.15000000    204.73333333    205.70000000    203.91666667    203.41666667    202.85000000    204.15000000    206.96666667 
    202.98333333    201.30000000    201.70000000    199.38333333    199.60000000    200.45000000    199.50000000    198.96666667    197.13333333    195.05000000    197.53333333    196.28333333    197.38333333    196.21666667    197.65000000    195.93333333    195.16666667    193.23333333    191.01666667    192.91666667    191.70000000    189.31666667    189.51666667    189.70000000    189.71666667 
    188.08333333    187.60000000    189.18333333    188.36666667    187.93333333    185.96666667    185.28333333    183.91666667    183.98333333    184.61666667    186.35000000    184.31666667    183.73333333    183.63333333    184.11666667    182.06666667    179.98333333    180.31666667    180.75000000    181.03333333    180.43333333    179.76666667    178.26666667    177.96666667    177.40000000 
    178.58333333    176.26666667    177.46666667    178.80000000    174.56666667    173.73333333    173.61666667    174.63333333    174.48333333    175.85000000    174.56666667    175.25000000    173.56666667    173.05000000    175.03333333    171.83333333    174.58333333    172.90000000    173.00000000    171.68333333    170.58333333    171.03333333    171.45000000    171.45000000    170.63333333 
    167.76666667    166.06666667    166.31666667    166.33333333    167.73333333    166.56666667    166.33333333    165.63333333    165.55000000    166.51666667    166.46666667    164.46666667    164.65000000    164.05000000    161.90000000    162.33333333    162.43333333    162.21666667    161.90000000    160.15000000    160.21666667    161.76666667    163.36666667    161.55000000    161.51666667 
    161.36666667    158.95000000    158.10000000    158.48333333    158.05000000    158.20000000    158.46666667    159.20000000    157.80000000    155.13333333    154.61666667    155.18333333    156.10000000    155.15000000    156.36666667    155.30000000    153.60000000    153.43333333    153.11666667    154.13333333    156.43333333    154.48333333    152.43333333    151.70000000    150.90000000 
    150.30000000    149.36666667    148.98333333    146.96666667    147.78333333    147.46666667    148.05000000    147.96666667    150.18333333    149.70000000    148.06666667    145.40000000    145.38333333    146.60000000    146.11666667    146.43333333    146.30000000    144.96666667    143.38333333    144.83333333    144.66666667    145.50000000    146.95000000    144.68333333    143.03333333 
    143.43333333    144.21666667    143.86666667    144.08333333    143.11666667    143.35000000    142.26666667    140.76666667    142.66666667    141.98333333    143.58333333    142.18333333    141.58333333    140.41666667    142.21666667    142.65000000    141.81666667    142.26666667    141.00000000    141.11666667    139.40000000    138.78333333    139.35000000    141.05000000    139.51666667 
    139.28333333    138.16666667    137.25000000    135.91666667    138.63333333    137.85000000    138.10000000    138.73333333    138.11666667    135.85000000    137.45000000    136.76666667    136.01666667    136.78333333    135.73333333    136.23333333    134.40000000    135.76666667    134.11666667    135.45000000    136.18333333    134.55000000    133.66666667    134.55000000    133.65000000 
    134.73333333    131.53333333    131.55000000    130.08333333    131.15000000    130.85000000    130.21666667    130.55000000    131.43333333    130.16666667    128.76666667    129.95000000    129.20000000    126.93333333    127.91666667    127.33333333    127.45000000    127.75000000    129.00000000    127.63333333    127.85000000    126.55000000    127.16666667    127.68333333    128.21666667 
    128.15000000    125.80000000    122.38333333    122.48333333    123.13333333    122.98333333    123.83333333    124.61666667    123.81666667    123.18333333    123.08333333    122.53333333    122.23333333    124.45000000    121.91666667    123.33333333    121.86666667    123.86666667    124.91666667    125.93333333    122.73333333    122.71666667    123.18333333    123.73333333    124.53333333 
    122.83333333    122.88333333    122.61666667    123.23333333    123.81666667    124.43333333    123.58333333    122.33333333    122.60000000    124.25000000    123.85000000    123.90000000    122.86666667    122.81666667    122.91666667    121.13333333    120.08333333    122.26666667    120.55000000    120.05000000    121.76666667    121.45000000    121.35000000    121.76666667    120.43333333 
    120.53333333    121.66666667    122.40000000    122.23333333    123.10000000    122.83333333    123.51666667    122.23333333    122.26666667    123.58333333    122.93333333    123.86666667    123.35000000    123.43333333    123.41666667    124.13333333    122.75000000    121.73333333    121.65000000    123.23333333    123.33333333    123.90000000    122.45000000    119.33333333    120.23333333 
    121.51666667    122.25000000    122.51666667    123.01666667    122.85000000    124.90000000    124.70000000    124.36666667    123.48333333    124.73333333    124.96666667    124.55000000    125.18333333    124.46666667    123.38333333    124.38333333    123.53333333    122.88333333    122.51666667    122.26666667    123.80000000    123.85000000    122.63333333    122.40000000    122.43333333 
    121.20000000    121.98333333    123.35000000    124.26666667    125.35000000    125.16666667    124.56666667    123.36666667    124.16666667    124.90000000    124.93333333    124.08333333    124.93333333    125.45000000    123.78333333    123.53333333    124.21666667    125.68333333    126.03333333    125.06666667    126.90000000    125.25000000    125.83333333    125.51666667    124.43333333 
    124.90000000    125.00000000    127.00000000    125.91666667    128.53333333    127.43333333    127.71666667    126.31666667    125.76666667    125.91666667    124.96666667    125.68333333    122.71666667    121.83333333    122.86666667    123.61666667    123.91666667    123.30000000    122.78333333    125.10000000    124.88333333    125.36666667    127.41666667    125.51666667    125.03333333 
    124.43333333    126.08333333    126.45000000    127.45000000    126.95000000    129.78333333    128.73333333    129.96666667    128.13333333    126.53333333    126.95000000    125.30000000    124.26666667    124.36666667    126.56666667    125.76666667    128.18333333    126.91666667    129.25000000    127.83333333    127.00000000    127.03333333    126.26666667    126.73333333    127.45000000 
    126.21666667    127.43333333    129.80000000    127.76666667    128.85000000    128.03333333    129.18333333    129.61666667    128.83333333    128.55000000    128.51666667    128.88333333    130.38333333    131.63333333    129.36666667    128.80000000    130.18333333    129.83333333    130.11666667    131.55000000    131.56666667    132.31666667    131.35000000    129.88333333    131.60000000 
    131.61666667    132.56666667    134.83333333    135.41666667    134.25000000    134.70000000    134.68333333    135.30000000    135.03333333    133.33333333    133.73333333    132.46666667    133.76666667    134.18333333    133.80000000    133.31666667    134.75000000    134.70000000    135.38333333    135.01666667    136.43333333    136.53333333    137.46666667    136.80000000    138.16666667 
    135.80000000    136.38333333    137.23333333    137.65000000    137.26666667    137.55000000    137.76666667    138.80000000    138.68333333    139.26666667    139.36666667    138.13333333    137.11666667    136.96666667    136.90000000    138.38333333    137.90000000    137.43333333    138.30000000    137.58333333    138.91666667    139.50000000    138.76666667    137.80000000    136.13333333 
    137.08333333    139.10000000    139.26666667    139.18333333    140.35000000    139.68333333    140.58333333    139.90000000    139.01666667    141.05000000    142.05000000    143.23333333    141.75000000    139.81666667    139.81666667    141.36666667    140.38333333    140.83333333    139.90000000    140.86666667    139.86666667    138.51666667    141.25000000    141.53333333    142.01666667 
    140.31666667    141.53333333    142.43333333    142.83333333    142.48333333    143.95000000    143.31666667    143.55000000    144.16666667    145.33333333    144.73333333    145.55000000    143.31666667    145.13333333    146.15000000    147.03333333    147.01666667    145.81666667    145.90000000    145.28333333    144.18333333    146.10000000    147.48333333    146.75000000    144.75000000 
    145.75000000    147.45000000    147.46666667    148.78333333    148.25000000    147.41666667    147.21666667    149.40000000    149.21666667    149.05000000    149.23333333    149.66666667    147.63333333    148.68333333    147.26666667    148.35000000    149.45000000    149.73333333    149.65000000    148.23333333    146.86666667    148.75000000    150.33333333    148.21666667    148.18333333 
    149.78333333    151.53333333    152.58333333    153.78333333    154.21666667    151.71666667    153.70000000    155.33333333    152.88333333    151.20000000    152.03333333    152.06666667    152.76666667    151.86666667    152.30000000    154.16666667    152.75000000    152.41666667    154.60000000    152.46666667    152.95000000    152.28333333    153.16666667    153.75000000    153.70000000 
    152.03333333    153.63333333    157.78333333    156.11666667    154.56666667    154.71666667    157.38333333    156.13333333    154.61666667    156.08333333    157.01666667    158.41666667    160.11666667    160.55000000    160.05000000    159.05000000    156.68333333    156.51666667    159.23333333    159.48333333    159.43333333    158.76666667    160.21666667    158.00000000    157.50000000 
    157.98333333    158.28333333    160.28333333    161.00000000    160.08333333    161.85000000    161.23333333    160.88333333    163.13333333    164.03333333    163.45000000    160.45000000    163.96666667    164.20000000    162.43333333    162.46666667    162.65000000    164.03333333    162.41666667    162.83333333    164.81666667    163.20000000    164.78333333    162.63333333    163.00000000 
    164.50000000    165.83333333    162.58333333    165.73333333    167.70000000    166.16666667    166.03333333    166.50000000    167.41666667    166.81666667    167.26666667    166.83333333    168.28333333    169.31666667    169.51666667    168.25000000    168.56666667    168.60000000    169.41666667    167.76666667    167.91666667    169.76666667    169.70000000    169.53333333    167.31666667 
    169.30000000    171.31666667    171.15000000    172.46666667    172.43333333    173.23333333    171.81666667    174.75000000    173.38333333    173.15000000    174.40000000    173.11666667    173.38333333    172.01666667    173.10000000    171.76666667    172.28333333    174.88333333    171.80000000    171.01666667    170.75000000    172.93333333    174.31666667    172.61666667    173.91666667 
    173.21666667    174.98333333    174.18333333    175.43333333    177.51666667    176.45000000    174.68333333    175.98333333    175.91666667    177.03333333    178.25000000    177.03333333    178.18333333    176.81666667    177.61666667    179.81666667    178.78333333    179.98333333    178.03333333    179.80000000    179.00000000    178.21666667    180.31666667    180.21666667    177.63333333 
    180.65000000    179.53333333    182.36666667    182.18333333    182.75000000    184.05000000    182.50000000    183.18333333    186.76666667    183.41666667    183.33333333    186.86666667    185.16666667    186.53333333    184.95000000    187.05000000    186.35000000    185.28333333    185.73333333    185.38333333    186.91666667    187.13333333    186.06666667    187.46666667    187.71666667 
    188.45000000    189.35000000    189.71666667    188.48333333    191.73333333    191.01666667    190.01666667    191.05000000    189.25000000    190.03333333    192.86666667    191.85000000    191.98333333    190.38333333    191.83333333    193.56666667    192.18333333    196.53333333    195.45000000    196.05000000    195.68333333    193.70000000    192.55000000    193.00000000    196.18333333 
    196.78333333    198.43333333    198.58333333    197.50000000    199.50000000    198.85000000    196.41666667    197.38333333    198.00000000    198.86666667    196.85000000    199.70000000    200.20000000    200.65000000    200.01666667    200.78333333    200.85000000    201.65000000    201.40000000    202.01666667    205.13333333    203.91666667    201.65000000    203.18333333    203.03333333 
    205.40000000    205.36666667    203.98333333    206.76666667    205.85000000    207.25000000    208.05000000    207.76666667    206.41666667    205.43333333    206.05000000    206.31666667    208.46666667    209.93333333    208.38333333    206.73333333    207.51666667    208.75000000    210.41666667    212.16666667    209.16666667    212.00000000    212.40000000    210.68333333    212.88333333 
    211.71666667    215.78333333    212.75000000    212.01666667    214.30000000    214.68333333    213.20000000    214.06666667    212.21666667    214.78333333    215.31666667    215.21666667    214.96666667    214.83333333    215.95000000    217.45000000    216.91666667    215.18333333    217.01666667    216.86666667    218.50000000    218.80000000    216.96666667    216.41666667    219.20000000 
    217.35000000    217.93333333    221.23333333    222.90000000    221.73333333    219.31666667    222.90000000    224.20000000    224.38333333    223.35000000    222.31666667    222.38333333    225.41666667    222.63333333    223.86666667    225.53333333    223.83333333    225.90000000    225.73333333    225.80000000    227.98333333    227.80000000    228.60000000    227.63333333    226.33333333 
    225.81666667    229.25000000    229.68333333    230.61666667    229.48333333    231.81666667    228.38333333    231.05000000    231.36666667    230.43333333    231.53333333    232.50000000    233.55000000    233.00000000    233.23333333    232.65000000    234.81666667    235.71666667    235.23333333    237.06666667    238.68333333    236.58333333    238.28333333    237.80000000    238.01666667 
    238.33333333    237.78333333    240.53333333    239.36666667    239.63333333    240.33333333    241.95000000    242.70000000    241.75000000    241.36666667    241.53333333    245.10000000    241.90000000    244.86666667    246.00000000    244.06666667    243.75000000    244.68333333    246.18333333    246.01666667    244.35000000    244.28333333    247.76666667    247.11666667    246.70000000 
    248.33333333    248.28333333    249.61666667    249.01666667    250.36666667    252.08333333    250.73333333    251.91666667    251.91666667    252.90000000    252.76666667    252.11666667    251.86666667    254.18333333    252.70000000    253.83333333    253.76666667    253.53333333    254.20000000    256.68333333    255.86666667    258.21666667    256.91666667    257.28333333    257.05000000 
    255.60000000    259.33333333    259.50000000    259.63333333    261.81666667    262.30000000    261.80000000    263.35000000    263.75000000    264.40000000    263.23333333    266.88333333    265.60000000    265.26666667    263.60000000    263.33333333    265.93333333    265.00000000    266.25000000    266.88333333    267.20000000    267.41666667    266.36666667    267.03333333    267.26666667 
    267.40000000    271.98333333    270.66666667    270.38333333    273.05000000    271.13333333    271.78333333    272.40000000    271.81666667    272.76666667    272.58333333    273.00000000    275.73333333    274.71666667    275.75000000    276.20000000    278.86666667    275.26666667    276.20000000    276.85000000    276.11666667    278.75000000    279.26666667    281.10000000    278.90000000 
    280.48333333    281.83333333    280.85000000    281.38333333    282.83333333    283.38333333    285.78333333    283.30000000    284.35000000    286.91666667    285.18333333    287.71666667    285.88333333    290.96666667    290.31666667    287.45000000    289.20000000    286.70000000    289.38333333    289.00000000    289.38333333    291.96666667    291.60000000    292.18333333    293.56666667 
    294.13333333    293.26666667    295.96666667    298.40000000    295.10000000    294.16666667    295.15000000    298.08333333    295.30000000    299.56666667    299.96666667    300.46666667    301.85000000    302.08333333    298.93333333    302.93333333    302.25000000    301.16666667    302.63333333    302.31666667    302.91666667    303.30000000    301.91666667    302.90000000    304.73333333 
    306.43333333    307.75000000    310.23333333    311.93333333    311.76666667    308.71666667    308.28333333    311.05000000    309.61666667    311.38333333    312.73333333    314.86666667    310.16666667    311.88333333    315.58333333    314.65000000    316.36666667    317.00000000    316.61666667    316.38333333    317.75000000    317.48333333    319.01666667    319.30000000    320.98333333 
    321.66666667    325.16666667    323.30000000    326.56666667    327.91666667    323.73333333    325.23333333    325.55000000    327.10000000    326.28333333    330.51666667    329.56666667    331.33333333    328.85000000    328.88333333    333.25000000    331.45000000    332.60000000    332.88333333    334.63333333    332.81666667    332.65000000    333.58333333    332.15000000    333.86666667 
    333.55000000    337.65000000    338.50000000    335.61666667    338.20000000    339.95000000    339.30000000    340.96666667    341.11666667    341.15000000    342.08333333    342.50000000    344.96666667    342.23333333    345.53333333    343.35000000    345.43333333    346.41666667    349.08333333    347.01666667    349.81666667    346.75000000    350.68333333    348.58333333    350.16666667 
    351.36666667    351.75000000    352.86666667    353.86666667    352.70000000    353.55000000    354.45000000    356.23333333    356.53333333    357.15000000    358.51666667    358.60000000    359.16666667    360.41666667    361.81666667    361.70000000    361.56666667    363.31666667    363.40000000    363.83333333    365.26666667    365.36666667    365.05000000    365.48333333    363.98333333 
    366.76666667    368.13333333    369.88333333    369.90000000    372.90000000    373.03333333    371.58333333    371.81666667    373.51666667    375.68333333    374.01666667    373.35000000    376.11666667    375.00000000    376.10000000    379.33333333    379.10000000    379.30000000    380.73333333    379.51666667    379.90000000    380.68333333    382.88333333    381.31666667    382.28333333 
    384.83333333    387.16666667    386.51666667    386.26666667    389.58333333    387.56666667    386.91666667    387.48333333    389.80000000    389.66666667    390.50000000    393.85000000    394.40000000    394.56666667    394.81666667    395.30000000    395.91666667    396.90000000    398.23333333    398.91666667    399.75000000    399.68333333    398.98333333    401.30000000    400.65000000 
    400.38333333    402.18333333    404.81666667    404.80000000    404.13333333    407.51666667    406.95000000    407.51666667    407.83333333    409.16666667    406.95000000    411.00000000    409.08333333    410.33333333    411.21666667    413.76666667    412.00000000    413.10000000    412.05000000    412.23333333    413.21666667    413.58333333    411.75000000    414.78333333    415.78333333 
    416.48333333    415.06666667    418.90000000    418.76666667    419.98333333    420.76666667    420.03333333    422.65000000    423.18333333    423.06666667    423.55000000    423.08333333    425.78333333    426.55000000    428.51666667    430.46666667    428.43333333    428.88333333    431.31666667    432.63333333    429.33333333    432.63333333    432.26666667    431.56666667    433.71666667 
    431.95000000    434.61666667    435.55000000    435.83333333    438.01666667    435.93333333    439.73333333    441.28333333    441.38333333    438.88333333    442.43333333    443.81666667    444.65000000    444.21666667    446.41666667    448.55000000    444.60000000    445.95000000    445.20000000    445.48333333    445.40000000    448.90000000    450.06666667    449.78333333    449.13333333 
    450.01666667    453.60000000    452.71666667    452.98333333    456.38333333    454.60000000    456.66666667    456.68333333    456.48333333    458.10000000    458.75000000    459.13333333    458.30000000    458.88333333    459.98333333    460.43333333    460.70000000    461.18333333    465.96666667    464.20000000    464.23333333    464.05000000    463.00000000    464.15000000    463.55000000 
    465.98333333    467.38333333    465.10000000    467.40000000    467.65000000    466.06666667    467.86666667    467.80000000    467.38333333    467.70000000    467.73333333    469.46666667    469.35000000    471.65000000    469.71666667    470.66666667    470.70000000    470.10000000    471.45000000    470.33333333    473.28333333    474.18333333    473.61666667    474.76666667    475.61666667 
    476.71666667    478.05000000    477.98333333    477.41666667    479.73333333    481.13333333    480.66666667    481.30000000    484.65000000    482.03333333    483.96666667    484.60000000    483.76666667    484.06666667    484.73333333    485.05000000    483.81666667    486.25000000    487.91666667    485.40000000    485.68333333    486.18333333    486.75000000    486.28333333    486.51666667 
    486.55000000    489.08333333    488.35000000    489.23333333    490.48333333    491.10000000    491.68333333    492.26666667    490.10000000    491.61666667    492.70000000    494.13333333    494.60000000    494.55000000    496.28333333    493.26666667    496.05000000    491.95000000    493.41666667    494.13333333    497.78333333    497.76666667    495.13333333    496.28333333    496.15000000 
    497.83333333    500.00000000    500.55000000    499.21666667    499.48333333    497.13333333    499.01666667    497.65000000    498.55000000    498.30000000    500.00000000    499.28333333    501.95000000    500.48333333    501.73333333    501.98333333    500.20000000    501.05000000    500.60000000    499.63333333    501.36666667    502.83333333    502.11666667    502.91666667    500.90000000 
    501.71666667    498.75000000    499.15000000    503.16666667    503.01666667    501.20000000    501.20000000    503.41666667    505.25000000    504.58333333    506.00000000    503.80000000    504.63333333    502.76666667    502.56666667    502.91666667    501.01666667    502.98333333    501.86666667    501.21666667    501.08333333    502.00000000    502.56666667    500.31666667    501.13333333 
    500.20000000    500.53333333    500.83333333    500.43333333    502.23333333    499.83333333    503.23333333    501.00000000    504.08333333    501.05000000    503.48333333    502.48333333    499.95000000    500.03333333    497.68333333    499.96666667    500.86666667    499.83333333    501.65000000    500.08333333    501.20000000    499.35000000    499.03333333    498.83333333    496.81666667 
    495.31666667    495.61666667    495.26666667    493.08333333    498.11666667    495.23333333    493.40000000    495.23333333    495.10000000    494.68333333    491.73333333    492.25000000    493.73333333    492.80000000    492.55000000    491.98333333    492.63333333    492.63333333    494.03333333    491.68333333    491.18333333    490.91666667    489.98333333    488.10000000    487.91666667 
    489.08333333    488.20000000    486.91666667    485.06666667    484.83333333    484.56666667    483.16666667    483.36666667    483.15000000    480.01666667    481.66666667    481.20000000    480.40000000    478.36666667    478.75000000    478.11666667    477.03333333    476.80000000    475.18333333    474.71666667    474.63333333    471.60000000    472.03333333    471.10000000    471.03333333 
    471.48333333    472.68333333    469.36666667    469.45000000    467.31666667    464.63333333    465.41666667    464.80000000    463.81666667    461.31666667    460.55000000    459.70000000    459.01666667    455.91666667    455.23333333    453.81666667    454.60000000    453.75000000    451.53333333    449.56666667    449.25000000    449.31666667    447.95000000    445.43333333    445.25000000 
    444.70000000    444.50000000    443.61666667    441.91666667    441.55000000    439.51666667    437.95000000    436.95000000    437.45000000    434.41666667    434.40000000    432.81666667    429.70000000    431.05000000    428.78333333    426.16666667    424.95000000    424.61666667    423.11666667    421.75000000    421.55000000    419.61666667    417.93333333    417.11666667    414.23333333 
    413.15000000    413.80000000    413.20000000    411.28333333    411.06666667    409.73333333    407.61666667    405.71666667    405.31666667    402.85000000    400.63333333    399.91666667    398.05000000    397.63333333    396.13333333    394.88333333    392.18333333    390.88333333    389.66666667    389.05000000    387.66666667    385.88333333    384.28333333    383.65000000    382.10000000 
    382.11666667    380.51666667    378.21666667    376.21666667    375.30000000    374.45000000    372.55000000    369.50000000    366.93333333    367.65000000    365.88333333    365.23333333    363.90000000    362.25000000    361.60000000    358.88333333    356.93333333    356.50000000    354.20000000    352.31666667    351.23333333    349.85000000    348.76666667    346.81666667    345.98333333 
    343.86666667    343.41666667    340.45000000    338.83333333    338.48333333    336.76666667    335.75000000    334.01666667    332.76666667    331.45000000    330.86666667    328.23333333    326.11666667    326.45000000    326.85000000    323.33333333    322.95000000    320.08333333    320.11666667    317.31666667    314.61666667    314.23333333    312.16666667    311.88333333    310.01666667 
    307.88333333    308.43333333    305.45000000    304.86666667    303.48333333    301.76666667    299.38333333    297.31666667    294.71666667    294.18333333    292.73333333    291.93333333    290.31666667    288.71666667    287.11666667    283.58333333    282.51666667    280.33333333    278.81666667    278.85000000    276.78333333    274.75000000    274.26666667    272.61666667    272.10000000 
    272.63333333    270.78333333    270.83333333    267.48333333    266.41666667    263.80000000    262.95000000    262.01666667    261.21666667    257.76666667    256.16666667    255.46666667    252.75000000    251.61666667    250.56666667    250.75000000    247.56666667    245.26666667    243.10000000    241.65000000    240.80000000    238.91666667    238.51666667    236.33333333    235.51666667 
    235.13333333    232.95000000    231.80000000    231.61666667    230.11666667    228.18333333    227.88333333    226.88333333    224.56666667    223.96666667    222.41666667    221.16666667    220.25000000    218.86666667    216.58333333    215.26666667    214.68333333    214.30000000    212.98333333    211.80000000    211.03333333    209.75000000    208.18333333    207.15000000    206.10000000 
    204.83333333    203.41666667    202.73333333    202.10000000    200.58333333    200.40000000    198.48333333    197.43333333    196.23333333    194.23333333    192.46666667    190.08333333    190.01666667    187.55000000    186.18333333    184.43333333    184.05000000    182.63333333    181.78333333    181.61666667    180.53333333    180.45000000    180.15000000    178.86666667    177.11666667 
    175.65000000    173.25000000    173.55000000    173.28333333    172.58333333    170.63333333    169.48333333    167.96666667    168.53333333    167.95000000    166.50000000    164.55000000    162.96666667    162.81666667    161.68333333    161.95000000    160.23333333    158.96666667    157.88333333    157.00000000    157.26666667    156.18333333    155.88333333    155.30000000    154.16666667 
    153.15000000    152.68333333    151.58333333    150.85000000    150.51666667    148.91666667    147.56666667    147.53333333    146.93333333    146.73333333    145.80000000    145.53333333    143.53333333    144.06666667    143.56666667    142.65000000    141.98333333    141.40000000    141.26666667    141.86666667    140.75000000    139.56666667    138.58333333    138.91666667    138.08333333 
    137.15000000    136.91666667    135.23333333    134.13333333    134.26666667    133.70000000    132.91666667    132.23333333    130.10000000    128.66666667    129.08333333    128.28333333    128.05000000    128.00000000    128.06666667    127.28333333    127.33333333    127.68333333    126.53333333    125.20000000    124.98333333    123.76666667    123.78333333    123.43333333    121.98333333 
    121.08333333    121.10000000    119.56666667    118.75000000    117.88333333    117.25000000    117.20000000    115.56666667    115.16666667    115.23333333    114.78333333    114.06666667    113.38333333    113.51666667    112.98333333    112.40000000    112.35000000    112.60000000    112.06666667    111.46666667    111.21666667    110.46666667    109.91666667    108.81666667    107.73333333 
    106.63333333    105.48333333    105.85000000    105.56666667    105.28333333    105.51666667    104.55000000    104.18333333    103.95000000    103.38333333    102.63333333    101.61666667    101.73333333    101.36666667    102.13333333    101.46666667    100.66666667    100.36666667    100.25000000    100.93333333    101.26666667    100.31666667     99.01666667     98.15000000     97.81666667 
     98.06666667     97.36666667     97.28333333     95.70000000     96.48333333     96.55000000     96.15000000     95.80000000     94.85000000     94.73333333     94.50000000     94.71666667     94.96666667     94.66666667     93.63333333     93.95000000     92.53333333     92.98333333     93.23333333     93.58333333     93.85000000     94.11666667     94.30000000     93.15000000     92.55000000 
     92.35000000     92.15000000     92.16666667     91.18333333     90.95000000     90.58333333     90.58333333     90.70000000     90.11666667     89.10000000     89.51666667     89.60000000     89.86666667     89.28333333     87.80000000     87.75000000     87.40000000     87.48333333     87.36666667     86.55000000     85.95000000     85.35000000     85.91666667     85.90000000     85.23333333 
     84.13333333     83.48333333     83.06666667     82.60000000     81.56666667     81.28333333     80.85000000     80.63333333     81.98333333     82.25000000     82.18333333     80.75000000     81.46666667     80.90000000     79.90000000     79.21666667     79.25000000     79.28333333     80.33333333     79.50000000     78.46666667     78.75000000     79.25000000     78.86666667     78.43333333 
     78.66666667     78.51666667     78.05000000     77.51666667     78.35000000     77.41666667     77.31666667     77.15000000     76.91666667     76.48333333     76.40000000     76.41666667     76.08333333     76.65000000     77.20000000     76.83333333     76.66666667     76.45000000     75.91666667     75.80000000     75.70000000     75.35000000     74.55000000     74.20000000     73.91666667 
     74.25000000     73.55000000     72.15000000     72.30000000     72.91666667     71.75000000     71.88333333     71.70000000     72.35000000     71.28333333     70.68333333     71.10000000     70.50000000     70.75000000     70.18333333     70.40000000     71.21666667     71.93333333     72.50000000     71.90000000     71.95000000     71.01666667     70.48333333     71.31666667     70.96666667 
     70.50000000     69.86666667     69.61666667     68.95000000     68.60000000     69.65000000     68.25000000     68.23333333     67.73333333     67.51666667     67.06666667     67.45000000     67.33333333     67.50000000     67.35000000     67.30000000     66.11666667     66.21666667     66.55000000     67.16666667     68.26666667     67.65000000     67.56666667     67.98333333     69.40000000 
     69.06666667     68.68333333     68.06666667     66.78333333     66.46666667     66.50000000     66.61666667     65.95000000     65.83333333     65.63333333     66.00000000     65.56666667     65.00000000     64.35000000     64.88333333     63.93333333     63.23333333     63.83333333     62.96666667     63.36666667     63.96666667     63.01666667     63.91666667     63.50000000     62.15000000 
     62.71666667     62.83333333     62.46666667     61.91666667     61.56666667     61.58333333     60.85000000     60.38333333     60.43333333     60.71666667     60.38333333     60.18333333     60.01666667     59.11666667     59.95000000     60.01666667     59.41666667     60.10000000     59.28333333     59.48333333     59.38333333     58.95000000     58.28333333     57.93333333     58.20000000 
     57.83333333     57.63333333     57.33333333     56.45000000     56.83333333     56.23333333     56.08333333     55.33333333     55.30000000     55.38333333     55.06666667     56.25000000     56.78333333     56.31666667     56.16666667     55.91666667     56.95000000     57.10000000     57.38333333     56.41666667     56.95000000     56.98333333     55.85000000     56.18333333     56.28333333 
     55.20000000     55.35000000     55.71666667     55.20000000     55.18333333     54.91666667     54.90000000     54.26666667     54.93333333     54.75000000     53.80000000     52.78333333     53.43333333     52.68333333     52.96666667     53.03333333     52.96666667     52.61666667     52.60000000     52.31666667     51.85000000     52.90000000     52.91666667     52.38333333     52.56666667 
     52.16666667     51.26666667     51.53333333     51.31666667     51.28333333     51.11666667     50.33333333     49.63333333     49.21666667     48.83333333     48.75000000     48.58333333     49.30000000     50.00000000     49.53333333     49.81666667     50.18333333     50.45000000     49.55000000     50.13333333     50.40000000     50.85000000     51.58333333     50.61666667     49.40000000 
     49.40000000     48.90000000     49.63333333     48.93333333     48.93333333     49.61666667     49.06666667     49.25000000     49.13333333     48.68333333     49.15000000     48.01666667     47.20000000     47.20000000     47.08333333     47.76666667     46.93333333     46.70000000     46.46666667     46.43333333     47.28333333     47.95000000     48.03333333     47.46666667     48.26666667 
     47.81666667     46.18333333     45.58333333     45.53333333     46.05000000     45.63333333     44.70000000     44.51666667     44.25000000     44.68333333     44.26666667     44.13333333     44.80000000     44.00000000     44.20000000     45.28333333     44.75000000     44.61666667     44.25000000     44.23333333     43.88333333     43.35000000     43.40000000     42.93333333     43.41666667 
     43.75000000     43.38333333     43.75000000     43.61666667     42.91666667     42.70000000     43.66666667     43.60000000     42.88333333     42.81666667     42.95000000     42.58333333     42.10000000     42.20000000     42.55000000     42.36666667     42.70000000     42.63333333     41.76666667     41.83333333     42.23333333     41.63333333     41.95000000     41.75000000     42.11666667 
     43.00000000     43.66666667     42.46666667     42.20000000     42.11666667     43.00000000     42.50000000     42.45000000     42.85000000     41.91666667     40.58333333     41.41666667     41.13333333     41.13333333     40.80000000     40.48333333     40.71666667     40.66666667     41.43333333     39.98333333     39.68333333     39.50000000     39.93333333     39.33333333     38.91666667 
     38.28333333     39.20000000     38.56666667     39.11666667     38.70000000     38.75000000     38.46666667     38.45000000     37.48333333     37.65000000     37.30000000     37.65000000     38.15000000     37.95000000     37.68333333     38.01666667     37.18333333     37.06666667     37.43333333     37.68333333     37.06666667     37.71666667     37.98333333     37.86666667     38.11666667 
     38.53333333     37.46666667     36.58333333     35.50000000     36.48333333     37.23333333     36.76666667     36.00000000     36.20000000     35.90000000     36.53333333     36.16666667     36.35000000     35.93333333     36.50000000     36.40000000     36.05000000     35.78333333     35.90000000     35.66666667     36.10000000     35.63333333     36.30000000     36.90000000     35.78333333 
