      0.00000000     55.78333333     63.15000000     67.65000000     71.30000000     75.32500000     77.70833333     82.09166667     83.50833333     83.82500000     83.87500000     85.80833333     88.37500000     88.19166667     89.90000000     90.01666667     88.90000000     90.73333333     91.28333333     92.90833333     92.10000000     91.45833333     91.43333333     91.58333333     92.90000000 
     93.03333333     94.63333333     95.15833333     92.88333333     94.45833333     95.20833333     95.90000000     95.41666667     96.93333333     95.91666667     96.88333333     96.84166667     97.20000000     96.96666667     97.29166667     97.41666667     97.45833333     98.02500000     96.73333333     96.64166667     96.21666667     97.15833333     94.75000000     94.99166667     95.91666667 
     96.63333333     98.10000000     98.99166667     99.76666667     99.12500000     99.58333333    100.38333333    100.54166667     99.29166667     98.80000000     99.87500000    102.15833333    101.20000000    100.02500000    101.99166667    101.20833333    100.29166667    100.20000000    100.78333333    100.60833333    102.65000000    100.82500000    101.42500000    101.09166667    100.82500000 
    101.70000000    103.89166667    103.94166667    102.70833333    103.85833333    104.70833333    104.06666667    104.09166667    103.68333333    103.97500000    105.30833333    103.89166667    104.33333333    103.32500000    104.64166667    103.41666667    105.08333333    104.49166667    105.06666667    105.83333333    105.79166667    106.72500000    106.54166667    105.74166667    104.40833333 
    105.63333333    105.61666667    104.40833333    106.12500000    108.33333333    108.85000000    109.84166667    108.65000000    110.45833333    110.25833333    110.05000000    110.07500000    109.76666667    109.53333333    111.66666667    109.90833333    110.57500000    110.54166667    110.87500000    110.55833333    110.06666667    111.32500000    112.00000000    112.41666667    112.52500000 
    112.39166667    114.02500000    113.54166667    113.04166667    114.33333333    114.50000000    114.82500000    115.17500000    116.48333333    117.70833333    117.30833333    116.37500000    115.47500000    115.79166667    116.70833333    116.02500000    116.30000000    115.56666667    115.09166667    117.04166667    117.63333333    116.48333333    116.16666667    115.02500000    117.22500000 
    116.08333333    116.20833333    116.08333333    115.25833333    115.33333333    118.05833333    115.67500000    116.75833333    116.73333333    117.02500000    118.85000000    118.15000000    120.39166667    119.34166667    119.24166667    121.30000000    119.71666667    122.10833333    120.79166667    121.66666667    122.25833333    121.89166667    122.03333333    121.70833333    120.99166667 
    120.59166667    121.34166667    123.66666667    123.46666667    125.43333333    126.36666667    125.87500000    126.70833333    126.38333333    125.14166667    126.54166667    123.92500000    125.02500000    125.32500000    123.62500000    123.65000000    123.34166667    122.82500000    124.37500000    122.36666667    123.90833333    124.35000000    125.00000000    124.38333333    124.10000000 
    125.25833333    126.95833333    127.14166667    127.42500000    127.70833333    128.51666667    128.38333333    129.08333333    129.87500000    128.07500000    130.12500000    129.71666667    129.51666667    130.34166667    128.85000000    130.21666667    129.29166667    128.84166667    129.32500000    129.21666667    128.95000000    128.70833333    130.57500000    131.29166667    131.82500000 
    132.24166667    132.35833333    131.80833333    134.25833333    134.43333333    134.16666667    134.98333333    133.85833333    134.80000000    134.10833333    135.12500000    135.02500000    135.62500000    134.82500000    135.36666667    136.52500000    135.27500000    135.35000000    136.48333333    137.48333333    135.85000000    135.66666667    137.76666667    136.86666667    137.37500000 
    135.58333333    138.04166667    136.68333333    135.85000000    136.63333333    137.27500000    139.31666667    137.65833333    137.93333333    138.10000000    139.02500000    138.13333333    137.40833333    137.18333333    138.20833333    138.51666667    138.26666667    138.62500000    139.13333333    139.37500000    140.07500000    138.49166667    141.40000000    141.22500000    141.59166667 
    142.06666667    143.23333333    145.71666667    144.79166667    146.02500000    145.87500000    145.05833333    146.15000000    147.75833333    149.07500000    147.51666667    149.76666667    148.46666667    147.75833333    148.60833333    149.47500000    149.05833333    150.80000000    148.92500000    149.45833333    148.91666667    150.12500000    150.15000000    149.47500000    151.15000000 
    150.36666667    151.34166667    151.06666667    151.27500000    152.18333333    153.67500000    154.10833333    153.94166667    154.37500000    154.63333333    156.04166667    157.55833333    155.87500000    153.97500000    155.65833333    153.93333333    154.85000000    154.61666667    155.40833333    155.68333333    155.54166667    155.57500000    154.98333333    155.70833333    154.90000000 
    156.03333333    157.88333333    158.86666667    158.87500000    160.71666667    159.40833333    160.75833333    160.53333333    159.00833333    160.96666667    163.25833333    163.49166667    164.55833333    164.15000000    164.14166667    163.98333333    164.57500000    165.27500000    164.53333333    164.63333333    164.07500000    165.71666667    166.80000000    167.93333333    167.81666667 
    168.48333333    170.27500000    169.74166667    170.42500000    171.07500000    170.27500000    172.16666667    171.53333333    172.65833333    174.07500000    171.78333333    171.29166667    173.42500000    174.72500000    172.27500000    174.50833333    174.61666667    173.55833333    173.89166667    175.08333333    175.64166667    175.95833333    175.93333333    176.02500000    174.75000000 
    175.64166667    177.62500000    178.78333333    178.64166667    179.33333333    179.90000000    179.18333333    180.53333333    181.86666667    181.00000000    181.80000000    181.73333333    180.32500000    183.65000000    181.15000000    181.85000000    182.10000000    182.60833333    184.70000000    181.78333333    183.70833333    181.80000000    182.14166667    184.21666667    181.53333333 
    183.50833333    183.54166667    184.88333333    185.27500000    186.60000000    187.50833333    187.71666667    188.11666667    189.36666667    189.72500000    191.06666667    190.75000000    191.53333333    192.36666667    192.13333333    192.51666667    192.82500000    192.20833333    192.60000000    193.37500000    195.13333333    193.45000000    194.03333333    195.78333333    196.50000000 
    196.20000000    196.81666667    197.23333333    197.88333333    198.69166667    198.75833333    199.00000000    200.29166667    199.55833333    200.87500000    201.37500000    199.87500000    199.85833333    201.20000000    200.85833333    202.30000000    203.30833333    203.19166667    203.77500000    203.48333333    204.56666667    204.40000000    203.94166667    204.07500000    205.36666667 
    203.80000000    205.65000000    209.10833333    209.25000000    209.89166667    208.23333333    209.72500000    211.06666667    211.35833333    211.90000000    212.05833333    212.75000000    212.71666667    213.50000000    213.82500000    215.04166667    215.21666667    214.93333333    214.13333333    216.30833333    214.58333333    216.70000000    216.92500000    215.76666667    216.13333333 
    218.23333333    220.14166667    220.80833333    219.85833333    220.37500000    223.35833333    224.10833333    224.48333333    224.83333333    225.45833333    227.06666667    229.84166667    230.33333333    231.20000000    230.55000000    233.00833333    232.53333333    232.08333333    232.65000000    232.62500000    233.43333333    231.42500000    230.97500000    232.55833333    233.40000000 
    233.91666667    235.52500000    235.02500000    237.29166667    236.95833333    236.87500000    240.45000000    240.05833333    239.00833333    240.66666667    241.84166667    240.77500000    240.60833333    240.93333333    241.21666667    242.99166667    244.67500000    244.74166667    246.41666667    245.80000000    247.19166667    245.68333333    244.24166667    245.47500000    245.10833333 
    246.11666667    250.44166667    249.95000000    251.06666667    252.57500000    255.12500000    253.29166667    254.94166667    255.00000000    256.06666667    257.05833333    258.90833333    258.54166667    260.54166667    260.09166667    261.37500000    258.90833333    261.88333333    262.48333333    262.28333333    261.79166667    261.61666667    263.75833333    263.91666667    264.82500000 
    264.97500000    269.03333333    266.28333333    268.55833333    269.79166667    271.68333333    270.82500000    272.16666667    273.12500000    275.00000000    276.85000000    277.99166667    277.47500000    278.73333333    278.45000000    278.17500000    279.95000000    281.46666667    281.47500000    281.29166667    281.15000000    281.63333333    283.23333333    284.07500000    286.45833333 
    287.29166667    289.25833333    290.13333333    291.20833333    292.79166667    292.43333333    296.15833333    296.14166667    295.85000000    296.94166667    295.69166667    297.09166667    299.65000000    301.52500000    299.04166667    300.79166667    299.97500000    302.77500000    301.19166667    300.75000000    301.61666667    301.00000000    302.87500000    304.10833333    304.90000000 
    305.98333333    308.04166667    307.50000000    310.09166667    312.66666667    312.98333333    314.17500000    314.87500000    316.66666667    315.50833333    318.19166667    316.41666667    318.20833333    319.65000000    321.37500000    320.70833333    321.40833333    321.95833333    321.98333333    321.88333333    323.24166667    323.91666667    325.48333333    326.00000000    326.79166667 
    327.84166667    332.16666667    331.71666667    332.55000000    333.34166667    334.20833333    335.45833333    334.97500000    338.29166667    339.13333333    339.78333333    341.12500000    342.32500000    341.53333333    344.69166667    345.26666667    344.51666667    345.55000000    347.60000000    347.58333333    347.11666667    349.86666667    349.02500000    349.45833333    351.30833333 
    352.99166667    354.45833333    355.45000000    356.18333333    356.84166667    358.57500000    362.32500000    359.58333333    364.08333333    364.14166667    362.83333333    363.94166667    367.05833333    369.32500000    371.05833333    372.37500000    373.09166667    373.30000000    373.75000000    374.99166667    375.38333333    376.32500000    376.84166667    378.13333333    379.10000000 
    377.64166667    382.04166667    382.47500000    385.90833333    388.30833333    388.10000000    389.62500000    390.90833333    392.20833333    391.86666667    394.53333333    395.96666667    397.57500000    397.95833333    400.23333333    399.61666667    402.55833333    403.90000000    404.35000000    405.28333333    406.78333333    408.65833333    410.40833333    411.60833333    413.60833333 
    413.58333333    416.32500000    416.56666667    418.13333333    420.50000000    422.15833333    424.18333333    426.70833333    427.00000000    428.43333333    428.95000000    429.85833333    430.47500000    430.85000000    434.15000000    436.37500000    436.84166667    437.82500000    438.34166667    440.07500000    441.52500000    442.79166667    444.39166667    445.20833333    444.85000000 
    446.77500000    448.71666667    450.61666667    453.19166667    455.65833333    456.39166667    460.22500000    462.43333333    462.60000000    463.95833333    466.60000000    468.45000000    471.33333333    471.40833333    469.96666667    471.54166667    475.10833333    476.51666667    475.84166667    477.18333333    479.68333333    479.64166667    479.68333333    478.52500000    480.20000000 
    482.36666667    484.35833333    487.08333333    488.90000000    491.61666667    493.11666667    495.83333333    497.15000000    497.87500000    501.05000000    500.41666667    503.70000000    504.23333333    506.79166667    508.86666667    509.49166667    511.37500000    512.28333333    512.90000000    514.70000000    516.43333333    517.65000000    518.30833333    519.12500000    521.61666667 
    523.04166667    524.93333333    526.70833333    529.36666667    530.91666667    533.54166667    536.11666667    536.51666667    538.90000000    540.88333333    544.59166667    544.36666667    547.95833333    548.52500000    549.58333333    551.28333333    554.69166667    556.80000000    559.04166667    560.34166667    560.61666667    565.12500000    564.31666667    566.35000000    568.10000000 
    569.75000000    572.50000000    574.91666667    576.30000000    578.92500000    580.15833333    580.77500000    582.42500000    584.11666667    585.59166667    588.01666667    589.52500000    590.63333333    592.71666667    594.88333333    594.49166667    598.74166667    601.41666667    602.50833333    605.85833333    605.35833333    608.57500000    608.42500000    610.82500000    613.19166667 
    614.92500000    618.50833333    620.05000000    624.55000000    628.28333333    628.40000000    631.34166667    633.34166667    634.57500000    636.70833333    638.64166667    640.17500000    641.75833333    646.37500000    646.59166667    650.10000000    652.18333333    655.25000000    659.56666667    661.22500000    662.10000000    664.12500000    666.75000000    668.07500000    670.65833333 
    672.79166667    675.71666667    677.96666667    682.17500000    685.21666667    687.01666667    688.15000000    690.15833333    693.81666667    696.79166667    699.75833333    703.47500000    705.72500000    708.40000000    711.84166667    713.50000000    715.07500000    717.83333333    719.81666667    720.90833333    725.64166667    728.35000000    728.85833333    732.56666667    735.00000000 
    735.48333333    739.72500000    743.26666667    748.36666667    750.79166667    752.43333333    754.19166667    757.42500000    757.80000000    760.88333333    763.35833333    766.86666667    769.41666667    770.55000000    771.19166667    774.55833333    776.15833333    779.06666667    782.95833333    784.90833333    788.32500000    788.91666667    790.60833333    792.24166667    795.40833333 
    797.87500000    803.51666667    806.60000000    809.80000000    815.26666667    815.42500000    822.56666667    822.91666667    824.99166667    828.59166667    831.02500000    833.65833333    836.66666667    839.59166667    842.05000000    844.35000000    847.69166667    849.20000000    853.16666667    858.05833333    860.40833333    862.93333333    864.67500000    865.27500000    867.48333333 
    871.96666667    876.69166667    879.80000000    883.22500000    887.29166667    888.95833333    892.68333333    898.60000000    901.15833333    904.15833333    906.75000000    909.82500000    910.80833333    914.75833333    918.89166667    920.38333333    923.69166667    925.02500000    928.68333333    930.79166667    933.33333333    935.84166667    938.96666667    942.13333333    944.15833333 
    948.47500000    952.11666667    955.20833333    960.18333333    961.24166667    964.60000000    969.55000000    974.40833333    976.52500000    979.83333333    981.66666667    985.71666667    989.39166667    992.67500000    995.58333333   1000.41666667   1002.63333333   1006.56666667   1011.65000000   1012.83333333   1017.45833333   1018.96666667   1024.52500000   1028.20833333   1031.93333333 
   1034.56666667   1041.90833333   1045.51666667   1050.54166667   1052.31666667   1057.24166667   1059.80833333   1064.93333333   1069.17500000   1071.61666667   1074.63333333   1078.03333333   1081.60833333   1084.75833333   1087.88333333   1089.30833333   1092.98333333   1096.90833333   1101.43333333   1106.40833333   1108.81666667   1112.78333333   1116.99166667   1121.05833333   1124.45000000 
   1128.94166667   1134.09166667   1138.19166667   1143.50833333   1147.39166667   1151.66666667   1154.12500000   1160.01666667   1162.75000000   1165.15833333   1168.70000000   1174.77500000   1177.85833333   1180.03333333   1182.49166667   1187.69166667   1189.55000000   1195.42500000   1197.83333333   1201.59166667   1203.91666667   1207.35000000   1211.00000000   1214.26666667   1218.05833333 
   1221.47500000   1227.79166667   1232.78333333   1236.75833333   1240.75833333   1245.24166667   1249.40000000   1253.17500000   1255.97500000   1262.54166667   1266.07500000   1269.80000000   1273.36666667   1280.50000000   1283.83333333   1286.49166667   1290.87500000   1294.28333333   1298.77500000   1302.09166667   1305.93333333   1309.80833333   1314.84166667   1317.76666667   1322.78333333 
   1326.21666667   1331.45000000   1334.30833333   1338.52500000   1345.78333333   1349.19166667   1352.39166667   1355.97500000   1361.77500000   1366.43333333   1370.93333333   1376.27500000   1380.80833333   1386.16666667   1389.75833333   1396.00000000   1400.35833333   1404.70833333   1406.05000000   1410.98333333   1416.04166667   1419.94166667   1424.03333333   1427.35000000   1431.15000000 
   1435.16666667   1441.50833333   1447.75000000   1452.46666667   1456.46666667   1462.83333333   1467.90000000   1470.51666667   1476.25833333   1481.03333333   1484.55833333   1490.00000000   1493.75000000   1499.80000000   1504.00000000   1508.73333333   1513.44166667   1517.25000000   1521.76666667   1526.11666667   1528.25833333   1532.26666667   1539.04166667   1542.65000000   1548.75000000 
   1552.85000000   1558.32500000   1564.90000000   1569.80833333   1573.79166667   1580.14166667   1584.95833333   1590.17500000   1595.51666667   1599.40833333   1604.08333333   1607.65000000   1615.55000000   1618.70000000   1625.45000000   1629.30000000   1633.93333333   1639.80000000   1646.22500000   1649.26666667   1653.41666667   1657.28333333   1660.67500000   1666.45000000   1670.86666667 
   1675.90833333   1681.23333333   1685.11666667   1690.46666667   1696.10000000   1700.10000000   1705.20000000   1710.31666667   1714.61666667   1721.25000000   1727.17500000   1730.41666667   1736.88333333   1740.60000000   1745.44166667   1750.60833333   1754.85000000   1759.80000000   1764.70000000   1768.51666667   1774.34166667   1778.78333333   1784.65833333   1790.50000000   1795.39166667 
   1798.61666667   1807.03333333   1812.16666667   1817.65000000   1822.63333333   1827.56666667   1832.72500000   1840.62500000   1845.48333333   1849.74166667   1854.90833333   1858.74166667   1864.60000000   1870.55833333   1875.05833333   1879.65833333   1885.27500000   1890.33333333   1894.52500000   1900.16666667   1905.33333333   1909.97500000   1916.73333333   1920.24166667   1925.15000000 
   1931.56666667   1935.97500000   1941.43333333   1946.48333333   1952.75833333   1956.56666667   1963.75833333   1969.43333333   1976.06666667   1979.60833333   1986.76666667   1990.13333333   1996.40000000   2000.85833333   2005.51666667   2009.53333333   2015.54166667   2019.49166667   2024.14166667   2031.00833333   2035.95000000   2041.36666667   2046.57500000   2051.24166667   2056.07500000 
   2060.59166667   2066.89166667   2071.14166667   2077.76666667   2082.44166667   2088.50833333   2094.60833333   2099.62500000   2105.02500000   2109.67500000   2114.89166667   2120.29166667   2124.99166667   2130.55833333   2133.98333333   2138.62500000   2142.79166667   2148.16666667   2154.49166667   2159.75000000   2162.29166667   2169.47500000   2173.89166667   2179.28333333   2185.54166667 
   2190.15000000   2195.97500000   2201.60833333   2206.05833333   2211.71666667   2217.55000000   2222.86666667   2227.73333333   2234.16666667   2240.00833333   2245.18333333   2250.81666667   2256.27500000   2260.11666667   2267.85833333   2273.51666667   2276.89166667   2283.54166667   2287.91666667   2293.01666667   2298.52500000   2304.30833333   2310.69166667   2315.31666667   2321.60000000 
   2324.52500000   2331.08333333   2338.05833333   2342.63333333   2346.65000000   2353.55833333   2357.70833333   2365.32500000   2367.72500000   2374.57500000   2380.75833333   2386.20000000   2391.34166667   2395.92500000   2401.82500000   2407.82500000   2413.90000000   2419.79166667   2424.19166667   2430.12500000   2435.35000000   2439.23333333   2445.15000000   2449.87500000   2454.93333333 
   2459.24166667   2465.00000000   2471.90000000   2477.54166667   2484.50000000   2488.43333333   2495.12500000   2499.52500000   2505.20000000   2511.25833333   2515.24166667   2521.06666667   2526.73333333   2533.31666667   2539.36666667   2541.63333333   2548.03333333   2553.73333333   2559.03333333   2563.16666667   2568.50833333   2574.78333333   2578.55000000   2583.90000000   2589.21666667 
   2595.95833333   2602.49166667   2608.25833333   2613.10000000   2617.63333333   2623.53333333   2629.38333333   2634.89166667   2639.64166667   2644.15000000   2649.40000000   2654.42500000   2659.62500000   2663.19166667   2669.12500000   2673.54166667   2677.43333333   2682.66666667   2689.35833333   2694.16666667   2699.76666667   2704.87500000   2710.52500000   2716.16666667   2720.75000000 
   2725.82500000   2730.97500000   2736.41666667   2741.44166667   2746.14166667   2750.57500000   2755.93333333   2760.85833333   2766.10833333   2771.55000000   2778.21666667   2783.71666667   2788.52500000   2792.70833333   2797.31666667   2802.55833333   2807.15833333   2812.43333333   2816.06666667   2821.70833333   2825.87500000   2830.05833333   2835.33333333   2840.74166667   2846.90000000 
   2850.48333333   2857.00833333   2862.06666667   2866.99166667   2872.04166667   2876.25833333   2881.07500000   2886.00833333   2891.74166667   2896.22500000   2900.20000000   2905.26666667   2909.43333333   2916.23333333   2919.70833333   2924.27500000   2929.87500000   2934.58333333   2938.53333333   2943.97500000   2948.09166667   2951.78333333   2956.63333333   2961.75000000   2966.19166667 
   2970.53333333   2976.59166667   2981.18333333   2985.48333333   2991.55000000   2996.24166667   3001.12500000   3005.04166667   3009.60833333   3014.29166667   3019.05833333   3023.88333333   3028.60833333   3032.35000000   3037.56666667   3042.13333333   3047.31666667   3051.91666667   3056.36666667   3060.92500000   3065.03333333   3069.73333333   3073.79166667   3078.14166667   3082.57500000 
   3086.44166667   3092.68333333   3097.10000000   3101.30833333   3105.08333333   3109.52500000   3113.60000000   3118.38333333   3122.35833333   3127.00833333   3130.45000000   3136.54166667   3138.90833333   3142.46666667   3147.83333333   3151.55000000   3156.03333333   3159.82500000   3164.70000000   3169.68333333   3172.95833333   3177.66666667   3180.89166667   3184.60000000   3188.39166667 
   3192.55833333   3197.14166667   3200.75000000   3204.50000000   3208.96666667   3212.83333333   3217.72500000   3221.14166667   3226.21666667   3230.56666667   3233.60833333   3238.53333333   3242.52500000   3246.04166667   3249.82500000   3254.78333333   3257.95833333   3260.58333333   3264.67500000   3269.50833333   3273.88333333   3277.80000000   3281.35833333   3285.03333333   3289.06666667 
   3293.28333333   3296.50000000   3300.70833333   3305.20833333   3310.01666667   3313.32500000   3316.46666667   3319.71666667   3323.29166667   3327.45833333   3330.79166667   3335.35833333   3338.72500000   3342.35833333   3346.30000000   3350.10833333   3353.94166667   3357.24166667   3360.82500000   3363.52500000   3367.23333333   3369.80000000   3373.97500000   3377.18333333   3381.28333333 
   3384.78333333   3389.33333333   3392.47500000   3395.69166667   3399.61666667   3402.54166667   3406.04166667   3409.26666667   3412.72500000   3415.70833333   3419.05833333   3423.87500000   3427.12500000   3430.87500000   3433.41666667   3437.18333333   3440.80000000   3444.31666667   3448.40833333   3451.10833333   3455.03333333   3457.78333333   3460.43333333   3464.00000000   3467.00833333 
   3469.34166667   3473.30000000   3476.73333333   3479.03333333   3482.76666667   3485.76666667   3488.41666667   3492.17500000   3496.07500000   3497.82500000   3502.41666667   3503.89166667   3507.51666667   3511.13333333   3514.58333333   3518.00000000   3521.41666667   3523.19166667   3527.18333333   3530.15833333   3532.53333333   3536.17500000   3538.99166667   3541.30000000   3543.71666667 
   3546.69166667   3549.59166667   3553.15000000   3555.47500000   3558.70000000   3561.50833333   3565.05000000   3567.38333333   3571.58333333   3573.87500000   3577.08333333   3580.77500000   3583.98333333   3586.08333333   3589.35000000   3591.90000000   3595.20833333   3597.59166667   3599.73333333   3602.71666667   3605.92500000   3608.51666667   3611.75833333   3614.50000000   3617.57500000 
   3620.06666667   3623.52500000   3625.87500000   3629.04166667   3631.27500000   3634.09166667   3636.70833333   3638.22500000   3641.40833333   3644.55833333   3646.39166667   3647.92500000   3650.35000000   3652.81666667   3655.85833333   3658.86666667   3660.99166667   3663.27500000   3665.52500000   3667.86666667   3669.40000000   3672.39166667   3675.28333333   3677.75000000   3680.30000000 
   3682.25000000   3685.05833333   3687.66666667   3689.91666667   3692.18333333   3694.30833333   3696.87500000   3699.57500000   3701.84166667   3703.62500000   3707.02500000   3707.87500000   3710.11666667   3712.50833333   3714.46666667   3715.98333333   3718.10833333   3720.65833333   3722.34166667   3724.29166667   3726.79166667   3729.08333333   3730.70000000   3733.12500000   3735.93333333 
   3737.96666667   3740.55000000   3742.65000000   3745.02500000   3746.94166667   3748.89166667   3751.25833333   3753.20000000   3755.28333333   3758.29166667   3759.95833333   3761.82500000   3763.46666667   3765.70833333   3767.43333333   3769.41666667   3771.85833333   3773.66666667   3775.75000000   3777.50000000   3779.78333333   3781.14166667   3782.87500000   3784.90000000   3786.51666667 
   3788.63333333   3791.23333333   3792.92500000   3794.01666667   3795.26666667   3797.44166667   3798.98333333   3801.08333333   3802.58333333   3804.63333333   3806.44166667   3807.81666667   3809.69166667   3811.35000000   3812.70000000   3814.84166667   3816.14166667   3818.13333333   3820.07500000   3821.30833333   3823.15833333   3824.25833333   3826.08333333   3827.60000000   3829.55000000 
   3831.01666667   3833.46666667   3834.57500000   3836.50833333   3837.75000000   3839.61666667   3841.02500000   3842.88333333   3844.52500000   3845.56666667   3847.34166667   3848.95000000   3850.43333333   3851.46666667   3853.27500000   3854.93333333   3856.64166667   3857.95833333   3859.54166667   3861.00833333   3862.35000000   3863.58333333   3864.73333333   3866.81666667   3867.86666667 
   3869.24166667   3870.85833333   3872.32500000   3874.29166667   3876.09166667   3877.18333333   3879.05000000   3879.58333333   3881.10000000   3882.55833333   3883.95833333   3885.40833333   3886.90833333   3888.68333333   3889.71666667   3890.75000000   3892.33333333   3893.75833333   3894.80833333   3895.72500000   3896.33333333   3897.82500000   3899.21666667   3900.94166667   3902.45833333 
   3903.89166667   3904.98333333   3906.19166667   3907.40000000   3908.67500000   3909.84166667   3911.01666667   3912.64166667   3914.39166667   3915.40833333   3916.28333333   3917.55000000   3918.58333333   3919.99166667   3921.10000000   3922.25833333   3923.40833333   3924.96666667   3925.60833333   3926.78333333   3928.17500000   3929.02500000   3930.03333333   3931.05000000   3932.10833333 
   3932.68333333   3933.71666667   3934.63333333   3935.73333333   3936.61666667   3937.46666667   3938.25833333   3939.46666667   3940.31666667   3941.33333333   3942.50833333   3943.33333333   3944.69166667   3945.87500000   3946.90833333   3947.38333333   3947.99166667   3949.16666667   3949.66666667   3950.60000000   3951.34166667   3952.24166667   3952.87500000   3954.08333333   3954.38333333 
   3955.29166667   3956.18333333   3957.10833333   3957.90000000   3958.95000000   3959.52500000   3960.55833333   3961.86666667   3963.20833333   3964.45833333   3965.40000000   3966.13333333   3966.84166667   3968.11666667   3968.89166667   3969.61666667   3970.76666667   3971.96666667   3972.94166667   3973.60000000   3974.38333333   3974.66666667   3975.61666667   3976.22500000   3977.04166667 
   3977.92500000   3978.42500000   3979.30000000   3980.08333333   3980.96666667   3981.55833333   3982.15000000   3983.20833333   3983.99166667   3984.65833333   3985.70833333   3986.15000000   3986.60000000   3987.38333333   3987.99166667   3988.88333333   3989.26666667   3990.38333333   3991.17500000   3991.65000000   3992.38333333   3992.91666667   3993.43333333   3994.00833333   3994.50000000 
   3995.20833333   3995.74166667   3996.38333333   3996.54166667   3997.20833333   3997.60833333   3998.29166667   3998.60000000   3999.25833333   4000.12500000   4000.39166667   4000.96666667   4002.02500000   4002.59166667   4003.21666667   4003.67500000   4004.38333333   4005.05833333   4005.70000000   4006.25833333   4006.87500000   4007.49166667   4008.25000000   4008.90000000   4009.31666667 
   4009.57500000   4010.16666667   4010.54166667   4011.55000000   4011.85833333   4012.38333333   4012.94166667   4013.69166667   4014.24166667   4014.71666667   4015.12500000   4015.63333333   4016.35000000   4016.91666667   4017.27500000   4018.04166667   4018.38333333   4018.68333333   4019.11666667   4019.27500000   4019.79166667   4020.49166667   4020.85000000   4020.70000000   4021.29166667 
   4021.60000000   4021.85833333   4022.25833333   4022.76666667   4023.50833333   4024.01666667   4024.33333333   4025.09166667   4025.70000000   4026.06666667   4026.76666667   4027.03333333   4027.50833333   4028.00833333   4028.44166667   4028.72500000   4028.98333333   4029.45000000   4030.00833333   4030.17500000   4030.60833333   4031.25833333   4031.58333333   4032.23333333   4032.45833333 
   4032.61666667   4033.30000000   4033.66666667   4034.16666667   4034.52500000   4035.17500000   4035.76666667   4036.01666667   4036.52500000   4036.80000000   4037.21666667   4037.51666667   4037.62500000   4037.90833333   4038.20000000   4038.26666667   4038.70833333   4039.23333333   4039.30833333   4039.55000000   4039.82500000   4040.06666667   4040.55833333   4040.80833333   4041.25000000 
   4041.36666667   4041.71666667   4042.00000000   4042.07500000   4042.31666667   4042.60833333   4043.04166667   4043.30833333   4043.59166667   4043.95000000   4043.84166667   4044.26666667   4044.35000000   4044.85833333   4044.92500000   4045.41666667   4045.70000000   4045.82500000   4046.02500000   4046.42500000   4046.52500000   4046.91666667   4047.50000000   4047.87500000   4048.23333333 
   4048.40833333   4048.40833333   4048.21666667   4048.55833333   4048.92500000   4049.13333333   4049.20000000   4049.80000000   4050.03333333   4050.23333333   4050.49166667   4050.90833333   4051.03333333   4051.31666667   4051.55000000   4051.90833333   4052.09166667   4052.25000000   4052.55000000   4052.80833333   4053.04166667   4053.34166667   4053.38333333   4053.65000000   4053.92500000 
   4054.15833333   4054.59166667   4054.54166667   4054.99166667   4055.10833333   4055.30833333   4055.64166667   4055.89166667   4056.14166667   4056.46666667   4056.53333333   4056.61666667   4057.05833333   4057.13333333   4057.51666667   4057.65833333   4057.71666667   4057.89166667   4058.25833333   4058.51666667   4058.51666667   4058.77500000   4059.05000000   4059.34166667   4059.74166667 
   4059.87500000   4060.12500000   4060.38333333   4060.44166667   4060.63333333   4060.79166667   4060.75833333   4060.84166667   4061.09166667   4061.16666667   4061.29166667   4061.28333333   4061.43333333   4061.70833333   4061.86666667   4062.14166667   4062.43333333   4062.43333333   4062.50000000   4062.70833333   4063.03333333   4063.23333333   4063.30000000   4063.66666667   4063.70833333 
   4063.80000000   4063.87500000   4063.88333333   4063.84166667   4064.09166667   4064.31666667   4064.59166667   4064.47500000   4064.64166667   4064.75833333   4064.92500000   4065.24166667   4065.31666667   4065.58333333   4065.62500000   4065.75833333   4065.75833333   4066.05000000   4066.30000000   4066.14166667   4066.34166667   4066.32500000   4066.29166667   4066.42500000   4066.54166667 
   4066.53333333   4066.69166667   4066.61666667   4066.65833333   4066.69166667   4066.72500000   4066.60000000   4066.69166667   4066.92500000   4066.89166667   4066.96666667   4067.13333333   4067.15000000   4067.18333333   4067.26666667   4067.22500000   4067.55000000   4067.61666667   4067.77500000   4067.66666667   4067.71666667   4067.98333333   4067.96666667   4067.91666667   4068.14166667 
   4068.24166667   4068.35833333   4068.35833333   4068.21666667   4068.14166667   4068.13333333   4068.40833333   4068.51666667   4068.44166667   4068.50000000   4068.79166667   4068.88333333   4069.03333333   4068.97500000   4068.80000000   4068.85000000   4069.05000000   4069.04166667   4069.10833333   4069.25833333   4069.28333333   4069.35000000   4069.38333333   4069.36666667   4069.43333333 
   4069.49166667   4069.62500000   4069.60000000   4069.49166667   4069.58333333   4069.53333333   4069.51666667   4069.33333333   4069.30833333   4069.30000000   4069.27500000   4069.25000000   4069.19166667   4069.22500000   4069.25833333   4069.24166667   4069.12500000   4068.98333333   4068.90833333   4068.96666667   4068.84166667   4068.70833333   4068.74166667   4068.91666667   4068.88333333 
   4068.81666667   4068.91666667   4069.09166667   4068.94166667   4069.05833333   4069.11666667   4069.12500000   4069.05833333   4069.00833333   4069.13333333   4069.11666667   4068.94166667   4068.85000000   4068.95833333   4068.97500000   4069.12500000   4069.14166667   4069.21666667   4069.13333333   4069.15833333   4069.00000000   4068.90000000   4069.10000000   4069.22500000   4069.11666667 
   4069.26666667   4069.23333333   4069.07500000   4069.05833333   4068.97500000   4068.87500000   4068.83333333   4068.90000000   4068.85000000   4068.79166667   4069.00000000   4068.88333333   4068.80833333   4068.86666667   4068.96666667   4069.05000000   4069.05000000   4069.30000000   4069.30833333   4069.42500000   4069.43333333   4069.33333333   4069.16666667   4069.11666667   4069.16666667 
   4068.85833333   4068.84166667   4068.78333333   4068.61666667   4068.44166667   4068.22500000   4068.29166667   4068.25000000   4068.26666667   4068.15000000   4068.20000000   4068.10000000   4068.01666667   4068.15000000   4067.95000000   4067.90833333   4067.81666667   4067.78333333   4067.72500000   4067.70833333   4067.51666667   4067.71666667   4067.63333333   4067.45000000   4067.28333333 
   4067.33333333   4067.36666667   4067.09166667   4067.25000000   4067.22500000   4067.40000000   4067.53333333   4067.40000000   4067.44166667   4067.46666667   4067.20000000   4067.28333333   4067.06666667   4067.04166667   4066.84166667   4066.65000000   4066.49166667   4066.29166667   4066.08333333   4065.89166667   4065.86666667   4065.65833333   4065.72500000   4065.82500000   4065.87500000 
   4065.70833333   4065.51666667   4065.60000000   4065.41666667   4065.14166667   4065.11666667   4065.12500000   4064.86666667   4064.98333333   4064.66666667   4064.65833333   4064.55000000   4064.54166667   4064.54166667   4064.37500000   4064.38333333   4064.25833333   4064.30000000   4064.20000000   4064.10000000   4064.01666667   4063.74166667   4063.66666667   4063.65000000   4063.40833333 
   4063.42500000   4063.48333333   4063.33333333   4063.49166667   4063.44166667   4063.45833333   4063.21666667   4063.23333333   4063.03333333   4062.90000000   4063.06666667   4062.99166667   4062.95000000   4062.87500000   4062.50833333   4062.62500000   4062.89166667   4062.66666667   4062.69166667   4062.54166667   4062.59166667   4062.44166667   4062.45000000   4062.08333333   4061.95000000 
   4061.80833333   4061.96666667   4061.41666667   4061.60000000   4061.53333333   4061.24166667   4060.92500000   4060.92500000   4060.70833333   4060.55000000   4060.44166667   4060.28333333   4060.33333333   4060.15833333   4060.08333333   4060.03333333   4059.92500000   4059.71666667   4059.57500000   4059.69166667   4059.46666667   4059.45833333   4059.44166667   4059.31666667   4059.32500000 
   4059.45833333   4059.19166667   4059.19166667   4058.93333333   4058.85833333   4058.75000000   4058.67500000   4058.59166667   4058.71666667   4058.35833333   4058.38333333   4058.26666667   4058.17500000   4058.20833333   4058.33333333   4058.05833333   4057.94166667   4057.68333333   4057.47500000   4057.30000000   4057.15000000   4057.04166667   4057.15000000   4056.93333333   4056.76666667 
   4056.88333333   4056.32500000   4056.27500000   4056.20000000   4056.17500000   4055.95833333   4056.06666667   4055.86666667   4055.70000000   4055.37500000   4055.30000000   4055.28333333   4055.45000000   4055.07500000   4055.22500000   4054.99166667   4054.89166667   4054.80833333   4054.62500000   4054.34166667   4054.23333333   4054.06666667   4053.88333333   4053.87500000   4053.58333333 
   4053.55833333   4053.39166667   4053.14166667   4052.85833333   4052.45000000   4052.38333333   4052.00833333   4051.77500000   4051.71666667   4051.65833333   4051.54166667   4050.90833333   4050.90833333   4050.90833333   4050.73333333   4050.50833333   4050.34166667   4050.15000000   4050.09166667   4049.95000000   4050.12500000   4050.09166667   4049.64166667   4049.63333333   4049.60833333 
   4049.45833333   4049.15000000   4048.68333333   4048.47500000   4048.10833333   4048.20000000   4047.75833333   4047.50000000   4047.13333333   4047.05000000   4047.00000000   4046.69166667   4046.76666667   4046.88333333   4046.65833333   4046.83333333   4046.57500000   4046.37500000   4046.30833333   4046.20833333   4045.91666667   4045.89166667   4045.75833333   4045.65000000   4045.32500000 
   4045.10000000   4044.87500000   4045.02500000   4044.51666667   4044.04166667   4043.82500000   4043.86666667   4043.85000000   4043.70833333   4043.66666667   4043.42500000   4043.06666667   4042.88333333   4042.88333333   4042.64166667   4042.61666667   4042.52500000   4042.04166667   4041.71666667   4041.65000000   4041.55833333   4041.38333333   4041.40000000   4041.36666667   4041.42500000 
   4041.35833333   4041.41666667   4041.11666667   4040.83333333   4040.38333333   4040.10000000   4039.78333333   4039.62500000   4039.38333333   4039.00000000   4038.71666667   4038.80000000   4038.47500000   4038.42500000   4038.21666667   4038.14166667   4037.80000000   4037.40000000   4037.14166667   4037.09166667   4036.76666667   4036.42500000   4036.05833333   4036.50833333   4036.53333333 
   4036.42500000   4036.14166667   4035.67500000   4035.41666667   4035.11666667   4034.72500000   4034.85833333   4034.70000000   4034.26666667   4033.97500000   4033.98333333   4033.82500000   4033.56666667   4033.10000000   4032.95000000   4032.73333333   4032.72500000   4032.60833333   4032.64166667   4032.31666667   4032.36666667   4032.02500000   4031.82500000   4031.75000000   4031.85833333 
   4031.55833333   4031.07500000   4030.90833333   4030.86666667   4030.15833333   4029.84166667   4029.71666667   4029.35833333   4028.79166667   4028.60833333   4028.00833333   4027.83333333   4027.50000000   4026.92500000   4026.74166667   4026.58333333   4026.35833333   4026.35000000   4026.56666667   4026.30833333   4025.92500000   4025.61666667   4025.41666667   4025.40833333   4024.99166667 
   4024.93333333   4024.45000000   4024.09166667   4023.90833333   4023.70000000   4023.37500000   4023.15833333   4022.67500000   4022.41666667   4022.30000000   4021.87500000   4021.85833333   4021.52500000   4021.06666667   4020.71666667   4020.31666667   4019.70833333   4019.32500000   4018.86666667   4018.45000000   4018.30000000   4018.20833333   4017.85000000   4017.57500000   4017.48333333 
   4017.02500000   4016.50000000   4016.25000000   4016.07500000   4015.71666667   4015.28333333   4015.08333333   4014.80000000   4014.60000000   4014.12500000   4014.07500000   4013.52500000   4013.21666667   4012.69166667   4012.19166667   4012.03333333   4011.41666667   4010.78333333   4010.42500000   4010.20833333   4009.90000000   4009.27500000   4009.41666667   4009.17500000   4008.56666667 
   4008.27500000   4007.54166667   4006.95000000   4006.50000000   4006.08333333   4005.49166667   4004.83333333   4005.03333333   4004.39166667   4004.24166667   4003.56666667   4002.95000000   4002.63333333   4002.69166667   4002.36666667   4002.09166667   4001.60833333   4001.39166667   4001.37500000   4000.76666667   4000.18333333   4000.06666667   4000.03333333   3999.84166667   3999.58333333 
   3999.35833333   3998.73333333   3998.14166667   3997.95000000   3997.24166667   3997.06666667   3996.40000000   3995.92500000   3994.87500000   3994.83333333   3994.05000000   3993.50000000   3993.23333333   3992.98333333   3991.89166667   3992.27500000   3991.89166667   3991.40000000   3990.86666667   3990.62500000   3990.23333333   3990.00833333   3989.57500000   3989.11666667   3988.81666667 
   3988.78333333   3988.38333333   3987.89166667   3987.50000000   3986.76666667   3986.43333333   3985.85833333   3985.34166667   3985.03333333   3984.59166667   3984.37500000   3984.06666667   3983.44166667   3982.81666667   3982.21666667   3981.91666667   3981.46666667   3980.93333333   3980.39166667   3979.81666667   3979.18333333   3979.12500000   3978.44166667   3977.87500000   3977.65000000 
   3976.95833333   3976.54166667   3976.11666667   3975.50000000   3975.11666667   3974.69166667   3973.97500000   3973.53333333   3972.76666667   3972.23333333   3971.30833333   3971.04166667   3969.97500000   3969.46666667   3968.57500000   3968.38333333   3967.30000000   3967.21666667   3966.56666667   3965.75833333   3965.04166667   3964.70000000   3964.52500000   3964.19166667   3963.03333333 
   3962.92500000   3962.10833333   3961.25833333   3960.66666667   3959.79166667   3959.06666667   3958.64166667   3957.90833333   3957.25000000   3956.75833333   3956.47500000   3955.95833333   3955.54166667   3954.60000000   3954.60000000   3953.50833333   3953.27500000   3953.28333333   3952.54166667   3952.09166667   3951.50833333   3950.44166667   3950.00000000   3949.63333333   3949.10000000 
   3948.73333333   3947.89166667   3947.16666667   3947.29166667   3946.22500000   3945.09166667   3944.40000000   3943.90833333   3943.63333333   3942.79166667   3941.80833333   3940.73333333   3940.02500000   3939.18333333   3938.18333333   3937.49166667   3936.85833333   3936.45833333   3935.65833333   3935.27500000   3934.15000000   3934.22500000   3934.05000000   3933.20833333   3932.69166667 
   3931.95000000   3930.79166667   3929.09166667   3928.17500000   3927.45000000   3926.60833333   3925.67500000   3925.05000000   3924.97500000   3924.25833333   3923.64166667   3922.98333333   3922.25000000   3921.61666667   3921.29166667   3921.00000000   3920.08333333   3919.54166667   3918.51666667   3917.61666667   3917.36666667   3916.60833333   3915.84166667   3915.51666667   3914.95000000 
   3914.00833333   3912.97500000   3911.84166667   3910.60000000   3908.95833333   3908.05000000   3906.80000000   3905.85833333   3905.60833333   3904.25000000   3903.03333333   3902.10000000   3901.84166667   3900.17500000   3899.86666667   3898.95000000   3898.83333333   3897.94166667   3897.10000000   3896.47500000   3895.08333333   3894.60833333   3894.02500000   3893.05833333   3892.68333333 
   3891.58333333   3891.05833333   3890.80000000   3889.90833333   3889.00000000   3887.30833333   3886.10833333   3884.57500000   3883.71666667   3882.21666667   3880.84166667   3879.94166667   3878.25833333   3877.65833333   3876.56666667   3875.65000000   3874.67500000   3873.69166667   3872.99166667   3871.57500000   3870.44166667   3869.51666667   3869.10000000   3868.72500000   3867.51666667 
   3866.69166667   3865.43333333   3864.20000000   3863.09166667   3862.79166667   3861.69166667   3860.39166667   3858.87500000   3858.00000000   3856.96666667   3855.88333333   3854.16666667   3852.53333333   3851.24166667   3850.66666667   3849.41666667   3848.40833333   3847.20833333   3846.68333333   3845.40000000   3844.70000000   3844.01666667   3843.06666667   3842.21666667   3841.10833333 
   3840.49166667   3838.66666667   3836.99166667   3836.49166667   3834.72500000   3832.91666667   3831.45000000   3830.55833333   3829.10000000   3828.19166667   3826.99166667   3826.41666667   3824.50833333   3823.47500000   3822.01666667   3820.55833333   3819.60833333   3818.08333333   3816.79166667   3814.89166667   3813.93333333   3812.32500000   3811.20833333   3809.59166667   3808.30000000 
   3807.96666667   3806.23333333   3804.25833333   3802.91666667   3801.81666667   3800.90000000   3798.55000000   3796.95833333   3795.83333333   3794.40833333   3793.51666667   3791.93333333   3790.15833333   3788.37500000   3786.70000000   3785.74166667   3783.81666667   3782.52500000   3781.31666667   3780.35000000   3778.34166667   3776.31666667   3774.75000000   3774.04166667   3772.30833333 
   3770.85833333   3768.29166667   3765.94166667   3764.32500000   3762.38333333   3760.21666667   3758.36666667   3757.14166667   3755.10000000   3753.15833333   3751.03333333   3749.90000000   3748.03333333   3747.05000000   3745.97500000   3743.71666667   3741.89166667   3740.27500000   3738.46666667   3737.17500000   3735.12500000   3732.54166667   3731.74166667   3730.35833333   3728.42500000 
   3726.96666667   3724.63333333   3722.33333333   3720.95000000   3719.73333333   3718.02500000   3716.07500000   3714.01666667   3712.88333333   3710.63333333   3709.84166667   3708.22500000   3706.83333333   3705.26666667   3703.49166667   3701.61666667   3699.00833333   3697.37500000   3695.25833333   3693.98333333   3691.83333333   3690.14166667   3688.30833333   3685.50000000   3683.12500000 
   3681.70833333   3680.64166667   3677.76666667   3675.97500000   3673.62500000   3671.29166667   3668.04166667   3666.28333333   3663.16666667   3660.64166667   3658.33333333   3656.80833333   3654.35000000   3652.97500000   3650.69166667   3648.12500000   3646.15833333   3643.97500000   3642.30000000   3639.90833333   3636.86666667   3635.08333333   3633.99166667   3631.86666667   3629.60000000 
   3627.58333333   3624.53333333   3622.08333333   3618.39166667   3615.68333333   3613.25833333   3610.09166667   3608.00833333   3606.23333333   3603.27500000   3600.00000000   3597.20000000   3594.75000000   3592.53333333   3590.51666667   3588.22500000   3585.03333333   3583.07500000   3579.80000000   3578.55000000   3576.31666667   3573.96666667   3571.47500000   3568.31666667   3566.46666667 
   3564.58333333   3562.04166667   3560.01666667   3556.30000000   3553.30000000   3550.75000000   3549.40833333   3545.89166667   3543.25833333   3539.32500000   3535.95000000   3532.50833333   3529.96666667   3527.14166667   3525.05000000   3522.00833333   3518.83333333   3515.25833333   3513.05000000   3510.51666667   3507.10833333   3503.88333333   3501.49166667   3498.08333333   3494.90000000 
   3491.36666667   3488.19166667   3485.35833333   3482.28333333   3478.15000000   3475.22500000   3470.61666667   3466.97500000   3463.34166667   3459.94166667   3456.10833333   3452.59166667   3448.63333333   3445.20833333   3441.54166667   3438.52500000   3435.73333333   3432.45000000   3427.91666667   3425.47500000   3422.07500000   3418.98333333   3415.68333333   3412.31666667   3409.05833333 
   3406.05833333   3402.21666667   3399.35000000   3394.45833333   3390.31666667   3385.72500000   3381.13333333   3377.51666667   3373.96666667   3370.61666667   3367.65000000   3362.41666667   3359.16666667   3356.35833333   3352.70833333   3348.92500000   3345.48333333   3340.97500000   3337.95000000   3334.50000000   3331.19166667   3327.30000000   3323.84166667   3319.44166667   3315.62500000 
   3311.85833333   3307.83333333   3305.25833333   3298.80833333   3295.97500000   3291.90833333   3288.10000000   3283.07500000   3278.84166667   3274.42500000   3269.42500000   3265.95833333   3261.58333333   3257.90000000   3254.33333333   3249.93333333   3246.46666667   3243.00000000   3238.61666667   3235.05000000   3230.85833333   3226.19166667   3222.39166667   3219.55000000   3215.61666667 
   3210.90000000   3205.93333333   3201.44166667   3197.55000000   3194.37500000   3190.14166667   3184.74166667   3181.00000000   3175.96666667   3169.90833333   3165.59166667   3160.34166667   3155.20833333   3151.50833333   3145.75000000   3140.88333333   3137.62500000   3133.93333333   3130.41666667   3125.10833333   3120.51666667   3114.42500000   3110.06666667   3105.20833333   3100.33333333 
   3097.41666667   3091.79166667   3086.85000000   3081.47500000   3076.95000000   3072.60000000   3068.05000000   3062.15000000   3057.08333333   3052.98333333   3047.19166667   3042.48333333   3037.50833333   3032.57500000   3028.25833333   3022.00833333   3017.63333333   3012.59166667   3008.25833333   3002.60000000   2996.42500000   2992.33333333   2987.23333333   2981.37500000   2976.05833333 
   2971.32500000   2965.45833333   2960.98333333   2955.29166667   2950.42500000   2945.08333333   2938.43333333   2931.68333333   2925.77500000   2919.22500000   2914.12500000   2907.85833333   2902.08333333   2896.25833333   2888.56666667   2884.58333333   2878.61666667   2873.65000000   2868.91666667   2862.50833333   2856.08333333   2850.20833333   2842.95000000   2836.40000000   2833.19166667 
   2826.43333333   2820.84166667   2813.99166667   2808.11666667   2799.76666667   2795.40833333   2789.35833333   2783.49166667   2778.55000000   2771.83333333   2765.94166667   2759.71666667   2752.83333333   2746.43333333   2740.71666667   2734.67500000   2726.90833333   2721.41666667   2714.25000000   2707.87500000   2701.80833333   2694.29166667   2689.90000000   2683.45833333   2676.17500000 
   2672.08333333   2663.73333333   2658.14166667   2651.10833333   2643.61666667   2637.04166667   2630.91666667   2623.22500000   2616.20000000   2609.38333333   2602.74166667   2596.35833333   2590.24166667   2582.87500000   2575.33333333   2569.20000000   2561.25833333   2555.26666667   2547.85833333   2541.94166667   2534.42500000   2526.98333333   2521.76666667   2513.85000000   2506.55833333 
   2500.50000000   2491.10000000   2482.65833333   2476.85000000   2468.88333333   2460.75833333   2452.97500000   2443.68333333   2436.42500000   2427.35000000   2418.52500000   2410.04166667   2403.20833333   2396.70000000   2391.45833333   2382.96666667   2374.56666667   2368.43333333   2361.86666667   2354.71666667   2346.51666667   2342.35000000   2333.85000000   2327.40833333   2320.19166667 
   2313.91666667   2303.37500000   2295.27500000   2286.60000000   2278.68333333   2268.74166667   2259.62500000   2252.60000000   2244.46666667   2235.75000000   2230.20833333   2222.87500000   2215.06666667   2207.40000000   2199.55000000   2190.89166667   2184.30000000   2175.72500000   2168.51666667   2158.40833333   2151.29166667   2144.86666667   2136.32500000   2125.85833333   2118.71666667 
   2111.45000000   2102.16666667   2092.04166667   2083.00000000   2075.35833333   2066.90000000   2060.64166667   2050.85000000   2042.50833333   2034.95000000   2026.15833333   2016.54166667   2008.21666667   1999.61666667   1989.75833333   1980.92500000   1971.03333333   1963.03333333   1955.71666667   1946.86666667   1939.31666667   1932.24166667   1925.62500000   1915.43333333   1908.75000000 
   1899.67500000   1891.07500000   1880.46666667   1872.18333333   1863.20833333   1854.69166667   1845.61666667   1836.60000000   1825.65000000   1816.66666667   1807.87500000   1798.61666667   1789.43333333   1781.73333333   1774.32500000   1766.44166667   1757.45833333   1749.76666667   1741.20000000   1731.34166667   1723.60833333   1714.57500000   1703.57500000   1695.96666667   1688.32500000 
   1681.15000000   1670.29166667   1660.85000000   1653.05833333   1643.42500000   1635.08333333   1626.50000000   1616.18333333   1605.77500000   1597.20000000   1588.09166667   1579.35833333   1568.78333333   1560.75000000   1551.93333333   1544.08333333   1534.80000000   1526.66666667   1518.52500000   1510.74166667   1502.08333333   1493.52500000   1484.42500000   1476.10000000   1467.26666667 
   1460.66666667   1450.59166667   1443.40000000   1434.24166667   1425.23333333   1415.99166667   1408.22500000   1398.31666667   1388.80833333   1382.89166667   1373.00000000   1365.61666667   1360.44166667   1351.62500000   1343.76666667   1336.65000000   1326.73333333   1321.70000000   1313.70000000   1304.30000000   1296.25000000   1288.90833333   1281.02500000   1273.25833333   1265.92500000 
   1257.80833333   1249.37500000   1240.08333333   1232.28333333   1225.65000000   1217.10833333   1210.39166667   1201.20000000   1191.85000000   1186.78333333   1179.10000000   1170.49166667   1164.84166667   1154.73333333   1147.90000000   1138.74166667   1132.22500000   1121.72500000   1115.75833333   1110.42500000   1103.67500000   1096.02500000   1089.07500000   1081.21666667   1073.97500000 
   1068.37500000   1061.15000000   1053.47500000   1045.47500000   1038.13333333   1031.33333333   1024.95000000   1017.47500000   1009.20833333   1003.14166667    997.28333333    989.71666667    982.89166667    975.75000000    968.85000000    962.00833333    955.60833333    949.05833333    941.58333333    934.70833333    927.52500000    921.73333333    917.78333333    912.81666667    904.35000000 
    897.96666667    891.31666667    882.89166667    874.83333333    867.55000000    862.39166667    855.91666667    847.82500000    841.21666667    835.91666667    827.82500000    822.96666667    817.13333333    810.93333333    803.92500000    798.03333333    792.15833333    784.55833333    780.33333333    775.49166667    769.42500000    762.18333333    756.67500000    752.38333333    747.75833333 
    744.17500000    736.86666667    732.16666667    724.35833333    719.21666667    714.60000000    707.92500000    703.25000000    697.14166667    690.75833333    685.93333333    680.22500000    676.27500000    671.85833333    666.76666667    661.53333333    655.52500000    649.72500000    644.70000000    637.91666667    632.57500000    629.25833333    624.40000000    621.35000000    615.73333333 
    611.50000000    605.48333333    601.08333333    597.89166667    593.93333333    587.56666667    583.30000000    580.19166667    576.01666667    570.61666667    565.85833333    560.45000000    556.25833333    552.49166667    549.71666667    542.33333333    538.62500000    535.97500000    530.93333333    529.01666667    526.18333333    521.10000000    516.41666667    514.65833333    509.87500000 
    506.51666667    501.85000000    497.50000000    494.75833333    489.34166667    484.72500000    481.02500000    479.28333333    475.81666667    468.24166667    464.45000000    460.80000000    458.22500000    453.45833333    449.13333333    445.92500000    442.50833333    439.82500000    436.09166667    433.09166667    430.40833333    427.97500000    426.85833333    422.31666667    420.10833333 
    416.72500000    411.87500000    409.99166667    406.07500000    405.07500000    400.64166667    397.75000000    394.90000000    392.57500000    391.45000000    387.55000000    384.48333333    380.82500000    379.31666667    375.90000000    373.58333333    372.22500000    369.41666667    367.06666667    363.93333333    361.54166667    359.23333333    357.40000000    354.41666667    352.58333333 
    351.10000000    347.44166667    344.35833333    342.41666667    340.30000000    336.91666667    336.48333333    334.29166667    332.42500000    329.32500000    329.97500000    326.90833333    324.64166667    323.99166667    322.54166667    321.50000000    320.10833333    319.58333333    317.55000000    315.47500000    312.90000000    312.71666667    309.80833333    308.35833333    306.97500000 
    306.13333333    300.83333333    300.97500000    298.25833333    296.30000000    294.44166667    292.01666667    290.88333333    287.04166667    285.15000000    285.26666667    283.14166667    281.54166667    281.18333333    280.77500000    279.25000000    278.27500000    276.40833333    274.38333333    272.28333333    269.62500000    268.48333333    267.05000000    266.80833333    264.65000000 
    263.75833333    261.40833333    258.93333333    257.79166667    255.26666667    254.65833333    252.74166667    251.00000000    250.95833333    249.30833333    248.21666667    247.21666667    244.66666667    246.15000000    244.36666667    244.00833333    243.61666667    241.84166667    241.42500000    240.16666667    238.89166667    238.26666667    238.41666667    236.45000000    233.90000000 
    231.70000000    231.68333333    226.84166667    228.39166667    226.85000000    227.03333333    225.05833333    224.65000000    224.39166667    222.28333333    223.92500000    220.64166667    220.35833333    218.67500000    221.35000000    217.90833333    217.55833333    216.45833333    217.55000000    216.39166667    216.74166667    214.44166667    213.10000000    211.05833333    211.24166667 
    212.40833333    209.69166667    207.87500000    206.40000000    206.90000000    207.05000000    205.15000000    205.75833333    203.53333333    204.41666667    202.10833333    203.07500000    202.14166667    202.97500000    201.77500000    202.94166667    201.08333333    201.13333333    201.08333333    200.41666667    201.35000000    202.15000000    201.55833333    200.35833333    199.13333333 
    199.25000000    197.41666667    196.86666667    197.07500000    196.43333333    195.40000000    193.96666667    195.29166667    195.22500000    192.15000000    191.33333333    193.10833333    191.14166667    188.79166667    189.31666667    188.52500000    188.55833333    187.40000000    187.20000000    187.84166667    184.92500000    186.30833333    186.44166667    185.71666667    184.05000000 
    183.00000000    181.70833333    179.95833333    178.12500000    177.35833333    178.38333333    176.84166667    177.62500000    176.09166667    177.60000000    177.50000000    175.66666667    176.13333333    175.40000000    174.40000000    173.01666667    173.10000000    172.21666667    173.90833333    172.59166667    172.84166667    171.44166667    172.73333333    172.61666667    170.78333333 
    171.90833333    170.95000000    170.74166667    169.50000000    170.35833333    168.92500000    167.97500000    167.75000000    168.09166667    166.97500000    166.59166667    166.05833333    165.26666667    167.03333333    165.85833333    166.50000000    165.31666667    165.97500000    166.98333333    164.06666667    165.14166667    164.89166667    163.26666667    163.16666667    163.40833333 
    161.54166667    160.54166667    159.77500000    159.60000000    160.21666667    159.51666667    157.83333333    158.41666667    157.93333333    158.19166667    155.81666667    156.47500000    155.36666667    155.98333333    156.20000000    155.86666667    157.45833333    158.85833333    157.08333333    158.44166667    157.17500000    156.10833333    156.43333333    156.61666667    156.45000000 
    154.83333333    154.43333333    153.00000000    150.56666667    151.94166667    152.15833333    149.67500000    149.99166667    150.77500000    149.95833333    149.93333333    149.15000000    149.32500000    148.72500000    149.37500000    149.24166667    148.22500000    147.02500000    145.45000000    148.74166667    148.80833333    149.82500000    149.21666667    149.22500000    151.99166667 
    150.01666667    150.21666667    150.59166667    147.53333333    146.60833333    147.66666667    146.56666667    146.47500000    146.95833333    146.59166667    144.60833333    144.85833333    144.10000000    144.45000000    144.79166667    142.79166667    141.90000000    143.40833333    140.75000000    143.22500000    143.70000000    141.28333333    143.01666667    141.08333333    140.70833333 
    140.14166667    139.65000000    137.40833333    138.74166667    136.80833333    138.64166667    137.13333333    135.95000000    135.65000000    136.95833333    136.88333333    134.89166667    135.82500000    135.61666667    136.06666667    135.63333333    136.04166667    135.09166667    134.75833333    135.15000000    133.35000000    132.57500000    130.84166667    130.82500000    131.20833333 
    131.82500000    130.29166667    130.32500000    128.90000000    129.87500000    128.92500000    129.46666667    127.27500000    126.49166667    126.94166667    127.73333333    127.75833333    128.83333333    127.60833333    127.35000000    128.13333333    127.99166667    127.98333333    129.52500000    128.25833333    128.81666667    127.88333333    128.10000000    128.98333333    126.80833333 
    127.12500000    125.60000000    127.02500000    125.39166667    125.54166667    125.07500000    125.35000000    123.39166667    125.70000000    124.67500000    124.00833333    123.32500000    124.42500000    121.40000000    121.55000000    122.34166667    123.87500000    121.09166667    122.06666667    120.53333333    120.38333333    121.04166667    121.88333333    121.28333333    120.94166667 
    120.78333333    117.65833333    119.30833333    118.70833333    118.38333333    118.75000000    118.25833333    116.92500000    117.12500000    115.94166667    116.20000000    115.61666667    115.50833333    116.15833333    115.70833333    116.29166667    117.91666667    116.64166667    117.68333333    117.29166667    117.19166667    117.20833333    118.95000000    117.53333333    117.14166667 
    114.80833333    115.04166667    115.50000000    115.48333333    113.35000000    115.66666667    114.29166667    114.10833333    114.10833333    113.60833333    114.34166667    113.06666667    112.12500000    110.75833333    111.63333333    113.04166667    111.23333333    109.40833333    109.80000000    109.27500000    112.80000000    113.33333333    113.41666667    111.68333333    112.71666667 
    112.17500000    109.27500000    108.28333333    109.25833333    108.50833333    108.37500000    106.86666667    105.91666667    105.60000000    106.13333333    106.72500000    105.93333333    106.86666667    105.30000000    105.96666667    106.85833333    105.06666667    107.70000000    105.44166667    106.89166667    106.39166667    105.09166667    104.60833333    103.96666667    105.02500000 
    105.76666667    105.68333333    104.83333333    105.15833333    104.10833333    103.90833333    104.00833333    104.60000000    104.52500000    104.28333333    104.65833333    102.93333333    103.86666667    103.45833333    103.08333333    102.14166667    102.74166667    102.65000000    102.47500000    101.24166667    104.02500000    102.96666667    102.51666667    103.00000000    102.44166667 
    103.65833333    102.90833333    102.06666667    101.89166667    101.42500000    102.83333333    103.26666667    102.36666667    101.92500000    100.87500000    100.66666667    101.68333333     99.36666667     99.05833333    100.30000000     98.40833333    100.03333333     99.90833333    100.94166667    100.54166667     99.73333333     99.25833333    100.12500000     98.72500000     97.14166667 
     97.20000000     98.46666667     96.64166667     97.00833333     96.05000000     95.71666667     95.92500000     97.07500000     94.79166667     95.70833333     95.00000000     93.85833333     95.10833333     95.84166667     95.88333333     94.57500000     94.95000000     93.35000000     94.14166667     94.95000000     93.95000000     95.24166667     94.82500000     95.64166667     95.03333333 
     95.67500000     93.08333333     92.20833333     93.26666667     92.16666667     92.90833333     92.82500000     92.49166667     92.39166667     91.65000000     93.04166667     92.52500000     91.35833333     92.53333333     92.65833333     91.60000000     92.89166667     91.15833333     91.02500000     91.17500000     91.00833333     92.54166667     91.96666667     91.47500000     91.79166667 
