  0.00000000E+00 -8.52553333E+01 -1.00112333E+02 -1.03215667E+02 -1.06869000E+02 -1.09782667E+02 -1.09310000E+02 -1.10904667E+02 -1.12311667E+02 -1.09978667E+02 
 -1.12370000E+02 -1.11984000E+02 -1.14859667E+02 -1.16266000E+02 -1.15907000E+02 -1.14728333E+02 -1.13445333E+02 -1.16642000E+02 -1.16907000E+02 -1.16217667E+02 
 -1.18183333E+02 -1.19577333E+02 -1.20737333E+02 -1.20280000E+02 -1.20076667E+02 -1.20791333E+02 -1.23352333E+02 -1.20591333E+02 -1.20677333E+02 -1.23942333E+02 
 -1.24540333E+02 -1.24955667E+02 -1.30361333E+02 -1.28569000E+02 -1.28696000E+02 -1.28027667E+02 -1.26790333E+02 -1.26403667E+02 -1.25332000E+02 -1.24786333E+02 
 -1.24864667E+02 -1.29058333E+02 -1.28651333E+02 -1.33197667E+02 -1.33579000E+02 -1.32602000E+02 -1.33525000E+02 -1.32833000E+02 -1.31684333E+02 -1.30515667E+02 
 -1.32759667E+02 -1.37374667E+02 -1.35811333E+02 -1.36812333E+02 -1.35798333E+02 -1.35548333E+02 -1.38571000E+02 -1.38171333E+02 -1.37194667E+02 -1.36895333E+02 
 -1.35543667E+02 -1.40681000E+02 -1.43084667E+02 -1.43483333E+02 -1.43414000E+02 -1.44227000E+02 -1.45744000E+02 -1.45426333E+02 -1.41983000E+02 -1.46803333E+02 
 -1.43529667E+02 -1.49238667E+02 -1.49131667E+02 -1.52276667E+02 -1.52108000E+02 -1.48338667E+02 -1.52098333E+02 -1.50055667E+02 -1.50406667E+02 -1.53484000E+02 
 -1.55194667E+02 -1.55632333E+02 -1.55811667E+02 -1.57829667E+02 -1.58342667E+02 -1.60052333E+02 -1.59982000E+02 -1.59395333E+02 -1.59567000E+02 -1.54871667E+02 
 -1.55086667E+02 -1.63737000E+02 -1.67208000E+02 -1.68705333E+02 -1.67319000E+02 -1.68814667E+02 -1.67623667E+02 -1.66344333E+02 -1.66458000E+02 -1.66874000E+02 
 -1.66659000E+02 -1.72075000E+02 -1.69412333E+02 -1.72588000E+02 -1.72825000E+02 -1.75606667E+02 -1.72416000E+02 -1.74623667E+02 -1.74468333E+02 -1.74504000E+02 
 -1.75148667E+02 -1.78557667E+02 -1.80144000E+02 -1.86242667E+02 -1.88426000E+02 -1.85390000E+02 -1.85861667E+02 -1.88046000E+02 -1.90764333E+02 -1.91111667E+02 
 -1.88839000E+02 -1.91257333E+02 -1.93242667E+02 -1.91879333E+02 -1.93286333E+02 -1.94976000E+02 -1.96479000E+02 -1.98923333E+02 -2.00614667E+02 -1.99176667E+02 
 -2.01741333E+02 -2.05677000E+02 -2.06729333E+02 -2.03816667E+02 -2.09367333E+02 -2.09281333E+02 -2.07582000E+02 -2.10672000E+02 -2.09892000E+02 -2.12302333E+02 
 -2.10829667E+02 -2.16451333E+02 -2.15105333E+02 -2.18551000E+02 -2.18729000E+02 -2.21345000E+02 -2.23837333E+02 -2.22942333E+02 -2.21217333E+02 -2.21423000E+02 
 -2.23896333E+02 -2.30104333E+02 -2.33186333E+02 -2.34984333E+02 -2.36723333E+02 -2.32279333E+02 -2.29787000E+02 -2.31756667E+02 -2.32493333E+02 -2.35104000E+02 
 -2.38243667E+02 -2.41252333E+02 -2.45679333E+02 -2.49530333E+02 -2.49203000E+02 -2.52219667E+02 -2.50662000E+02 -2.48913333E+02 -2.54090000E+02 -2.55351333E+02 
 -2.57483000E+02 -2.62033667E+02 -2.63884667E+02 -2.63893000E+02 -2.65471667E+02 -2.66254333E+02 -2.65040667E+02 -2.63351333E+02 -2.62100667E+02 -2.65400333E+02 
 -2.72603000E+02 -2.74209000E+02 -2.79974000E+02 -2.83012667E+02 -2.83041667E+02 -2.82433000E+02 -2.86039333E+02 -2.87944000E+02 -2.89146000E+02 -2.87614000E+02 
 -2.86693333E+02 -2.93361333E+02 -2.98585333E+02 -2.97306333E+02 -3.00599667E+02 -3.04562000E+02 -3.09428667E+02 -3.11089000E+02 -3.15094333E+02 -3.11946333E+02 
 -3.07177000E+02 -3.12812000E+02 -3.22079333E+02 -3.23696000E+02 -3.27574000E+02 -3.29648333E+02 -3.32395000E+02 -3.34059333E+02 -3.35428667E+02 -3.38339667E+02 
 -3.41270000E+02 -3.47664000E+02 -3.47683000E+02 -3.51706000E+02 -3.54059333E+02 -3.54292000E+02 -3.55562000E+02 -3.54355333E+02 -3.56980000E+02 -3.56993667E+02 
 -3.59669000E+02 -3.67749000E+02 -3.67291667E+02 -3.74064000E+02 -3.80509000E+02 -3.82751333E+02 -3.86265333E+02 -3.90839000E+02 -3.92065000E+02 -3.94609333E+02 
 -3.93102000E+02 -4.01453000E+02 -4.04165667E+02 -4.07147667E+02 -4.10286667E+02 -4.14792000E+02 -4.14260333E+02 -4.15778667E+02 -4.19173000E+02 -4.19824667E+02 
 -4.24511333E+02 -4.33561333E+02 -4.40469667E+02 -4.47822000E+02 -4.50256333E+02 -4.52543333E+02 -4.54096000E+02 -4.57728000E+02 -4.62618333E+02 -4.65984667E+02 
 -4.66461333E+02 -4.70492667E+02 -4.79358667E+02 -4.82811000E+02 -4.88156667E+02 -4.93864667E+02 -4.98471667E+02 -5.03168333E+02 -5.06910000E+02 -5.09036333E+02 
 -5.17148333E+02 -5.19431333E+02 -5.28500333E+02 -5.34362667E+02 -5.39461000E+02 -5.40906333E+02 -5.47537333E+02 -5.51195000E+02 -5.54633000E+02 -5.60063667E+02 
 -5.61856333E+02 -5.67928333E+02 -5.74389667E+02 -5.78405333E+02 -5.84088000E+02 -5.85726333E+02 -5.93388333E+02 -5.96836667E+02 -6.02373000E+02 -6.11269333E+02 
 -6.11237000E+02 -6.21627333E+02 -6.33604333E+02 -6.39590000E+02 -6.45317667E+02 -6.49887000E+02 -6.56882000E+02 -6.61162333E+02 -6.67576667E+02 -6.69186333E+02 
 -6.74828333E+02 -6.86771333E+02 -6.95007667E+02 -7.03243000E+02 -7.11149333E+02 -7.19987333E+02 -7.26312667E+02 -7.26974000E+02 -7.29730667E+02 -7.38275333E+02 
 -7.43891000E+02 -7.49731667E+02 -7.57326000E+02 -7.65043667E+02 -7.74083667E+02 -7.77969333E+02 -7.85661667E+02 -7.95546333E+02 -8.06726000E+02 -8.16744000E+02 
 -8.21014000E+02 -8.33759333E+02 -8.40815667E+02 -8.50159667E+02 -8.64378333E+02 -8.71735667E+02 -8.80419000E+02 -8.88915333E+02 -8.96095000E+02 -9.04491333E+02 
 -9.09378333E+02 -9.17935333E+02 -9.28360667E+02 -9.37796333E+02 -9.47404333E+02 -9.56578000E+02 -9.64846667E+02 -9.80051000E+02 -9.84513333E+02 -9.93632333E+02 
 -1.00011733E+03 -1.01642200E+03 -1.02920267E+03 -1.04350800E+03 -1.05644167E+03 -1.07143700E+03 -1.08048967E+03 -1.09243700E+03 -1.10346833E+03 -1.11431933E+03 
 -1.12201567E+03 -1.13644367E+03 -1.15129767E+03 -1.16559867E+03 -1.17839467E+03 -1.19414200E+03 -1.20464867E+03 -1.21659900E+03 -1.22723633E+03 -1.23942967E+03 
 -1.24914200E+03 -1.26785400E+03 -1.28421667E+03 -1.29772800E+03 -1.30922800E+03 -1.31941767E+03 -1.33169200E+03 -1.34447300E+03 -1.35853933E+03 -1.36905400E+03 
 -1.37599533E+03 -1.39777167E+03 -1.41619667E+03 -1.43495500E+03 -1.44779700E+03 -1.46172567E+03 -1.48344667E+03 -1.49992733E+03 -1.51805367E+03 -1.53172767E+03 
 -1.54387767E+03 -1.56605900E+03 -1.58513533E+03 -1.60502067E+03 -1.62182100E+03 -1.63748867E+03 -1.65328067E+03 -1.66949933E+03 -1.68668233E+03 -1.70076033E+03 
 -1.71512133E+03 -1.73447133E+03 -1.75270567E+03 -1.77221567E+03 -1.79243067E+03 -1.80781000E+03 -1.82360433E+03 -1.84374067E+03 -1.86218200E+03 -1.87768900E+03 
 -1.89412033E+03 -1.91861933E+03 -1.94098767E+03 -1.96246167E+03 -1.98269800E+03 -2.00656400E+03 -2.02641033E+03 -2.04621900E+03 -2.06598133E+03 -2.08438100E+03 
 -2.09794400E+03 -2.12202400E+03 -2.14510433E+03 -2.16674767E+03 -2.19133933E+03 -2.20989667E+03 -2.23335533E+03 -2.25103133E+03 -2.27205167E+03 -2.29128333E+03 
 -2.31537767E+03 -2.34090567E+03 -2.36436067E+03 -2.38985367E+03 -2.41322567E+03 -2.43885400E+03 -2.46244433E+03 -2.48416833E+03 -2.50771300E+03 -2.53266533E+03 
 -2.55464367E+03 -2.58572000E+03 -2.61296867E+03 -2.64234733E+03 -2.66852700E+03 -2.69557900E+03 -2.72183300E+03 -2.74180167E+03 -2.76687500E+03 -2.79339567E+03 
 -2.81766100E+03 -2.84582933E+03 -2.86975033E+03 -2.89910333E+03 -2.92706600E+03 -2.95192967E+03 -2.97328400E+03 -3.00314533E+03 -3.02944933E+03 -3.05654900E+03 
 -3.08384467E+03 -3.11174333E+03 -3.14164000E+03 -3.17283900E+03 -3.19937033E+03 -3.22627900E+03 -3.25643633E+03 -3.28148467E+03 -3.30336667E+03 -3.32877800E+03 
 -3.35059967E+03 -3.38055633E+03 -3.41171067E+03 -3.43881833E+03 -3.46289867E+03 -3.48985167E+03 -3.52066933E+03 -3.54440400E+03 -3.56988100E+03 -3.59429400E+03 
 -3.62037400E+03 -3.65545133E+03 -3.68237067E+03 -3.70840767E+03 -3.73284367E+03 -3.75914300E+03 -3.78786167E+03 -3.80945133E+03 -3.83515767E+03 -3.86189000E+03 
 -3.88336033E+03 -3.91250267E+03 -3.93854733E+03 -3.96798367E+03 -3.99488567E+03 -4.02242567E+03 -4.04336500E+03 -4.07094267E+03 -4.09539933E+03 -4.12036300E+03 
 -4.14110367E+03 -4.16794500E+03 -4.19556133E+03 -4.22023833E+03 -4.25055267E+03 -4.27666800E+03 -4.30467533E+03 -4.32686800E+03 -4.35161233E+03 -4.37410800E+03 
 -4.40194867E+03 -4.42882667E+03 -4.45428000E+03 -4.48003767E+03 -4.50696700E+03 -4.53335867E+03 -4.56000233E+03 -4.58453300E+03 -4.60943867E+03 -4.62994833E+03 
 -4.65280333E+03 -4.68065300E+03 -4.70260867E+03 -4.72676067E+03 -4.75299600E+03 -4.77727833E+03 -4.80303200E+03 -4.82566767E+03 -4.84570600E+03 -4.86755500E+03 
 -4.88836100E+03 -4.91352367E+03 -4.94020533E+03 -4.96390300E+03 -4.98490433E+03 -5.00459133E+03 -5.02513800E+03 -5.04533833E+03 -5.06246400E+03 -5.08486600E+03 
 -5.10273133E+03 -5.12649533E+03 -5.14346433E+03 -5.16605033E+03 -5.18866733E+03 -5.20809033E+03 -5.22367800E+03 -5.24217733E+03 -5.26399467E+03 -5.28365300E+03 
 -5.30079933E+03 -5.31803633E+03 -5.33738067E+03 -5.35452900E+03 -5.37446467E+03 -5.39312100E+03 -5.40850433E+03 -5.42816300E+03 -5.44501133E+03 -5.46464367E+03 
 -5.48068500E+03 -5.49998700E+03 -5.52128600E+03 -5.53881333E+03 -5.55561833E+03 -5.57104500E+03 -5.58701100E+03 -5.60172267E+03 -5.61602033E+03 -5.63127667E+03 
 -5.64558433E+03 -5.65933967E+03 -5.67677400E+03 -5.69060333E+03 -5.70527800E+03 -5.71857367E+03 -5.72940933E+03 -5.74249167E+03 -5.75417867E+03 -5.76782900E+03 
 -5.77896500E+03 -5.79352200E+03 -5.80609033E+03 -5.81761133E+03 -5.83225967E+03 -5.84068733E+03 -5.85448533E+03 -5.86421633E+03 -5.87620800E+03 -5.88562067E+03 
 -5.89575433E+03 -5.90860233E+03 -5.91965700E+03 -5.92932000E+03 -5.94156933E+03 -5.95126800E+03 -5.96216300E+03 -5.96854667E+03 -5.97921167E+03 -5.98879733E+03 
 -5.99831567E+03 -6.00942700E+03 -6.01819100E+03 -6.02711400E+03 -6.03706567E+03 -6.04565400E+03 -6.05564300E+03 -6.06375467E+03 -6.07281800E+03 -6.07887167E+03 
 -6.08533867E+03 -6.09307333E+03 -6.09823500E+03 -6.10661767E+03 -6.11463667E+03 -6.12280400E+03 -6.12959233E+03 -6.13530967E+03 -6.14227000E+03 -6.14928100E+03 
 -6.15406800E+03 -6.16078300E+03 -6.16834133E+03 -6.17449967E+03 -6.18096667E+03 -6.18632100E+03 -6.19054100E+03 -6.19507300E+03 -6.20127767E+03 -6.20421500E+03 
 -6.20857233E+03 -6.21430533E+03 -6.21954133E+03 -6.22486133E+03 -6.22954867E+03 -6.23382033E+03 -6.23713967E+03 -6.24217933E+03 -6.24641900E+03 -6.24934033E+03 
 -6.25276167E+03 -6.25843667E+03 -6.26402433E+03 -6.26752533E+03 -6.27220133E+03 -6.27570667E+03 -6.27944667E+03 -6.28224867E+03 -6.28482367E+03 -6.28720933E+03 
 -6.28887000E+03 -6.29516833E+03 -6.29974400E+03 -6.30237367E+03 -6.30625433E+03 -6.30724100E+03 -6.31180067E+03 -6.31433333E+03 -6.31879567E+03 -6.32024267E+03 
 -6.32291900E+03 -6.32505333E+03 -6.32700200E+03 -6.33154000E+03 -6.33341100E+03 -6.33619567E+03 -6.33741567E+03 -6.34049100E+03 -6.34194833E+03 -6.34317900E+03 
 -6.34523967E+03 -6.34870667E+03 -6.35104000E+03 -6.35441333E+03 -6.35663433E+03 -6.35763500E+03 -6.36114167E+03 -6.36439633E+03 -6.36459500E+03 -6.36643633E+03 
 -6.36735500E+03 -6.36990967E+03 -6.37200800E+03 -6.37408067E+03 -6.37672633E+03 -6.37692067E+03 -6.37751000E+03 -6.37963500E+03 -6.38134000E+03 -6.38260900E+03 
 -6.38534867E+03 -6.38819967E+03 -6.38957200E+03 -6.39134933E+03 -6.39213267E+03 -6.39401900E+03 -6.39584567E+03 -6.39816167E+03 -6.39958400E+03 -6.39995100E+03 
 -6.40233433E+03 -6.40274833E+03 -6.40324000E+03 -6.40518433E+03 -6.40582500E+03 -6.40668833E+03 -6.40859667E+03 -6.41013733E+03 -6.41081600E+03 -6.41244667E+03 
 -6.41310300E+03 -6.41491433E+03 -6.41719333E+03 -6.41932100E+03 -6.41937200E+03 -6.42034633E+03 -6.42150267E+03 -6.42199333E+03 -6.42339333E+03 -6.42439667E+03 
 -6.42463267E+03 -6.42655433E+03 -6.42816167E+03 -6.42855567E+03 -6.43020400E+03 -6.43090833E+03 -6.43247967E+03 -6.43240000E+03 -6.43325500E+03 -6.43380167E+03 
 -6.43321400E+03 -6.43451900E+03 -6.43469600E+03 -6.43643967E+03 -6.43752800E+03 -6.43780500E+03 -6.43788233E+03 -6.43914600E+03 -6.44024933E+03 -6.44132633E+03 
 -6.44216133E+03 -6.44418533E+03 -6.44578233E+03 -6.44578333E+03 -6.44526767E+03 -6.44671133E+03 -6.44707400E+03 -6.44802233E+03 -6.44691200E+03 -6.44782533E+03 
 -6.44866767E+03 -6.44965333E+03 -6.44937300E+03 -6.45002533E+03 -6.45143333E+03 -6.45162733E+03 -6.45098833E+03 -6.45189867E+03 -6.45279400E+03 -6.45419700E+03 
 -6.45336367E+03 -6.45453567E+03 -6.45544367E+03 -6.45778167E+03 -6.45881033E+03 -6.45926767E+03 -6.45911767E+03 -6.45914400E+03 -6.46057667E+03 -6.46239400E+03 
 -6.46175767E+03 -6.46292733E+03 -6.46397033E+03 -6.46299433E+03 -6.46367333E+03 -6.46456467E+03 -6.46509900E+03 -6.46707300E+03 -6.46743800E+03 -6.46703667E+03 
 -6.46798900E+03 -6.46839467E+03 -6.46832033E+03 -6.46960900E+03 -6.47081300E+03 -6.47062033E+03 -6.47089600E+03 -6.47106900E+03 -6.47046900E+03 -6.47030600E+03 
 -6.47038000E+03 -6.47179367E+03 -6.47359433E+03 -6.47378467E+03 -6.47409500E+03 -6.47462967E+03 -6.47482267E+03 -6.47627000E+03 -6.47598000E+03 -6.47644533E+03 
 -6.47762233E+03 -6.47703467E+03 -6.47769367E+03 -6.47902933E+03 -6.47932967E+03 -6.47946500E+03 -6.48024767E+03 -6.48101067E+03 -6.48107633E+03 -6.48190867E+03 
 -6.48124833E+03 -6.48217000E+03 -6.48211833E+03 -6.48379067E+03 -6.48409533E+03 -6.48366633E+03 -6.48430967E+03 -6.48423400E+03 -6.48459267E+03 -6.48470100E+03 
 -6.48513433E+03 -6.48516400E+03 -6.48548133E+03 -6.48504533E+03 -6.48412600E+03 -6.48378833E+03 -6.48425033E+03 -6.48383167E+03 -6.48473967E+03 -6.48499100E+03 
 -6.48500433E+03 -6.48423900E+03 -6.48443633E+03 -6.48387700E+03 -6.48427467E+03 -6.48446633E+03 -6.48396100E+03 -6.48400700E+03 -6.48362367E+03 -6.48355033E+03 
 -6.48378033E+03 -6.48366933E+03 -6.48210333E+03 -6.48226467E+03 -6.48123233E+03 -6.48151867E+03 -6.48054067E+03 -6.48046967E+03 -6.47917433E+03 -6.47993367E+03 
 -6.48091767E+03 -6.48020900E+03 -6.47968133E+03 -6.47773533E+03 -6.47786733E+03 -6.47874600E+03 -6.47891967E+03 -6.47788333E+03 -6.47873400E+03 -6.47721167E+03 
 -6.47766467E+03 -6.47735933E+03 -6.47592633E+03 -6.47599867E+03 -6.47552400E+03 -6.47444900E+03 -6.47495633E+03 -6.47466633E+03 -6.47441900E+03 -6.47392933E+03 
 -6.47345767E+03 -6.47129767E+03 -6.47027867E+03 -6.47080467E+03 -6.47033933E+03 -6.46960700E+03 -6.46976167E+03 -6.46999600E+03 -6.46887867E+03 -6.46825167E+03 
 -6.46809300E+03 -6.46777067E+03 -6.46700300E+03 -6.46593667E+03 -6.46562367E+03 -6.46531800E+03 -6.46482633E+03 -6.46480900E+03 -6.46461667E+03 -6.46414700E+03 
 -6.46336233E+03 -6.46212467E+03 -6.46071500E+03 -6.46079333E+03 -6.46059467E+03 -6.46006367E+03 -6.45935100E+03 -6.45927367E+03 -6.45871367E+03 -6.45759767E+03 
 -6.45692267E+03 -6.45631200E+03 -6.45655200E+03 -6.45565233E+03 -6.45493100E+03 -6.45553333E+03 -6.45597700E+03 -6.45499200E+03 -6.45319200E+03 -6.45401467E+03 
 -6.45200800E+03 -6.45161900E+03 -6.44958233E+03 -6.44975467E+03 -6.44899033E+03 -6.44911800E+03 -6.44784233E+03 -6.44728800E+03 -6.44602900E+03 -6.44529033E+03 
 -6.44506167E+03 -6.44262533E+03 -6.44285833E+03 -6.44146967E+03 -6.44110500E+03 -6.44223267E+03 -6.44118233E+03 -6.44002767E+03 -6.44009100E+03 -6.43839900E+03 
 -6.43821033E+03 -6.43566867E+03 -6.43554800E+03 -6.43331467E+03 -6.43417433E+03 -6.43352300E+03 -6.43266833E+03 -6.43248700E+03 -6.43264667E+03 -6.43315733E+03 
 -6.43322867E+03 -6.43159100E+03 -6.43080333E+03 -6.42983300E+03 -6.42935500E+03 -6.42814967E+03 -6.42794733E+03 -6.42744667E+03 -6.42627467E+03 -6.42716700E+03 
 -6.42667333E+03 -6.42534333E+03 -6.42399000E+03 -6.42334400E+03 -6.42180867E+03 -6.41984767E+03 -6.41956267E+03 -6.41785467E+03 -6.41763800E+03 -6.41759667E+03 
 -6.41682033E+03 -6.41622967E+03 -6.41512333E+03 -6.41365033E+03 -6.41151667E+03 -6.41134367E+03 -6.40946033E+03 -6.40957733E+03 -6.40899300E+03 -6.40864900E+03 
 -6.40868500E+03 -6.40684533E+03 -6.40673500E+03 -6.40525033E+03 -6.40264500E+03 -6.40117667E+03 -6.40028833E+03 -6.39674133E+03 -6.39705067E+03 -6.39651167E+03 
 -6.39563000E+03 -6.39553567E+03 -6.39522233E+03 -6.39442633E+03 -6.39262200E+03 -6.39214533E+03 -6.39113000E+03 -6.38885267E+03 -6.38782367E+03 -6.38673967E+03 
 -6.38666200E+03 -6.38347700E+03 -6.38153367E+03 -6.37901467E+03 -6.37890800E+03 -6.37622033E+03 -6.37593167E+03 -6.37348100E+03 -6.37180600E+03 -6.36999067E+03 
 -6.36825300E+03 -6.36618733E+03 -6.36397100E+03 -6.36224833E+03 -6.36079133E+03 -6.35906567E+03 -6.35771233E+03 -6.35511033E+03 -6.35425300E+03 -6.35347267E+03 
 -6.35135900E+03 -6.34896333E+03 -6.34695000E+03 -6.34459433E+03 -6.34305267E+03 -6.34145067E+03 -6.34171767E+03 -6.34015567E+03 -6.33792333E+03 -6.33752367E+03 
 -6.33541633E+03 -6.33311767E+03 -6.32958433E+03 -6.32672200E+03 -6.32441000E+03 -6.32231100E+03 -6.32104800E+03 -6.31870167E+03 -6.31825767E+03 -6.31748600E+03 
 -6.31544967E+03 -6.31153133E+03 -6.30986967E+03 -6.30746433E+03 -6.30560300E+03 -6.30318767E+03 -6.29967200E+03 -6.29770233E+03 -6.29536033E+03 -6.29532967E+03 
 -6.29297700E+03 -6.29088967E+03 -6.28968233E+03 -6.28749733E+03 -6.28515567E+03 -6.28432467E+03 -6.28188133E+03 -6.27672200E+03 -6.27535333E+03 -6.27241633E+03 
 -6.26840333E+03 -6.26434067E+03 -6.26518433E+03 -6.26144800E+03 -6.25770733E+03 -6.25502200E+03 -6.25132867E+03 -6.24781567E+03 -6.24418733E+03 -6.24320700E+03 
 -6.24165300E+03 -6.23776667E+03 -6.23326100E+03 -6.23054733E+03 -6.22635300E+03 -6.22481633E+03 -6.22090233E+03 -6.21778433E+03 -6.21438000E+03 -6.21354367E+03 
 -6.21121867E+03 -6.20409967E+03 -6.19971167E+03 -6.19764133E+03 -6.19397600E+03 -6.19154700E+03 -6.18809267E+03 -6.18292633E+03 -6.18073733E+03 -6.17693600E+03 
 -6.17343867E+03 -6.16855400E+03 -6.16609367E+03 -6.16283133E+03 -6.15905533E+03 -6.15584800E+03 -6.15113300E+03 -6.14784600E+03 -6.14494433E+03 -6.13984900E+03 
 -6.13775033E+03 -6.13107067E+03 -6.12572800E+03 -6.11725300E+03 -6.11319967E+03 -6.10806600E+03 -6.10484700E+03 -6.09894733E+03 -6.09487933E+03 -6.08992067E+03 
 -6.08613300E+03 -6.07843067E+03 -6.07502567E+03 -6.07035433E+03 -6.06572800E+03 -6.06009600E+03 -6.05367900E+03 -6.05006833E+03 -6.04370067E+03 -6.03720467E+03 
 -6.03316233E+03 -6.02792700E+03 -6.02200200E+03 -6.01568467E+03 -6.01178867E+03 -6.00674700E+03 -6.00280633E+03 -5.99747533E+03 -5.99305933E+03 -5.98782467E+03 
 -5.98199767E+03 -5.97349133E+03 -5.96579600E+03 -5.95713800E+03 -5.95035333E+03 -5.94375167E+03 -5.93576933E+03 -5.93186133E+03 -5.92371533E+03 -5.91934300E+03 
 -5.91417000E+03 -5.90588800E+03 -5.89573167E+03 -5.88793500E+03 -5.88013967E+03 -5.87385167E+03 -5.86914233E+03 -5.86050767E+03 -5.85567067E+03 -5.84753200E+03 
 -5.83974567E+03 -5.82814533E+03 -5.81814133E+03 -5.81028933E+03 -5.80063267E+03 -5.78581467E+03 -5.77781200E+03 -5.76673533E+03 -5.75812567E+03 -5.74800500E+03 
 -5.73864467E+03 -5.72815167E+03 -5.71556733E+03 -5.70344033E+03 -5.69350033E+03 -5.68406767E+03 -5.67191033E+03 -5.65977333E+03 -5.65048133E+03 -5.64057133E+03 
 -5.63015700E+03 -5.61754300E+03 -5.60568633E+03 -5.59389533E+03 -5.58465100E+03 -5.57277767E+03 -5.55946667E+03 -5.54901300E+03 -5.54013700E+03 -5.52356567E+03 
 -5.51437633E+03 -5.49976433E+03 -5.48494333E+03 -5.47007333E+03 -5.45864333E+03 -5.44946700E+03 -5.43574767E+03 -5.42360600E+03 -5.41138233E+03 -5.39677433E+03 
 -5.38553633E+03 -5.36942600E+03 -5.35610767E+03 -5.33712833E+03 -5.32109867E+03 -5.30516100E+03 -5.28281300E+03 -5.26685133E+03 -5.24942333E+03 -5.23908467E+03 
 -5.22413367E+03 -5.20605633E+03 -5.18971167E+03 -5.17290433E+03 -5.15205233E+03 -5.13885600E+03 -5.11810667E+03 -5.09905433E+03 -5.07814367E+03 -5.05808633E+03 
 -5.04511500E+03 -5.02023833E+03 -4.99876133E+03 -4.97706867E+03 -4.95564233E+03 -4.93438767E+03 -4.91278500E+03 -4.89327700E+03 -4.87339733E+03 -4.85454533E+03 
 -4.83392300E+03 -4.80947867E+03 -4.78362667E+03 -4.76475367E+03 -4.73774367E+03 -4.71373000E+03 -4.68973333E+03 -4.67267133E+03 -4.65144467E+03 -4.63175700E+03 
 -4.60996833E+03 -4.58177867E+03 -4.55619700E+03 -4.53096500E+03 -4.50565000E+03 -4.47940467E+03 -4.45450200E+03 -4.42720733E+03 -4.40429133E+03 -4.38300600E+03 
 -4.35912100E+03 -4.32978500E+03 -4.30099733E+03 -4.26601600E+03 -4.23855500E+03 -4.20715067E+03 -4.18100533E+03 -4.15274200E+03 -4.12534900E+03 -4.09740533E+03 
 -4.07428300E+03 -4.03780967E+03 -4.00603333E+03 -3.97306967E+03 -3.94087267E+03 -3.91291467E+03 -3.87976600E+03 -3.85141500E+03 -3.82131000E+03 -3.79144133E+03 
 -3.76089667E+03 -3.72274400E+03 -3.68467167E+03 -3.64905600E+03 -3.61861133E+03 -3.58386000E+03 -3.55466500E+03 -3.52165933E+03 -3.49046067E+03 -3.45636167E+03 
 -3.42570733E+03 -3.38873300E+03 -3.35531300E+03 -3.32547167E+03 -3.29095067E+03 -3.25598033E+03 -3.22280100E+03 -3.19097667E+03 -3.15624633E+03 -3.12250733E+03 
 -3.08538400E+03 -3.04494600E+03 -3.00906133E+03 -2.96809900E+03 -2.93783367E+03 -2.90170233E+03 -2.86949633E+03 -2.83739833E+03 -2.80524367E+03 -2.76899033E+03 
 -2.73989233E+03 -2.69979900E+03 -2.65834600E+03 -2.62155300E+03 -2.58305500E+03 -2.54505100E+03 -2.50752767E+03 -2.47270467E+03 -2.43993500E+03 -2.40610400E+03 
 -2.37524100E+03 -2.33855033E+03 -2.29852833E+03 -2.25912633E+03 -2.22171600E+03 -2.19336600E+03 -2.15867333E+03 -2.12503167E+03 -2.09200367E+03 -2.05884133E+03 
 -2.02846133E+03 -1.99268833E+03 -1.95963167E+03 -1.92726333E+03 -1.89057533E+03 -1.85828433E+03 -1.82615867E+03 -1.79650967E+03 -1.76748700E+03 -1.73960933E+03 
 -1.70950300E+03 -1.67290467E+03 -1.64130133E+03 -1.61114833E+03 -1.58156333E+03 -1.55334067E+03 -1.52313267E+03 -1.49689967E+03 -1.47156233E+03 -1.44743100E+03 
 -1.42770600E+03 -1.39165800E+03 -1.36518700E+03 -1.33603867E+03 -1.31076600E+03 -1.28972733E+03 -1.26307833E+03 -1.23896133E+03 -1.21614967E+03 -1.19618233E+03 
 -1.17785967E+03 -1.15046067E+03 -1.12906033E+03 -1.10805133E+03 -1.08652533E+03 -1.06530400E+03 -1.04342567E+03 -1.02399167E+03 -1.00350933E+03 -9.88374000E+02 
 -9.69550667E+02 -9.49063667E+02 -9.31410667E+02 -9.13694667E+02 -8.99881667E+02 -8.78808000E+02 -8.62172000E+02 -8.47436333E+02 -8.29603667E+02 -8.15922333E+02 
 -8.06053333E+02 -7.85170000E+02 -7.68200333E+02 -7.56161333E+02 -7.42471667E+02 -7.29704333E+02 -7.16005333E+02 -7.00433000E+02 -6.90322667E+02 -6.84951667E+02 
 -6.75130000E+02 -6.59045333E+02 -6.46104333E+02 -6.37914333E+02 -6.24549667E+02 -6.10787000E+02 -5.99666667E+02 -5.93589333E+02 -5.84951667E+02 -5.80078667E+02 
 -5.69517333E+02 -5.54716667E+02 -5.45138000E+02 -5.37884333E+02 -5.32973333E+02 -5.24335667E+02 -5.15066000E+02 -5.09471333E+02 -5.06758667E+02 -5.05422333E+02 
 -5.00009667E+02 -4.91137333E+02 -4.84039667E+02 -4.72924333E+02 -4.63340000E+02 -4.55795000E+02 -4.53362333E+02 -4.49146667E+02 -4.46430000E+02 -4.39312667E+02 
 -4.38187333E+02 -4.29441667E+02 -4.22328000E+02 -4.16328000E+02 -4.11237000E+02 -4.07415333E+02 -4.03440667E+02 -3.99290333E+02 -3.97348333E+02 -3.89946000E+02 
 -3.87089667E+02 -3.78661000E+02 -3.75192000E+02 -3.70117667E+02 -3.65620333E+02 -3.64221000E+02 -3.58820667E+02 -3.58576333E+02 -3.54023333E+02 -3.54086667E+02 
 -3.53337000E+02 -3.46476000E+02 -3.40747333E+02 -3.38947000E+02 -3.33951000E+02 -3.31956667E+02 -3.31484333E+02 -3.30052667E+02 -3.29501333E+02 -3.21970333E+02 
 -3.19690667E+02 -3.17702000E+02 -3.15438667E+02 -3.11651333E+02 -3.05334667E+02 -3.01092000E+02 -2.98328667E+02 -2.99159333E+02 -3.02891333E+02 -3.01763333E+02 
 -2.99561000E+02 -2.96198333E+02 -2.92381667E+02 -2.91833000E+02 -2.88158667E+02 -2.86264000E+02 -2.81057000E+02 -2.80802000E+02 -2.80687333E+02 -2.76339667E+02 
 -2.76543333E+02 -2.72573000E+02 -2.70806667E+02 -2.65271667E+02 -2.67425333E+02 -2.66020667E+02 -2.65706000E+02 -2.63028333E+02 -2.62449667E+02 -2.59799000E+02 
 -2.59956333E+02 -2.51554000E+02 -2.54823000E+02 -2.49133667E+02 -2.46411667E+02 -2.47331667E+02 -2.41703333E+02 -2.41651000E+02 -2.41476000E+02 -2.40432667E+02 
 -2.39877000E+02 -2.36350333E+02 -2.35277333E+02 -2.31937000E+02 -2.28299667E+02 -2.28012000E+02 -2.25644333E+02 -2.29233000E+02 -2.29602333E+02 -2.32107333E+02 
 -2.30022000E+02 -2.27304000E+02 -2.19995333E+02 -2.17826667E+02 -2.15395667E+02 -2.13918667E+02 -2.14537000E+02 -2.12459667E+02 -2.12260667E+02 -2.11796667E+02 
 -2.14218667E+02 -2.08934667E+02 -2.07862333E+02 -2.02316333E+02 -2.03896333E+02 -2.06359000E+02 -2.02786000E+02 -2.03461333E+02 -2.02980667E+02 -2.01441000E+02 
 -2.00521000E+02 -1.94360333E+02 -1.94626000E+02 -1.91041667E+02 -1.91535667E+02 -1.88092000E+02 -1.86855667E+02 -1.88235333E+02 -1.88566667E+02 -1.84498333E+02 
 -1.85566000E+02 -1.81687333E+02 -1.82496333E+02 -1.78263333E+02 -1.77820000E+02 -1.75640333E+02 -1.78294333E+02 -1.77124333E+02 -1.75123333E+02 -1.73782667E+02 
 -1.75822333E+02 -1.71500667E+02 -1.68317000E+02 -1.66667333E+02 -1.68672000E+02 -1.67239000E+02 -1.69191000E+02 -1.68923000E+02 -1.66345333E+02 -1.68000667E+02 
 -1.69362667E+02 -1.62886667E+02 -1.60376667E+02 -1.59739333E+02 -1.60558000E+02 -1.62769000E+02 -1.60022667E+02 -1.58831667E+02 -1.60358000E+02 -1.57551333E+02 
 -1.58072333E+02 -1.54680000E+02 -1.52603333E+02 -1.53990667E+02 -1.53400333E+02 -1.51304667E+02 -1.54116000E+02 -1.52165333E+02 -1.51826000E+02 -1.49687667E+02 
 -1.50179333E+02 -1.47578000E+02 -1.45035667E+02 -1.46940000E+02 -1.44511000E+02 -1.44921667E+02 -1.44848333E+02 -1.45524000E+02 -1.45658333E+02 -1.45398333E+02 
 -1.44407667E+02 -1.41135000E+02 -1.41882667E+02 -1.39216333E+02 -1.38209000E+02 -1.38393000E+02 -1.37241000E+02 -1.37651000E+02 -1.37758667E+02 -1.37589333E+02 
 -1.40639667E+02 -1.34661000E+02 -1.32083333E+02 -1.30864000E+02 -1.30989333E+02 -1.31619667E+02 -1.30667000E+02 -1.31772000E+02 -1.31899333E+02 -1.32748333E+02 
 -1.34175000E+02 -1.30345000E+02 -1.29260667E+02 -1.30208333E+02 -1.30643333E+02 -1.28924667E+02 -1.28253667E+02 -1.26474667E+02 -1.25847333E+02 -1.27641667E+02 
 -1.28211000E+02 -1.21605667E+02 -1.23486667E+02 -1.20752333E+02 -1.21292000E+02 -1.21751333E+02 -1.21140333E+02 -1.17747333E+02 -1.18705333E+02 -1.21310333E+02 
 -1.21552000E+02 -1.17147333E+02 -1.15540000E+02 -1.14970333E+02 -1.15874333E+02 -1.15745000E+02 -1.17107667E+02 -1.14975667E+02 -1.14580333E+02 -1.17349333E+02 
 -1.15035333E+02 -1.13472667E+02 -1.11093333E+02 -1.10569667E+02 -1.11759667E+02 -1.10842667E+02 -1.10031667E+02 -1.12476667E+02 -1.11343000E+02 -1.10967667E+02 
 -1.11791333E+02 -1.08638667E+02 -1.10863000E+02 -1.09248667E+02 -1.10115667E+02 -1.10223000E+02 -1.05918333E+02 -1.06379333E+02 -1.06101333E+02 -1.05150667E+02 
