      0.00000000     47.65000000     48.80833333     46.85833333     46.19166667     48.50000000     48.48333333     47.48333333     47.59166667     47.46666667 
     47.51666667     47.73333333     48.02500000     48.78333333     48.14166667     48.60833333     48.73333333     49.11666667     49.87500000     48.44166667 
     48.18333333     47.36666667     50.03333333     49.86666667     48.91666667     48.71666667     49.80833333     49.65000000     48.60000000     49.02500000 
     50.10833333     50.02500000     51.63333333     51.09166667     50.00000000     50.22500000     50.09166667     50.49166667     48.90000000     49.59166667 
     49.48333333     50.12500000     50.68333333     50.87500000     52.00833333     51.18333333     51.52500000     50.95833333     51.37500000     49.75833333 
     51.32500000     51.23333333     51.08333333     52.04166667     51.82500000     50.04166667     52.27500000     50.55000000     51.40000000     50.65000000 
     50.85833333     51.69166667     52.98333333     52.35000000     53.08333333     51.80833333     52.06666667     52.79166667     51.30833333     53.55000000 
     51.24166667     52.96666667     53.09166667     53.18333333     53.63333333     51.53333333     53.72500000     52.12500000     53.50000000     52.63333333 
     54.00000000     54.07500000     54.09166667     54.20833333     54.23333333     53.77500000     54.41666667     53.48333333     54.77500000     54.12500000 
     52.43333333     53.69166667     54.66666667     55.23333333     53.44166667     55.43333333     54.39166667     53.67500000     54.91666667     55.91666667 
     54.47500000     55.07500000     53.50833333     55.83333333     56.49166667     55.83333333     54.80000000     54.52500000     54.97500000     55.66666667 
     54.38333333     56.54166667     56.06666667     56.26666667     56.51666667     55.48333333     55.47500000     55.35000000     56.37500000     55.92500000 
     56.64166667     56.50000000     57.60000000     57.05000000     56.82500000     57.20000000     56.37500000     57.08333333     58.30000000     57.08333333 
     57.40000000     57.79166667     58.10000000     57.61666667     57.91666667     57.56666667     57.48333333     58.66666667     58.36666667     57.29166667 
     58.20833333     58.81666667     57.76666667     57.90833333     57.35833333     57.95833333     58.46666667     56.89166667     58.23333333     58.44166667 
     58.94166667     59.54166667     59.65833333     58.60833333     59.48333333     60.11666667     57.87500000     59.65000000     59.46666667     59.26666667 
     60.02500000     60.24166667     60.38333333     60.45833333     59.80833333     60.62500000     60.28333333     59.63333333     60.45000000     60.31666667 
     59.80833333     60.04166667     62.38333333     61.12500000     60.39166667     62.02500000     61.41666667     62.05000000     61.98333333     61.87500000 
     62.20833333     60.95833333     61.55000000     61.38333333     63.30833333     61.22500000     61.78333333     62.66666667     62.18333333     62.35000000 
     60.93333333     62.56666667     63.03333333     61.99166667     61.99166667     62.78333333     63.58333333     62.09166667     62.55833333     62.19166667 
     61.42500000     62.70000000     63.25000000     63.26666667     63.28333333     63.14166667     63.47500000     64.08333333     64.11666667     64.02500000 
     62.75000000     64.60000000     63.80833333     64.51666667     63.81666667     63.96666667     63.18333333     64.08333333     65.16666667     63.77500000 
     64.65833333     66.92500000     63.69166667     64.66666667     66.25833333     65.05000000     65.36666667     65.57500000     65.29166667     66.16666667 
     63.95000000     65.85833333     64.94166667     65.02500000     65.10000000     66.73333333     65.97500000     65.46666667     66.72500000     65.21666667 
     64.85000000     67.90000000     67.67500000     66.41666667     67.94166667     67.05000000     66.13333333     65.80000000     66.52500000     66.01666667 
     67.13333333     66.91666667     68.10000000     67.27500000     67.51666667     67.35000000     67.85833333     67.34166667     66.48333333     67.64166667 
     67.17500000     66.38333333     68.04166667     68.06666667     69.19166667     66.59166667     68.10000000     67.80833333     68.69166667     67.65833333 
     67.40833333     68.47500000     68.60833333     69.46666667     68.53333333     69.02500000     70.10833333     68.85000000     68.39166667     67.53333333 
     68.05833333     69.28333333     69.17500000     69.68333333     69.20833333     69.04166667     68.85000000     69.25833333     68.41666667     69.39166667 
     68.70833333     71.95000000     69.85833333     68.14166667     68.40000000     70.41666667     69.01666667     68.21666667     68.53333333     68.88333333 
     70.00833333     70.49166667     69.48333333     69.75833333     70.75833333     68.50000000     70.54166667     70.05833333     69.75000000     71.33333333 
     67.55000000     69.58333333     70.45833333     70.12500000     70.85833333     69.79166667     70.94166667     68.35000000     69.97500000     70.48333333 
     69.25833333     69.58333333     70.55000000     69.24166667     71.10833333     69.31666667     68.90000000     70.80833333     68.96666667     68.54166667 
     68.93333333     71.48333333     70.86666667     70.63333333     70.37500000     70.05833333     69.57500000     69.39166667     69.64166667     68.38333333 
     68.25833333     70.82500000     69.84166667     70.30000000     67.53333333     70.68333333     68.95000000     69.17500000     69.37500000     68.47500000 
     68.28333333     69.81666667     69.15000000     68.40000000     69.36666667     67.77500000     68.76666667     67.89166667     68.41666667     68.41666667 
     66.55000000     68.42500000     68.91666667     69.07500000     67.32500000     67.60833333     68.63333333     66.91666667     68.40833333     68.85833333 
     66.34166667     66.87500000     66.25000000     65.91666667     66.92500000     66.15000000     66.95000000     66.35000000     66.59166667     65.20833333 
     64.23333333     66.31666667     66.57500000     65.12500000     66.56666667     65.45000000     63.70833333     64.51666667     65.88333333     65.49166667 
     63.40833333     64.55000000     64.95833333     64.60833333     64.11666667     62.43333333     63.65833333     62.47500000     62.40000000     63.25833333 
     63.00000000     63.46666667     61.87500000     61.55833333     61.35000000     60.35000000     61.15000000     60.18333333     60.09166667     59.81666667 
     61.30833333     60.84166667     59.68333333     59.34166667     59.24166667     59.41666667     59.57500000     58.87500000     58.22500000     58.36666667 
     57.09166667     58.26666667     56.48333333     57.68333333     56.90833333     55.47500000     56.29166667     55.17500000     54.94166667     55.15833333 
     54.12500000     54.06666667     54.15833333     53.78333333     53.91666667     54.10833333     51.63333333     52.36666667     52.03333333     52.72500000 
     52.11666667     50.71666667     52.40000000     51.24166667     50.32500000     49.97500000     50.17500000     48.91666667     48.63333333     48.98333333 
     48.52500000     47.37500000     48.10000000     47.79166667     46.73333333     45.62500000     45.86666667     45.90000000     45.09166667     45.15000000 
     44.41666667     44.68333333     44.66666667     43.52500000     43.15833333     42.50833333     43.34166667     42.08333333     41.54166667     41.51666667 
     41.20833333     41.70000000     40.28333333     40.45833333     39.54166667     39.70833333     39.12500000     39.16666667     37.91666667     38.07500000 
     38.12500000     38.15833333     36.36666667     37.15833333     36.21666667     35.70000000     35.48333333     34.43333333     34.70833333     34.43333333 
     34.38333333     33.26666667     33.86666667     33.87500000     33.57500000     32.50000000     31.79166667     31.45833333     31.56666667     30.97500000 
     30.35000000     31.65833333     29.88333333     29.68333333     28.70000000     27.82500000     27.80000000     27.82500000     26.85000000     27.67500000 
     26.49166667     26.69166667     26.26666667     26.10833333     25.80833333     25.58333333     24.38333333     24.32500000     23.26666667     23.18333333 
     22.75000000     23.85000000     22.27500000     23.12500000     22.08333333     22.05833333     20.75000000     20.50000000     21.13333333     20.39166667 
     20.31666667     21.04166667     20.38333333     20.35833333     18.88333333     18.75833333     18.74166667     19.00833333     17.81666667     17.49166667 
     17.05833333     17.20833333     17.21666667     16.73333333     16.25833333     16.39166667     15.87500000     16.13333333     15.57500000     14.78333333 
     14.94166667     14.82500000     14.48333333     14.28333333     14.01666667     14.07500000     14.10000000     13.82500000     12.80000000     13.39166667 
     12.65833333     12.98333333     12.12500000     12.35000000     12.49166667     11.78333333     11.73333333     11.27500000     11.60000000     11.45000000 
     10.85833333     10.72500000     11.02500000     10.20000000     10.63333333      9.56666667      9.94166667      9.86666667      9.75833333      9.20000000 
      8.82500000      9.60833333      8.50833333      9.25000000      8.84166667      8.21666667      8.80833333      8.53333333      8.18333333      7.79166667 
      7.80000000      7.70000000      7.74166667      7.50833333      7.45000000      7.16666667      7.34166667      6.80833333      6.68333333      6.49166667 
      6.50000000      6.30833333      6.40000000      6.29166667      6.16666667      6.29166667      5.85833333      5.82500000      5.87500000      6.10833333 
      5.64166667      5.36666667      5.80000000      5.33333333      5.38333333      5.44166667      5.09166667      5.01666667      5.00833333      5.37500000 
      4.57500000      4.98333333      4.87500000      4.53333333      5.10000000      4.60000000      4.76666667      4.55000000      4.39166667      4.50000000 
      4.08333333      4.67500000      4.33333333      4.34166667      4.22500000      4.02500000      3.95000000      4.00000000      3.95833333      3.93333333 
      4.17500000      3.40000000      3.78333333      4.03333333      3.74166667      3.55833333      3.39166667      3.47500000      3.57500000      3.27500000 
      3.19166667      3.53333333      3.53333333      3.33333333      3.45833333      2.94166667      3.27500000      3.24166667      3.27500000      2.97500000 
      3.07500000      2.94166667      3.06666667      2.95000000      2.95833333      2.81666667      2.81666667      3.00833333      2.90000000      2.89166667 
      2.98333333      2.72500000      2.56666667      2.60000000      2.71666667      2.54166667      2.40833333      2.70833333      2.53333333      2.44166667 
      2.49166667      2.57500000      2.46666667      2.60833333      2.29166667      2.40833333      2.38333333      2.23333333      2.46666667      2.16666667 
      2.24166667      2.19166667      2.50000000      2.22500000      2.16666667      2.05833333      2.23333333      2.36666667      1.96666667      2.25000000 
      2.21666667      2.25833333      2.10833333      1.95833333      2.03333333      2.04166667      1.92500000      2.00000000      1.97500000      2.10833333 
      2.15000000      2.10833333      2.00000000      1.92500000      1.73333333      1.99166667      1.85833333      1.85000000      2.03333333      1.82500000 
      1.70000000      1.63333333      1.82500000      1.71666667      1.69166667      1.71666667      1.91666667      1.89166667      1.66666667      1.70000000 
      1.69166667      1.73333333      1.79166667      1.70000000      1.76666667      1.81666667      1.84166667      1.66666667      1.45000000      1.72500000 
      1.69166667      1.52500000      1.55833333      1.54166667      1.59166667      1.69166667      1.60833333      1.46666667      1.55000000      1.45000000 
      1.54166667      1.58333333      1.52500000      1.39166667      1.50000000      1.58333333      1.47500000      1.69166667      1.21666667      1.45000000 
      1.45833333      1.26666667      1.20833333      1.22500000      1.19166667      1.44166667      1.26666667      1.32500000      1.45833333      1.31666667 
      1.23333333      1.30833333      1.12500000      1.35000000      1.30833333      1.27500000      1.16666667      1.28333333      1.16666667      1.33333333 
      1.29166667      1.33333333      1.20833333      1.20000000      1.30833333      1.09166667      1.32500000      1.06666667      1.17500000      1.31666667 
      1.34166667      1.11666667      1.22500000      1.10000000      1.05000000      1.19166667      1.07500000      1.18333333      1.08333333      1.05833333 
      1.15833333      1.23333333      1.03333333      0.93333333      1.08333333      1.17500000      1.05833333      1.05833333      1.35833333      1.10833333 
      1.17500000      1.04166667      1.04166667      1.05833333      0.93333333      1.05833333      1.22500000      1.24166667      1.19166667      1.22500000 
      0.97500000      1.26666667      1.11666667      1.01666667      1.20833333      1.16666667      1.31666667      1.07500000      1.22500000      1.14166667 
      1.14166667      1.15833333      1.16666667      1.18333333      1.21666667      1.18333333      1.25833333      1.21666667      1.15000000      1.49166667 
      1.15000000      1.18333333      1.22500000      1.16666667      1.23333333      1.29166667      1.37500000      1.25833333      1.40833333      1.36666667 
      1.30833333      1.30833333      1.56666667      1.31666667      1.21666667      1.44166667      1.30833333      1.36666667      1.30000000      1.29166667 
      1.45833333      1.53333333      1.47500000      1.28333333      1.32500000      1.55000000      1.39166667      1.49166667      1.41666667      1.40833333 
      1.32500000      1.51666667      1.60833333      1.36666667      1.53333333      1.45833333      1.57500000      1.37500000      1.70833333      1.34166667 
      1.33333333      1.66666667      1.40000000      1.30833333      1.54166667      1.53333333      1.62500000      1.60000000      1.53333333      1.63333333 
      1.60000000      1.94166667      1.55833333      1.73333333      1.75833333      1.75000000      1.85833333      1.73333333      1.85833333      1.79166667 
      1.74166667      1.96666667      1.79166667      1.87500000      1.82500000      1.88333333      1.69166667      1.75833333      1.87500000      1.70833333 
      1.92500000      1.71666667      2.16666667      1.86666667      1.89166667      1.94166667      1.77500000      1.97500000      1.96666667      1.86666667 
      1.85000000      2.04166667      1.88333333      2.02500000      1.94166667      1.94166667      2.08333333      1.90000000      2.06666667      2.10833333 
      2.16666667      1.85000000      2.08333333      2.06666667      2.28333333      2.19166667      2.40000000      2.23333333      2.15000000      2.18333333 
      2.10833333      2.00833333      2.28333333      1.99166667      2.51666667      2.32500000      2.24166667      2.50000000      2.55833333      2.35833333 
      2.52500000      2.40000000      2.37500000      2.05833333      2.32500000      2.41666667      2.54166667      2.53333333      2.40000000      2.25833333 
      2.61666667      2.39166667      2.55833333      2.59166667      2.55000000      2.56666667      2.58333333      2.51666667      2.52500000      2.49166667 
      2.41666667      2.52500000      2.40833333      2.76666667      2.76666667      2.57500000      2.95833333      2.82500000      2.75000000      2.90000000 
      2.79166667      3.01666667      2.74166667      2.60833333      2.85000000      3.17500000      3.20833333      3.09166667      3.32500000      3.15000000 
      3.24166667      3.35000000      3.75000000      3.19166667      3.18333333      3.46666667      3.40833333      3.35833333      3.21666667      3.42500000 
      3.20833333      3.34166667      3.40833333      3.45000000      3.85000000      3.57500000      3.66666667      3.87500000      3.50833333      3.95000000 
      3.90833333      3.55000000      3.87500000      3.87500000      3.54166667      4.15833333      3.93333333      3.69166667      4.20833333      4.44166667 
      4.02500000      3.90833333      4.19166667      4.63333333      3.89166667      4.18333333      4.23333333      4.25000000      4.03333333      4.40833333 
      4.01666667      4.38333333      4.34166667      4.73333333      4.41666667      4.41666667      5.15000000      4.79166667      4.75000000      5.04166667 
      4.72500000      4.96666667      5.05833333      5.08333333      5.09166667      4.80833333      5.22500000      5.67500000      5.30000000      5.25833333 
      5.66666667      5.02500000      5.59166667      5.10000000      5.73333333      5.74166667      5.45000000      5.89166667      5.56666667      5.93333333 
      5.76666667      5.78333333      5.67500000      5.78333333      6.38333333      6.26666667      5.99166667      6.08333333      6.60833333      6.35833333 
      6.49166667      6.63333333      6.33333333      6.45833333      6.65833333      6.58333333      7.17500000      7.08333333      6.91666667      7.08333333 
      6.72500000      6.30000000      7.17500000      7.52500000      7.20000000      7.40000000      7.90833333      8.10833333      7.78333333      7.18333333 
      7.85833333      7.70833333      7.71666667      7.78333333      7.91666667      8.67500000      8.42500000      8.41666667      8.41666667      8.75000000 
      8.60833333      8.35000000      8.56666667      8.58333333      8.96666667      9.19166667      9.10000000      9.73333333      9.35000000      9.17500000 
     10.05000000      9.60000000      9.55833333      9.77500000     10.02500000     10.42500000     10.75833333      9.35833333     10.76666667     10.30000000 
     10.57500000     10.56666667     11.13333333     10.90000000     11.08333333     11.23333333     11.90000000     11.58333333     11.80833333     11.39166667 
     11.98333333     11.72500000     12.31666667     12.54166667     12.04166667     12.55833333     12.62500000     13.20000000     13.36666667     13.01666667 
     13.72500000     13.30833333     13.55833333     14.45000000     14.07500000     14.17500000     14.00000000     14.52500000     15.02500000     14.40833333 
     15.60833333     16.10833333     15.18333333     15.36666667     15.88333333     15.87500000     16.82500000     15.81666667     16.29166667     16.49166667 
     16.80833333     16.31666667     16.82500000     17.87500000     17.66666667     17.95833333     18.72500000     18.21666667     18.31666667     18.51666667 
     18.60833333     18.87500000     18.39166667     19.14166667     19.44166667     19.66666667     19.66666667     20.62500000     20.59166667     21.15833333 
     21.47500000     21.62500000     21.76666667     21.71666667     22.12500000     22.69166667     23.02500000     23.59166667     22.33333333     23.70000000 
     24.47500000     24.30000000     24.66666667     24.57500000     24.12500000     25.98333333     25.46666667     26.18333333     26.11666667     26.72500000 
     26.74166667     26.40000000     26.79166667     26.99166667     27.85000000     28.38333333     28.15000000     28.91666667     29.81666667     30.01666667 
     29.95833333     28.55833333     30.80000000     30.73333333     31.87500000     31.83333333     32.06666667     32.55000000     32.45833333     32.80000000 
     34.07500000     33.90833333     33.56666667     33.54166667     34.41666667     35.20000000     35.28333333     36.24166667     35.61666667     36.43333333 
     36.95000000     37.33333333     37.59166667     38.53333333     37.68333333     39.50000000     38.75833333     39.81666667     40.05000000     40.90833333 
     40.21666667     40.39166667     41.02500000     42.12500000     42.63333333     42.50833333     44.09166667     43.08333333     44.29166667     43.61666667 
     44.80000000     44.58333333     45.13333333     45.20833333     45.57500000     46.35833333     46.40833333     47.15833333     48.49166667     47.55833333 
     48.04166667     48.50833333     48.18333333     50.29166667     49.90833333     50.67500000     51.12500000     50.88333333     51.84166667     52.06666667 
     51.89166667     52.09166667     53.14166667     53.29166667     53.50000000     55.01666667     54.16666667     54.65833333     54.22500000     55.56666667 
     55.26666667     54.94166667     56.45833333     57.38333333     57.11666667     57.37500000     57.10000000     58.54166667     58.57500000     59.70000000 
     59.04166667     58.35000000     59.00000000     59.70833333     58.61666667     60.65000000     59.78333333     60.22500000     60.32500000     60.57500000 
     62.11666667     59.65000000     61.47500000     61.56666667     61.61666667     61.31666667     61.42500000     61.70000000     62.94166667     62.82500000 
     63.29166667     61.18333333     61.90833333     62.55000000     62.53333333     64.06666667     63.50833333     63.39166667     64.33333333     65.41666667 
     63.76666667     65.05833333     64.66666667     63.36666667     65.10833333     64.73333333     63.30000000     65.44166667     65.62500000     66.72500000 
     65.73333333     63.98333333     64.54166667     64.90000000     64.65833333     66.07500000     65.06666667     65.09166667     65.26666667     64.25833333 
     65.78333333     65.73333333     65.80833333     65.25833333     64.40833333     64.47500000     64.40000000     67.20000000     65.39166667     65.56666667 
     64.33333333     64.25000000     64.31666667     64.24166667     64.93333333     63.65833333     63.58333333     64.91666667     65.63333333     66.15833333 
     65.10833333     64.83333333     64.45833333     64.10833333     64.43333333     64.54166667     65.45833333     65.06666667     65.08333333     64.75000000 
     66.15000000     64.24166667     63.86666667     64.33333333     64.72500000     63.98333333     64.75000000     64.99166667     66.30833333     64.85000000 
     63.30833333     63.12500000     63.86666667     64.47500000     63.04166667     62.79166667     62.78333333     63.80833333     63.31666667     63.10000000 
     64.09166667     62.36666667     61.75000000     62.27500000     62.30833333     60.98333333     62.30833333     62.91666667     61.86666667     61.99166667 
     62.73333333     61.81666667     61.96666667     61.95000000     60.90000000     61.30000000     60.75000000     62.38333333     63.15000000     62.61666667 
     61.62500000     60.69166667     60.47500000     60.75833333     60.70000000     60.60000000     60.29166667     61.18333333     61.65000000     59.82500000 
     61.11666667     59.05833333     59.23333333     59.19166667     62.36666667     59.18333333     59.85000000     60.77500000     60.04166667     59.57500000 
     59.97500000     58.11666667     60.24166667     60.14166667     60.22500000     59.22500000     58.85000000     59.27500000     58.96666667     59.41666667 
     58.05833333     56.82500000     57.80000000     58.95833333     58.55833333     58.96666667     57.37500000     58.22500000     58.72500000     58.88333333 
     57.81666667     59.20000000     56.88333333     57.73333333     56.42500000     57.70000000     57.89166667     56.55833333     57.11666667     58.18333333 
     60.20000000     56.50000000     58.09166667     55.24166667     56.47500000     57.50833333     56.65000000     57.40000000     57.18333333     56.95833333 
     57.49166667     55.27500000     56.31666667     55.84166667     56.39166667     55.63333333     55.52500000     56.81666667     56.03333333     55.45833333 
     56.08333333     55.11666667     55.94166667     55.31666667     55.30000000     55.14166667     54.75833333     55.04166667     55.41666667     53.30000000 
     55.29166667     55.05000000     54.05833333     54.08333333     54.73333333     54.50833333     55.50833333     55.20833333     53.23333333     53.48333333 
     55.13333333     53.16666667     53.21666667     53.35000000     53.08333333     53.09166667     53.10000000     52.85833333     54.01666667     54.51666667 
     54.34166667     52.80000000     52.35000000     53.03333333     53.94166667     52.48333333     53.23333333     52.46666667     51.91666667     52.85833333 
     52.81666667     51.98333333     50.82500000     51.23333333     51.70833333     51.97500000     52.40833333     53.63333333     51.99166667     51.95833333 
     51.32500000     49.97500000     52.20000000     51.27500000     51.82500000     51.15833333     51.09166667     51.34166667     51.16666667     50.53333333 
     51.99166667     50.79166667     50.68333333     52.33333333     50.93333333     50.69166667     51.40833333     51.83333333     50.61666667     50.77500000 
     51.10833333     51.29166667     48.71666667     50.67500000     49.15000000     49.18333333     51.07500000     49.13333333     49.71666667     50.17500000 
     50.60833333     48.80833333     50.56666667     48.07500000     49.56666667     49.31666667     48.90833333     48.61666667     48.23333333     50.22500000 
     49.80000000     48.01666667     47.83333333     47.79166667     47.72500000     48.22500000     47.55833333     47.85833333     48.90833333     49.06666667 
     48.21666667     47.48333333     48.13333333     47.64166667     47.79166667     48.06666667     47.39166667     47.71666667     47.30833333     47.99166667 
     48.58333333     46.96666667     47.64166667     47.61666667     47.75833333     46.97500000     46.69166667     47.28333333     47.33333333     46.36666667 
