      0.00000000     63.20833333     74.76666667     79.17500000     81.74166667     86.00833333     86.14166667     88.66666667     90.10000000     91.05000000     92.38333333     92.78333333     93.10000000     93.42500000     94.50000000     93.37500000     93.59166667     93.90833333     93.60833333     93.84166667     92.15000000     94.55833333     91.87500000     93.60000000     93.26666667 
     95.01666667     95.73333333     97.82500000     98.24166667     98.08333333     98.25000000     98.23333333     98.28333333     99.48333333     96.86666667    100.06666667     99.04166667     98.57500000     99.18333333     97.95000000     98.79166667     99.00000000     98.73333333     98.53333333     98.75000000     96.97500000     97.71666667     98.45000000     97.71666667     98.26666667 
     97.91666667    100.30833333     99.78333333    100.67500000    102.61666667    101.90833333    102.13333333    101.98333333    100.91666667    103.01666667    103.06666667    102.10000000    102.18333333    105.33333333    102.80000000    101.30833333    102.44166667    101.35833333    102.55833333    102.71666667    102.83333333    100.94166667    103.41666667    104.00833333    101.65833333 
    103.21666667    102.90000000    102.40000000    103.16666667    104.28333333    105.59166667    106.13333333    106.36666667    104.88333333    106.06666667    106.84166667    104.65000000    104.79166667    104.85000000    106.12500000    106.09166667    106.55000000    105.28333333    106.74166667    104.71666667    105.98333333    106.59166667    106.10833333    106.51666667    104.90000000 
    105.52500000    107.56666667    107.80833333    108.05000000    110.04166667    108.46666667    108.88333333    109.40833333    110.25000000    107.80000000    109.78333333    108.01666667    109.12500000    107.95000000    108.79166667    108.50000000    110.77500000    111.65833333    110.62500000    111.51666667    111.22500000    112.70833333    112.90000000    111.53333333    113.91666667 
    111.40000000    113.43333333    114.35833333    115.27500000    115.73333333    114.48333333    116.31666667    115.52500000    116.94166667    116.23333333    117.07500000    115.25833333    113.79166667    113.88333333    114.90833333    114.24166667    113.35000000    115.06666667    115.38333333    113.76666667    115.05000000    114.92500000    113.75833333    115.88333333    115.69166667 
    114.73333333    117.94166667    118.62500000    120.05833333    119.67500000    118.51666667    117.69166667    117.82500000    117.81666667    120.44166667    120.57500000    120.25833333    122.18333333    120.09166667    119.87500000    120.35000000    118.78333333    120.93333333    118.77500000    117.21666667    118.41666667    117.68333333    116.45000000    118.46666667    119.08333333 
    118.62500000    121.45833333    121.36666667    123.30833333    121.77500000    123.09166667    123.04166667    123.80000000    125.60000000    127.00000000    126.72500000    126.10833333    126.32500000    125.71666667    125.88333333    126.00000000    125.70000000    124.60000000    125.92500000    125.69166667    127.15833333    126.83333333    126.80833333    127.75000000    126.98333333 
    126.50000000    127.00833333    127.50833333    129.75833333    130.45833333    130.89166667    130.02500000    131.06666667    133.02500000    130.66666667    133.50833333    132.05833333    133.73333333    132.17500000    132.75000000    134.48333333    132.46666667    130.33333333    129.35000000    130.22500000    129.46666667    130.29166667    130.95000000    131.60833333    130.54166667 
    129.12500000    132.06666667    133.93333333    135.39166667    134.98333333    133.81666667    135.90833333    135.86666667    136.58333333    136.30833333    136.20833333    136.75000000    136.88333333    136.05833333    135.53333333    135.75833333    136.55833333    137.04166667    137.57500000    137.93333333    139.79166667    138.67500000    138.77500000    140.03333333    138.89166667 
    137.92500000    142.07500000    141.28333333    143.81666667    143.86666667    143.32500000    143.95000000    144.78333333    144.20833333    143.92500000    144.11666667    145.19166667    145.60000000    145.62500000    144.51666667    145.25833333    145.82500000    145.64166667    146.50833333    146.95000000    144.92500000    145.80833333    145.56666667    145.36666667    145.80833333 
    144.60833333    147.87500000    147.30000000    145.98333333    147.98333333    149.31666667    150.62500000    150.63333333    152.91666667    151.33333333    151.46666667    151.22500000    151.29166667    150.79166667    150.17500000    150.29166667    149.51666667    151.43333333    149.35000000    148.65833333    149.49166667    149.85833333    150.55833333    151.40833333    153.80000000 
    153.53333333    153.41666667    155.90000000    157.06666667    157.27500000    158.54166667    157.09166667    158.66666667    159.26666667    159.81666667    159.67500000    159.09166667    158.39166667    159.58333333    159.80000000    160.22500000    160.51666667    159.81666667    160.67500000    160.79166667    160.35000000    158.85833333    157.43333333    158.40000000    159.19166667 
    158.75000000    159.20833333    160.75833333    162.28333333    162.82500000    163.41666667    162.81666667    162.49166667    166.63333333    166.52500000    166.62500000    168.05000000    169.32500000    170.45000000    172.19166667    169.52500000    170.51666667    169.15833333    168.42500000    170.50000000    169.74166667    170.12500000    168.89166667    170.79166667    169.30000000 
    169.07500000    171.37500000    171.60000000    172.45833333    173.04166667    174.11666667    174.20000000    174.47500000    175.60833333    176.25833333    174.32500000    174.27500000    172.72500000    173.56666667    174.65000000    175.00833333    175.40000000    178.16666667    180.05000000    177.30000000    176.75000000    177.24166667    175.09166667    174.33333333    174.31666667 
    174.09166667    176.18333333    179.13333333    179.63333333    180.10833333    179.62500000    180.30000000    182.04166667    180.85000000    180.30000000    181.56666667    181.34166667    180.63333333    180.96666667    181.30833333    181.30000000    180.36666667    180.45833333    182.15000000    184.36666667    181.77500000    183.57500000    185.60000000    186.68333333    186.59166667 
    185.62500000    189.89166667    192.18333333    191.91666667    191.76666667    190.62500000    192.63333333    194.06666667    194.38333333    197.70000000    196.18333333    197.15833333    195.76666667    195.45833333    196.98333333    197.94166667    197.17500000    195.85833333    196.61666667    197.15833333    195.22500000    196.43333333    198.98333333    197.31666667    196.83333333 
    195.76666667    198.24166667    199.09166667    200.89166667    201.75833333    203.60833333    204.85833333    205.45000000    204.93333333    205.58333333    207.60833333    208.91666667    206.61666667    205.82500000    208.55833333    209.61666667    207.87500000    208.60833333    210.53333333    211.05833333    211.54166667    211.30000000    213.65833333    213.04166667    215.58333333 
    215.55833333    216.91666667    219.86666667    221.06666667    220.87500000    219.25833333    222.90000000    221.96666667    223.10000000    225.37500000    227.18333333    227.29166667    225.45833333    227.23333333    224.93333333    225.73333333    225.77500000    226.45000000    227.08333333    225.95000000    226.70000000    225.03333333    227.60833333    227.33333333    225.92500000 
    226.55833333    231.01666667    229.74166667    228.49166667    230.45000000    233.35833333    233.38333333    234.04166667    236.40833333    236.44166667    237.60000000    238.47500000    236.42500000    237.06666667    237.05000000    239.00833333    240.20833333    240.35833333    239.15833333    241.28333333    241.40000000    242.07500000    242.29166667    242.25833333    241.50000000 
    243.13333333    243.60000000    245.67500000    246.74166667    245.65000000    246.75833333    249.02500000    247.78333333    248.18333333    249.90000000    249.49166667    250.71666667    251.98333333    253.15000000    252.93333333    253.81666667    255.30000000    258.42500000    255.25000000    257.74166667    259.90000000    259.12500000    260.56666667    258.58333333    260.05000000 
    260.89166667    262.39166667    264.92500000    266.85833333    268.30833333    268.88333333    269.49166667    269.56666667    269.50000000    271.42500000    271.97500000    273.97500000    275.10000000    274.52500000    277.73333333    276.63333333    277.54166667    277.18333333    276.73333333    279.25000000    278.36666667    278.70000000    278.38333333    277.91666667    280.33333333 
    279.55000000    282.85833333    284.32500000    286.24166667    286.39166667    284.42500000    288.85000000    290.78333333    289.92500000    287.99166667    287.70833333    291.37500000    290.61666667    292.35833333    293.77500000    293.04166667    293.23333333    294.82500000    294.62500000    294.46666667    293.88333333    296.99166667    295.57500000    296.00833333    295.25000000 
    295.87500000    297.73333333    303.13333333    303.87500000    303.28333333    307.68333333    309.00000000    311.50833333    312.72500000    314.19166667    314.35000000    314.57500000    315.30000000    317.67500000    319.20000000    320.98333333    320.96666667    321.25000000    320.80833333    322.30000000    322.16666667    323.97500000    323.71666667    325.75833333    324.87500000 
    323.50833333    325.43333333    329.37500000    331.65833333    334.30833333    335.40833333    338.63333333    339.44166667    340.40833333    340.02500000    340.80000000    339.80000000    342.39166667    344.02500000    343.40833333    344.45833333    344.35833333    344.60000000    346.27500000    346.25000000    346.31666667    350.47500000    349.70000000    352.93333333    351.71666667 
    352.72500000    354.85000000    356.89166667    359.32500000    361.13333333    360.28333333    362.60000000    363.02500000    364.74166667    364.18333333    363.75000000    367.00000000    368.09166667    368.13333333    369.82500000    370.95000000    371.91666667    372.12500000    372.30833333    372.93333333    374.50833333    374.81666667    374.05833333    375.08333333    377.35833333 
    377.34166667    381.93333333    383.15833333    383.85000000    386.95833333    386.09166667    386.47500000    388.65000000    389.54166667    394.74166667    396.61666667    397.70833333    401.22500000    399.37500000    402.88333333    402.31666667    402.64166667    401.53333333    404.09166667    404.20833333    408.53333333    408.92500000    408.87500000    411.34166667    412.15833333 
    412.59166667    417.48333333    418.56666667    419.64166667    421.80000000    424.84166667    423.42500000    423.24166667    429.54166667    429.14166667    428.21666667    428.24166667    430.41666667    430.56666667    432.93333333    433.43333333    436.46666667    434.30833333    437.25833333    438.74166667    439.77500000    442.38333333    441.23333333    443.38333333    443.38333333 
    443.85000000    450.63333333    455.07500000    456.34166667    458.45833333    461.10000000    465.80833333    466.83333333    467.04166667    469.19166667    472.60000000    471.77500000    473.44166667    471.36666667    474.88333333    476.21666667    478.10000000    479.17500000    479.93333333    480.60000000    483.09166667    482.91666667    486.30833333    485.16666667    489.40000000 
    488.73333333    491.08333333    494.59166667    497.26666667    500.32500000    504.35833333    505.15833333    505.92500000    509.36666667    508.85833333    513.65000000    514.58333333    513.57500000    518.30833333    521.55000000    524.45833333    526.67500000    526.54166667    528.55000000    528.45833333    528.70833333    527.89166667    530.40833333    531.83333333    533.34166667 
    535.48333333    542.25000000    540.92500000    545.15833333    547.80833333    549.63333333    552.78333333    555.78333333    556.77500000    559.65833333    563.32500000    563.33333333    564.72500000    568.70833333    569.53333333    571.97500000    575.94166667    575.76666667    577.62500000    578.21666667    580.65833333    582.09166667    581.77500000    584.54166667    586.98333333 
    589.10000000    592.16666667    594.70833333    595.11666667    598.05000000    599.76666667    603.25000000    605.16666667    604.53333333    608.98333333    609.70833333    614.10000000    614.55000000    618.45833333    617.09166667    621.03333333    621.89166667    626.25000000    626.01666667    629.34166667    631.63333333    633.70833333    634.62500000    637.22500000    640.85833333 
    643.38333333    648.21666667    648.30833333    651.85833333    654.66666667    658.68333333    661.31666667    662.38333333    663.23333333    667.83333333    670.92500000    672.78333333    674.54166667    678.02500000    684.39166667    686.25000000    687.46666667    689.71666667    693.65000000    694.98333333    698.75000000    700.10000000    703.14166667    704.84166667    706.90000000 
    708.79166667    715.07500000    720.12500000    720.83333333    724.75833333    729.64166667    732.21666667    732.82500000    736.22500000    739.65833333    742.88333333    744.98333333    747.38333333    750.61666667    753.31666667    755.96666667    757.82500000    760.05000000    763.05000000    763.98333333    764.74166667    769.33333333    771.20833333    774.92500000    776.45000000 
    779.81666667    784.40833333    789.54166667    790.70000000    793.94166667    797.50833333    800.47500000    805.63333333    809.20833333    813.79166667    816.14166667    818.75000000    823.50000000    826.58333333    830.29166667    833.18333333    834.29166667    836.98333333    842.86666667    845.03333333    848.64166667    849.35833333    852.47500000    855.92500000    860.17500000 
    859.77500000    866.75000000    870.53333333    874.64166667    877.85833333    880.09166667    886.56666667    891.10833333    892.70833333    896.48333333    901.25000000    906.24166667    909.76666667    915.34166667    918.92500000    922.82500000    926.63333333    930.32500000    934.92500000    938.10000000    940.51666667    943.91666667    945.45833333    948.80000000    952.09166667 
    956.41666667    960.91666667    963.70000000    967.40000000    973.09166667    977.95000000    985.86666667    990.98333333    993.22500000    997.78333333   1001.60000000   1006.97500000   1010.20833333   1015.65833333   1020.20833333   1023.50000000   1027.85833333   1031.05000000   1034.45833333   1037.87500000   1039.06666667   1042.95000000   1046.44166667   1052.08333333   1055.25000000 
   1057.05000000   1067.25000000   1071.57500000   1077.46666667   1082.98333333   1087.80000000   1092.23333333   1097.06666667   1100.37500000   1106.30833333   1111.95833333   1113.73333333   1119.05000000   1124.78333333   1127.41666667   1129.22500000   1134.42500000   1140.23333333   1143.17500000   1147.01666667   1152.61666667   1156.60000000   1159.82500000   1165.98333333   1167.39166667 
   1171.41666667   1177.82500000   1184.88333333   1189.02500000   1195.85000000   1199.98333333   1206.76666667   1209.85833333   1217.65000000   1222.30000000   1229.20000000   1234.86666667   1239.05833333   1242.20000000   1248.56666667   1253.57500000   1256.40000000   1259.45833333   1266.67500000   1275.30000000   1278.44166667   1283.89166667   1290.13333333   1292.11666667   1295.80000000 
   1299.66666667   1306.84166667   1312.54166667   1315.10833333   1319.92500000   1327.28333333   1333.70833333   1337.81666667   1342.40000000   1346.66666667   1352.76666667   1358.56666667   1363.50000000   1368.28333333   1372.82500000   1379.16666667   1384.23333333   1388.66666667   1392.95000000   1398.43333333   1402.29166667   1408.26666667   1413.08333333   1417.59166667   1421.18333333 
   1426.23333333   1434.24166667   1438.95833333   1444.57500000   1451.53333333   1456.65833333   1461.85833333   1467.60000000   1472.67500000   1477.50000000   1483.16666667   1489.17500000   1493.65000000   1500.82500000   1507.40000000   1514.75833333   1520.66666667   1525.85833333   1529.39166667   1536.12500000   1540.95833333   1546.90000000   1550.69166667   1556.91666667   1563.24166667 
   1566.47500000   1573.79166667   1581.34166667   1588.30000000   1593.65833333   1600.21666667   1609.00000000   1613.48333333   1618.78333333   1623.91666667   1631.25000000   1637.59166667   1644.46666667   1648.65000000   1653.57500000   1661.65000000   1668.14166667   1674.13333333   1679.50833333   1685.49166667   1690.91666667   1697.15000000   1704.25000000   1708.15000000   1712.76666667 
   1717.33333333   1725.30000000   1730.30000000   1736.80000000   1742.41666667   1749.42500000   1757.37500000   1762.91666667   1771.24166667   1778.33333333   1784.29166667   1790.55000000   1798.50833333   1804.27500000   1809.93333333   1815.70833333   1822.13333333   1828.91666667   1834.72500000   1840.12500000   1846.46666667   1852.85000000   1858.66666667   1863.75000000   1869.43333333 
   1876.38333333   1886.87500000   1892.94166667   1899.25000000   1903.62500000   1911.49166667   1917.40833333   1923.90000000   1933.30833333   1939.62500000   1944.95000000   1953.95833333   1958.20000000   1965.45833333   1971.32500000   1977.59166667   1983.63333333   1988.69166667   1994.75833333   2003.80833333   2010.14166667   2016.95833333   2024.53333333   2030.20833333   2034.88333333 
   2040.38333333   2046.14166667   2051.47500000   2056.45000000   2060.91666667   2068.45000000   2073.26666667   2077.63333333   2082.18333333   2087.14166667   2091.09166667   2093.71666667   2097.82500000   2104.20833333   2107.45000000   2109.70000000   2115.74166667   2120.23333333   2122.89166667   2128.49166667   2134.77500000   2136.96666667   2142.50833333   2147.70833333   2151.26666667 
   2156.51666667   2158.93333333   2162.26666667   2163.75833333   2165.59166667   2169.12500000   2172.43333333   2174.89166667   2176.95000000   2180.18333333   2182.11666667   2186.93333333   2189.00833333   2191.71666667   2192.76666667   2194.88333333   2196.89166667   2198.40833333   2200.09166667   2201.70833333   2205.47500000   2207.70833333   2210.65000000   2215.10833333   2218.95833333 
   2220.32500000   2220.45833333   2221.33333333   2223.20833333   2221.54166667   2224.62500000   2227.74166667   2228.62500000   2230.00000000   2230.61666667   2230.24166667   2230.78333333   2232.77500000   2236.88333333   2237.08333333   2238.90000000   2238.90000000   2241.70833333   2245.09166667   2243.27500000   2244.28333333   2247.00000000   2247.51666667   2249.19166667   2248.90000000 
   2249.58333333   2248.10833333   2248.68333333   2248.39166667   2247.70000000   2247.13333333   2245.74166667   2244.39166667   2242.83333333   2244.23333333   2241.84166667   2239.39166667   2237.58333333   2238.29166667   2238.78333333   2238.96666667   2237.09166667   2234.42500000   2233.70833333   2232.55000000   2232.25000000   2232.00000000   2231.66666667   2231.34166667   2230.80000000 
   2229.28333333   2227.77500000   2224.56666667   2222.43333333   2220.24166667   2217.32500000   2216.35000000   2215.92500000   2212.81666667   2212.15000000   2209.98333333   2207.41666667   2207.91666667   2203.96666667   2202.12500000   2201.89166667   2199.21666667   2196.61666667   2195.35000000   2193.18333333   2190.05833333   2188.67500000   2186.12500000   2183.97500000   2184.26666667 
   2183.00000000   2177.12500000   2172.37500000   2169.92500000   2167.05000000   2164.67500000   2161.46666667   2157.20000000   2154.12500000   2150.01666667   2148.77500000   2144.77500000   2140.17500000   2137.18333333   2133.82500000   2131.23333333   2127.25833333   2124.01666667   2120.17500000   2119.14166667   2114.71666667   2108.52500000   2106.99166667   2105.03333333   2100.81666667 
   2097.48333333   2093.07500000   2089.43333333   2083.50833333   2079.38333333   2073.85833333   2069.95000000   2066.04166667   2062.50833333   2056.41666667   2051.39166667   2046.59166667   2043.23333333   2037.97500000   2035.30833333   2031.80833333   2027.85000000   2024.62500000   2018.94166667   2014.38333333   2012.34166667   2010.64166667   2005.35833333   2002.19166667   1999.91666667 
   1995.20833333   1990.44166667   1979.85833333   1975.32500000   1969.43333333   1963.15833333   1959.73333333   1953.15833333   1947.55833333   1943.36666667   1937.54166667   1933.98333333   1926.84166667   1921.85000000   1917.05833333   1911.73333333   1906.89166667   1903.23333333   1897.57500000   1892.60000000   1887.42500000   1882.70000000   1878.84166667   1873.51666667   1871.22500000 
   1867.50833333   1858.05833333   1851.36666667   1845.56666667   1836.50000000   1830.72500000   1822.66666667   1815.11666667   1810.86666667   1805.00833333   1799.30000000   1793.81666667   1787.44166667   1780.00833333   1773.32500000   1767.32500000   1763.17500000   1758.41666667   1753.33333333   1746.69166667   1741.71666667   1735.76666667   1727.90833333   1724.53333333   1717.87500000 
   1712.93333333   1707.26666667   1699.09166667   1692.78333333   1684.59166667   1680.13333333   1674.01666667   1665.75000000   1657.78333333   1651.47500000   1644.93333333   1640.30833333   1631.07500000   1625.45000000   1617.74166667   1611.10833333   1605.26666667   1601.33333333   1594.97500000   1590.02500000   1584.25833333   1579.38333333   1573.81666667   1567.60000000   1562.38333333 
   1555.48333333   1547.60000000   1540.08333333   1531.53333333   1525.15833333   1518.70833333   1514.39166667   1506.38333333   1501.12500000   1497.60833333   1488.44166667   1481.90000000   1476.13333333   1470.88333333   1462.35833333   1457.36666667   1451.81666667   1443.52500000   1437.40833333   1434.22500000   1426.87500000   1422.26666667   1416.91666667   1411.53333333   1403.73333333 
   1397.85833333   1388.83333333   1382.38333333   1376.59166667   1368.77500000   1361.62500000   1355.49166667   1347.95000000   1339.40000000   1332.85833333   1327.24166667   1317.90833333   1309.10833333   1303.29166667   1295.79166667   1288.98333333   1280.28333333   1278.34166667   1272.40000000   1265.78333333   1259.52500000   1251.15833333   1244.35000000   1236.51666667   1229.46666667 
   1224.20833333   1214.77500000   1207.99166667   1201.34166667   1194.02500000   1186.35833333   1176.49166667   1171.50000000   1164.45000000   1156.14166667   1149.57500000   1144.37500000   1134.53333333   1131.00000000   1124.29166667   1116.68333333   1108.10833333   1101.99166667   1096.65000000   1091.91666667   1085.62500000   1080.28333333   1074.50833333   1067.65000000   1062.87500000 
   1056.55833333   1048.55833333   1042.67500000   1036.78333333   1030.15000000   1021.65833333   1013.80000000   1008.45000000   1001.30833333    996.27500000    990.25833333    980.75000000    975.03333333    970.36666667    965.42500000    959.44166667    955.03333333    947.83333333    941.86666667    935.39166667    928.10000000    922.76666667    915.84166667    912.05000000    906.62500000 
    902.35833333    893.35833333    888.53333333    883.18333333    875.68333333    868.19166667    861.79166667    857.60833333    853.32500000    844.46666667    839.28333333    834.97500000    827.88333333    823.42500000    816.90000000    811.85000000    806.88333333    801.38333333    798.03333333    789.95000000    787.63333333    783.43333333    780.96666667    773.02500000    768.89166667 
    765.99166667    758.97500000    755.46666667    750.02500000    744.89166667    737.85000000    733.25000000    728.68333333    723.10000000    717.60000000    712.82500000    707.04166667    701.80000000    697.69166667    694.20000000    689.95833333    683.60833333    680.49166667    674.65833333    673.92500000    668.35833333    664.85833333    663.13333333    659.81666667    657.57500000 
    654.89166667    646.70000000    642.20833333    637.10833333    631.99166667    628.93333333    622.01666667    618.74166667    612.24166667    605.25000000    602.76666667    598.24166667    591.89166667    587.13333333    583.60833333    580.65833333    576.57500000    573.69166667    572.30000000    569.44166667    564.80833333    563.52500000    560.93333333    556.27500000    554.35000000 
    552.40000000    546.74166667    540.52500000    538.25000000    533.42500000    530.11666667    524.04166667    521.59166667    520.64166667    517.59166667    514.99166667    511.89166667    509.25000000    506.76666667    501.94166667    500.58333333    496.39166667    495.02500000    493.08333333    490.78333333    488.14166667    486.09166667    484.72500000    481.74166667    479.12500000 
    476.60833333    472.98333333    467.55000000    464.97500000    461.12500000    459.91666667    457.13333333    455.01666667    454.70833333    449.71666667    446.40000000    443.77500000    440.45000000    436.80833333    436.98333333    434.42500000    433.36666667    429.53333333    429.59166667    428.70833333    425.68333333    423.92500000    421.43333333    420.16666667    417.76666667 
    416.45833333    410.52500000    408.35833333    403.94166667    403.16666667    402.21666667    398.64166667    395.65833333    393.29166667    390.70833333    387.86666667    387.72500000    384.26666667    382.80000000    379.36666667    377.94166667    374.55000000    374.55000000    370.94166667    371.36666667    369.30000000    367.70000000    366.85833333    366.05000000    363.57500000 
    362.23333333    358.75000000    355.19166667    353.24166667    353.80833333    349.41666667    349.59166667    347.54166667    343.29166667    343.84166667    342.10833333    339.53333333    337.80000000    337.48333333    334.45833333    333.57500000    332.84166667    330.39166667    330.50000000    328.28333333    329.77500000    327.56666667    328.53333333    326.20000000    325.77500000 
    325.56666667    324.39166667    320.75833333    318.98333333    318.28333333    319.38333333    317.65000000    317.61666667    314.64166667    314.08333333    312.09166667    311.83333333    309.82500000    309.83333333    308.39166667    306.55833333    304.81666667    303.47500000    307.37500000    306.00000000    304.30833333    303.37500000    302.16666667    301.55833333    300.24166667 
    299.26666667    295.50833333    292.74166667    289.02500000    287.01666667    284.97500000    284.76666667    285.55000000    282.66666667    282.15833333    282.20833333    282.97500000    278.19166667    277.98333333    277.26666667    277.12500000    276.79166667    277.90833333    276.86666667    276.04166667    274.39166667    273.99166667    274.87500000    274.25833333    273.64166667 
    274.65833333    273.17500000    272.12500000    271.10833333    269.27500000    268.78333333    268.79166667    266.65000000    266.36666667    267.05000000    264.24166667    264.75833333    263.28333333    262.19166667    262.03333333    261.26666667    260.51666667    260.75000000    260.75000000    259.26666667    258.05000000    257.89166667    258.90000000    257.64166667    258.55000000 
    259.10833333    255.25000000    255.10833333    253.35833333    252.42500000    250.05833333    249.44166667    250.70833333    246.13333333    244.64166667    243.40000000    242.50000000    240.59166667    240.23333333    239.99166667    240.54166667    241.57500000    239.24166667    239.59166667    240.16666667    238.84166667    238.30000000    236.27500000    235.94166667    235.13333333 
    236.10833333    233.60000000    231.91666667    231.67500000    230.60000000    229.34166667    227.94166667    226.70000000    223.07500000    223.89166667    221.74166667    221.25000000    221.36666667    221.11666667    221.48333333    222.76666667    221.08333333    220.96666667    220.55833333    220.30000000    220.64166667    220.26666667    218.42500000    220.37500000    220.24166667 
    219.65000000    218.78333333    216.29166667    215.15833333    215.35833333    214.15000000    215.08333333    214.02500000    210.51666667    210.21666667    208.14166667    208.61666667    209.35000000    207.70833333    207.63333333    205.50833333    204.03333333    205.20833333    204.35833333    203.85833333    203.80833333    204.47500000    204.64166667    204.08333333    201.99166667 
    203.43333333    200.29166667    199.07500000    196.60000000    199.77500000    195.55833333    197.85000000    198.70833333    198.07500000    196.35833333    196.22500000    195.17500000    195.85833333    195.62500000    193.43333333    194.01666667    193.61666667    193.76666667    194.36666667    193.59166667    192.34166667    192.41666667    189.82500000    188.55000000    189.38333333 
    188.99166667    186.73333333    186.30000000    186.09166667    185.06666667    185.22500000    184.45833333    184.89166667    182.99166667    182.08333333    182.30833333    181.65000000    179.80833333    180.29166667    180.41666667    176.80000000    176.79166667    176.96666667    177.72500000    178.30833333    178.89166667    177.31666667    180.23333333    179.23333333    177.47500000 
    177.25833333    176.21666667    176.38333333    174.05833333    172.10833333    170.74166667    170.46666667    171.45000000    171.01666667    171.64166667    174.35833333    172.46666667    172.19166667    172.39166667    171.66666667    169.88333333    171.97500000    171.78333333    169.69166667    169.95000000    170.74166667    170.46666667    169.22500000    166.90833333    169.07500000 
    169.26666667    167.79166667    167.05000000    167.91666667    162.91666667    162.66666667    163.76666667    163.07500000    161.61666667    162.75833333    162.48333333    161.77500000    159.79166667    159.00833333    159.47500000    160.28333333    159.35833333    161.50833333    160.80000000    162.20833333    161.60833333    159.69166667    160.30833333    161.00000000    161.88333333 
    161.63333333    160.88333333    158.65000000    157.86666667    158.81666667    156.80000000    157.66666667    155.15000000    154.90000000    155.23333333    153.06666667    153.00000000    152.52500000    151.99166667    152.81666667    151.31666667    151.50000000    152.45000000    151.76666667    151.40000000    152.80000000    152.82500000    152.65000000    152.13333333    152.69166667 
    153.04166667    150.92500000    149.44166667    147.53333333    151.01666667    150.92500000    149.12500000    147.68333333    147.16666667    145.79166667    146.12500000    147.56666667    147.21666667    147.21666667    148.15000000    146.90833333    146.90000000    146.80833333    146.99166667    147.25833333    144.29166667    146.33333333    145.94166667    145.77500000    144.33333333 
    143.91666667    143.32500000    143.70833333    141.34166667    141.57500000    141.65833333    140.10833333    140.35833333    139.20833333    140.62500000    140.98333333    140.40000000    141.00833333    142.75000000    141.73333333    139.55833333    141.37500000    140.00833333    140.31666667    137.95000000    138.19166667    137.95000000    137.18333333    137.91666667    138.48333333 
    139.14166667    136.95000000    136.65833333    135.61666667    134.72500000    133.53333333    133.26666667    133.99166667    133.33333333    132.21666667    131.84166667    132.72500000    133.04166667    132.63333333    132.76666667    131.56666667    133.27500000    131.53333333    131.30000000    132.30000000    132.00833333    131.89166667    132.60000000    132.80833333    132.72500000 
    132.24166667    131.70000000    129.75000000    128.99166667    128.50000000    127.75833333    127.37500000    127.32500000    126.95833333    129.12500000    129.07500000    127.81666667    127.35833333    126.55833333    128.33333333    129.24166667    127.60833333    128.30000000    129.09166667    127.61666667    126.15000000    127.45000000    126.87500000    124.10000000    125.48333333 
    124.20833333    123.16666667    122.25000000    119.99166667    119.24166667    118.31666667    118.51666667    118.74166667    119.76666667    119.18333333    119.54166667    122.13333333    121.59166667    121.46666667    119.57500000    119.86666667    119.58333333    117.98333333    118.30000000    119.32500000    119.95833333    120.11666667    119.75833333    120.43333333    123.25833333 
    121.58333333    119.79166667    118.96666667    119.78333333    120.02500000    117.69166667    116.89166667    116.81666667    117.21666667    113.12500000    113.95833333    114.37500000    114.90000000    113.60833333    113.03333333    113.75000000    114.17500000    115.45000000    114.79166667    115.76666667    115.18333333    116.08333333    115.63333333    113.70833333    116.36666667 
    115.11666667    114.39166667    113.44166667    112.55000000    114.55833333    113.84166667    114.52500000    114.01666667    114.35833333    112.85000000    112.34166667    112.24166667    112.16666667    110.88333333    112.76666667    112.72500000    112.10000000    111.49166667    112.90833333    112.78333333    113.01666667    112.35833333    111.89166667    111.13333333    110.14166667 
    110.09166667    107.90833333    107.80833333    107.35833333    107.27500000    107.81666667    108.00833333    107.78333333    107.33333333    104.90833333    103.78333333    105.32500000    104.89166667    106.50000000    105.49166667    106.27500000    108.38333333    106.80000000    106.57500000    106.10833333    104.88333333    104.75000000    106.00833333    106.45833333    106.80000000 
    107.80833333    105.75833333    102.95833333    101.07500000    103.30833333    103.00000000    102.03333333    100.85000000    101.15000000    101.87500000    102.01666667    100.45833333    101.90833333    101.06666667    102.44166667    101.89166667    100.84166667    101.35833333    101.47500000    102.30000000    102.21666667    102.05000000    102.00000000    101.90833333    101.14166667 
    101.60833333     99.83333333     99.50000000     97.90000000     98.10000000     99.97500000     97.52500000     97.46666667     99.07500000     99.36666667     98.08333333     98.42500000     98.84166667     98.97500000     98.88333333    101.27500000    100.04166667     99.98333333    100.04166667     98.30833333    100.88333333    100.96666667     99.85000000     98.95000000     99.38333333 
     99.41666667     96.60000000     96.45833333     97.15833333     94.55833333     96.55833333     95.34166667     96.11666667     96.25833333     96.15833333     94.20833333     95.76666667     97.86666667     97.04166667     94.78333333     96.07500000     95.10000000     95.51666667     96.42500000     96.36666667     95.25833333     94.75000000     95.90000000     95.44166667     92.69166667 
     92.75833333     93.52500000     93.77500000     93.20833333     92.02500000     91.48333333     92.27500000     92.66666667     91.73333333     92.59166667     92.70000000     92.84166667     92.87500000     90.97500000     91.61666667     89.79166667     91.88333333     92.42500000     93.75833333     92.37500000     89.96666667     91.27500000     90.70000000     90.53333333     90.81666667 
