  0.00000000E+00 -7.98940000E+01 -9.49286667E+01 -1.01673333E+02 -1.01469333E+02 -1.06468667E+02 -1.07245333E+02 -1.08196000E+02 -1.10789000E+02 -1.10349667E+02 -1.13714667E+02 -1.09159667E+02 -1.11848000E+02 -1.10792000E+02 -1.10545000E+02 -1.12998000E+02 -1.12460333E+02 -1.09909333E+02 -1.08893667E+02 -1.11468333E+02 -1.11749333E+02 -1.12955000E+02 -1.11008000E+02 -1.08548667E+02 -1.10133667E+02 
 -1.10728000E+02 -1.11936667E+02 -1.13667000E+02 -1.14907333E+02 -1.14400333E+02 -1.14554667E+02 -1.14283333E+02 -1.17396667E+02 -1.17066667E+02 -1.15801667E+02 -1.15650667E+02 -1.14689000E+02 -1.13412667E+02 -1.15030667E+02 -1.14328667E+02 -1.16936333E+02 -1.15278000E+02 -1.17753000E+02 -1.16359333E+02 -1.14715000E+02 -1.16773667E+02 -1.17226667E+02 -1.15905333E+02 -1.12564333E+02 -1.13873000E+02 
 -1.17774667E+02 -1.22517000E+02 -1.20396333E+02 -1.23119667E+02 -1.21189667E+02 -1.22080667E+02 -1.21020000E+02 -1.20570667E+02 -1.21399667E+02 -1.20881667E+02 -1.21726333E+02 -1.21844333E+02 -1.19855333E+02 -1.24354667E+02 -1.21155333E+02 -1.22701333E+02 -1.24193000E+02 -1.24218667E+02 -1.22008000E+02 -1.24395000E+02 -1.21100333E+02 -1.22445667E+02 -1.19335667E+02 -1.18491333E+02 -1.20171000E+02 
 -1.18636000E+02 -1.24513667E+02 -1.26929667E+02 -1.25778667E+02 -1.26319000E+02 -1.24998000E+02 -1.23285000E+02 -1.26461000E+02 -1.26002333E+02 -1.24611667E+02 -1.22389667E+02 -1.24313000E+02 -1.25938000E+02 -1.25591667E+02 -1.26766333E+02 -1.26512333E+02 -1.26299667E+02 -1.26361000E+02 -1.26140000E+02 -1.26418667E+02 -1.27076667E+02 -1.27526667E+02 -1.26670333E+02 -1.28666667E+02 -1.24989667E+02 
 -1.26413000E+02 -1.29576000E+02 -1.28382333E+02 -1.29559667E+02 -1.31012000E+02 -1.30055333E+02 -1.30027000E+02 -1.29981333E+02 -1.31269333E+02 -1.32942667E+02 -1.30714000E+02 -1.28454667E+02 -1.28134333E+02 -1.29336333E+02 -1.30318000E+02 -1.31815667E+02 -1.33381000E+02 -1.32170667E+02 -1.32764000E+02 -1.31421333E+02 -1.35029333E+02 -1.31643000E+02 -1.30608667E+02 -1.33030667E+02 -1.28953333E+02 
 -1.31676000E+02 -1.35036333E+02 -1.34449000E+02 -1.35418333E+02 -1.36873000E+02 -1.35252000E+02 -1.38370667E+02 -1.38636000E+02 -1.36826667E+02 -1.38459667E+02 -1.38658333E+02 -1.35839333E+02 -1.37519333E+02 -1.36351000E+02 -1.38833333E+02 -1.35992333E+02 -1.40928000E+02 -1.40217000E+02 -1.40241000E+02 -1.37291667E+02 -1.35754000E+02 -1.35111667E+02 -1.36947000E+02 -1.40598667E+02 -1.39274000E+02 
 -1.37483333E+02 -1.42980000E+02 -1.44232000E+02 -1.47600000E+02 -1.45785000E+02 -1.44394000E+02 -1.41703000E+02 -1.47053667E+02 -1.46717000E+02 -1.47178000E+02 -1.46241000E+02 -1.46119333E+02 -1.43013000E+02 -1.43143333E+02 -1.45373667E+02 -1.44519333E+02 -1.40307000E+02 -1.42709333E+02 -1.42455000E+02 -1.42657333E+02 -1.41883667E+02 -1.42795333E+02 -1.42287000E+02 -1.45311667E+02 -1.44020667E+02 
 -1.45488333E+02 -1.48957667E+02 -1.50609333E+02 -1.52109000E+02 -1.52463000E+02 -1.55134000E+02 -1.56657333E+02 -1.54308667E+02 -1.52379667E+02 -1.53464000E+02 -1.50985333E+02 -1.47148000E+02 -1.50658000E+02 -1.51205667E+02 -1.54981000E+02 -1.54089000E+02 -1.51029000E+02 -1.51722333E+02 -1.51675000E+02 -1.52423000E+02 -1.52780000E+02 -1.52396667E+02 -1.51681667E+02 -1.52536000E+02 -1.52452667E+02 
 -1.49841667E+02 -1.53948000E+02 -1.54783000E+02 -1.53681333E+02 -1.55595667E+02 -1.58877333E+02 -1.59162333E+02 -1.58479667E+02 -1.60000667E+02 -1.59322333E+02 -1.59882000E+02 -1.60779333E+02 -1.60475667E+02 -1.60133667E+02 -1.60603667E+02 -1.57524667E+02 -1.58773000E+02 -1.58880667E+02 -1.60856667E+02 -1.60498333E+02 -1.58077000E+02 -1.58440000E+02 -1.60131333E+02 -1.59812000E+02 -1.59536667E+02 
 -1.59830667E+02 -1.63620667E+02 -1.65973333E+02 -1.67184333E+02 -1.67835000E+02 -1.67662000E+02 -1.66723000E+02 -1.68715333E+02 -1.66995333E+02 -1.70490667E+02 -1.68068333E+02 -1.69072667E+02 -1.69880000E+02 -1.70799000E+02 -1.71605000E+02 -1.69673000E+02 -1.69147667E+02 -1.69942000E+02 -1.67961000E+02 -1.66907667E+02 -1.68523000E+02 -1.68621667E+02 -1.66698667E+02 -1.68755667E+02 -1.69178333E+02 
 -1.66379333E+02 -1.71476333E+02 -1.74470000E+02 -1.76691667E+02 -1.77353000E+02 -1.76360000E+02 -1.76065667E+02 -1.79772667E+02 -1.78519000E+02 -1.77706667E+02 -1.73334000E+02 -1.74060333E+02 -1.75504000E+02 -1.75770000E+02 -1.76047667E+02 -1.74108667E+02 -1.74858000E+02 -1.73856000E+02 -1.74623333E+02 -1.76020333E+02 -1.79013333E+02 -1.78313000E+02 -1.78718333E+02 -1.80353000E+02 -1.83082000E+02 
 -1.81024000E+02 -1.86941000E+02 -1.86998000E+02 -1.87878667E+02 -1.87158000E+02 -1.87007667E+02 -1.87133000E+02 -1.86880333E+02 -1.86261333E+02 -1.87153667E+02 -1.87900667E+02 -1.89672000E+02 -1.85568000E+02 -1.85433000E+02 -1.90582667E+02 -1.90177333E+02 -1.88211333E+02 -1.88192000E+02 -1.90044000E+02 -1.88783000E+02 -1.88481000E+02 -1.89146333E+02 -1.84365667E+02 -1.86897000E+02 -1.85975333E+02 
 -1.85621333E+02 -1.89801000E+02 -1.92784667E+02 -1.94601000E+02 -1.94824667E+02 -1.99904000E+02 -2.00245333E+02 -1.98165333E+02 -1.99404667E+02 -2.01533667E+02 -2.00438333E+02 -1.99015000E+02 -1.96546333E+02 -1.97661667E+02 -1.95742333E+02 -1.96477667E+02 -1.95585333E+02 -1.94519000E+02 -1.94716667E+02 -1.96293333E+02 -1.94996000E+02 -1.96396667E+02 -1.95763667E+02 -1.97523333E+02 -1.95298000E+02 
 -1.96335333E+02 -2.00661000E+02 -2.02662000E+02 -2.03880000E+02 -2.06919000E+02 -2.07638667E+02 -2.05812000E+02 -2.04597000E+02 -2.04779667E+02 -2.06402333E+02 -2.08513667E+02 -2.07095667E+02 -2.10128333E+02 -2.07215667E+02 -2.07189000E+02 -2.08502667E+02 -2.07289333E+02 -2.07366667E+02 -2.05398667E+02 -2.02630667E+02 -2.05272333E+02 -2.08870667E+02 -2.09743667E+02 -2.12543667E+02 -2.10992000E+02 
 -2.08228000E+02 -2.14211667E+02 -2.17650667E+02 -2.19075000E+02 -2.18911000E+02 -2.23291333E+02 -2.21337000E+02 -2.20334333E+02 -2.19004667E+02 -2.19813000E+02 -2.21852000E+02 -2.22877333E+02 -2.20740667E+02 -2.20129333E+02 -2.19884667E+02 -2.20166333E+02 -2.23403667E+02 -2.24143667E+02 -2.22809333E+02 -2.22994667E+02 -2.20129667E+02 -2.18494333E+02 -2.20617000E+02 -2.21222667E+02 -2.22162667E+02 
 -2.23246333E+02 -2.28046000E+02 -2.30155333E+02 -2.30922000E+02 -2.33167667E+02 -2.35778000E+02 -2.36190000E+02 -2.34023667E+02 -2.35653333E+02 -2.35722667E+02 -2.33865000E+02 -2.35747667E+02 -2.36171000E+02 -2.36253000E+02 -2.34007000E+02 -2.35177000E+02 -2.36337667E+02 -2.37841333E+02 -2.40631000E+02 -2.43635000E+02 -2.45435667E+02 -2.41030333E+02 -2.41898667E+02 -2.36888333E+02 -2.39981333E+02 
 -2.41154333E+02 -2.46635667E+02 -2.49602333E+02 -2.50809000E+02 -2.53779000E+02 -2.50507333E+02 -2.56185000E+02 -2.56189000E+02 -2.54985667E+02 -2.54226333E+02 -2.56539667E+02 -2.55348667E+02 -2.54650000E+02 -2.52319000E+02 -2.55368000E+02 -2.56806000E+02 -2.55450667E+02 -2.57978000E+02 -2.55936667E+02 -2.53734333E+02 -2.55655667E+02 -2.54783000E+02 -2.55322667E+02 -2.53440333E+02 -2.53331333E+02 
 -2.53898333E+02 -2.55790000E+02 -2.59919000E+02 -2.62768667E+02 -2.64659000E+02 -2.66286000E+02 -2.66660000E+02 -2.69079333E+02 -2.68539333E+02 -2.72086000E+02 -2.71367667E+02 -2.71189000E+02 -2.70673667E+02 -2.74067000E+02 -2.73422333E+02 -2.74105000E+02 -2.74960000E+02 -2.74419000E+02 -2.76667333E+02 -2.74264333E+02 -2.78009667E+02 -2.79157667E+02 -2.76162667E+02 -2.76767333E+02 -2.75983333E+02 
 -2.76508333E+02 -2.79744667E+02 -2.84104333E+02 -2.86557333E+02 -2.85960333E+02 -2.89709000E+02 -2.91170667E+02 -2.91459333E+02 -2.93932667E+02 -2.92301000E+02 -2.92775000E+02 -2.95633000E+02 -2.97643667E+02 -2.96959333E+02 -2.97107333E+02 -2.98012000E+02 -2.99971667E+02 -2.97099333E+02 -3.00152333E+02 -2.97145000E+02 -2.98192000E+02 -2.99531000E+02 -2.98055667E+02 -2.95083333E+02 -2.94464667E+02 
 -2.96676667E+02 -3.01838333E+02 -3.03206667E+02 -3.05099333E+02 -3.05875667E+02 -3.09095333E+02 -3.10586000E+02 -3.08784000E+02 -3.08716000E+02 -3.08677000E+02 -3.08796000E+02 -3.12141000E+02 -3.11961333E+02 -3.12562000E+02 -3.12099667E+02 -3.13862667E+02 -3.14760333E+02 -3.13769333E+02 -3.14054000E+02 -3.13057667E+02 -3.14409000E+02 -3.18093333E+02 -3.17572000E+02 -3.18527667E+02 -3.18077667E+02 
 -3.19430333E+02 -3.21029000E+02 -3.23872000E+02 -3.27503667E+02 -3.30660000E+02 -3.30640667E+02 -3.28100000E+02 -3.30401000E+02 -3.32407667E+02 -3.35992667E+02 -3.34554000E+02 -3.32741000E+02 -3.35938000E+02 -3.33728667E+02 -3.36499333E+02 -3.32517667E+02 -3.36950333E+02 -3.42850333E+02 -3.43174000E+02 -3.42598667E+02 -3.39647000E+02 -3.40821333E+02 -3.37786333E+02 -3.38264667E+02 -3.37742667E+02 
 -3.40603333E+02 -3.43337667E+02 -3.48475000E+02 -3.49805667E+02 -3.50062333E+02 -3.52683000E+02 -3.53656000E+02 -3.54379333E+02 -3.54864667E+02 -3.56876000E+02 -3.57652000E+02 -3.62469000E+02 -3.62053667E+02 -3.64133667E+02 -3.63358333E+02 -3.63180667E+02 -3.66440000E+02 -3.68521333E+02 -3.65902000E+02 -3.67177000E+02 -3.67264667E+02 -3.66792667E+02 -3.65707333E+02 -3.63367667E+02 -3.67124667E+02 
 -3.70475333E+02 -3.75865333E+02 -3.81176333E+02 -3.80445333E+02 -3.83331000E+02 -3.82857333E+02 -3.82378000E+02 -3.84107000E+02 -3.85182667E+02 -3.87175667E+02 -3.89164000E+02 -3.91560333E+02 -3.92871667E+02 -3.97055000E+02 -3.98240333E+02 -4.00766667E+02 -3.99297667E+02 -4.00161667E+02 -4.00456667E+02 -3.97408667E+02 -3.98471667E+02 -3.96576667E+02 -3.96595000E+02 -3.96346667E+02 -3.94796000E+02 
 -3.94156000E+02 -4.00745333E+02 -4.02835000E+02 -4.07851000E+02 -4.10411667E+02 -4.12388000E+02 -4.13340333E+02 -4.13944333E+02 -4.16902667E+02 -4.17616333E+02 -4.18214333E+02 -4.22317333E+02 -4.25865667E+02 -4.30256000E+02 -4.30823333E+02 -4.33736000E+02 -4.32263000E+02 -4.32705667E+02 -4.30220333E+02 -4.33961333E+02 -4.34903000E+02 -4.34214333E+02 -4.36137333E+02 -4.39432000E+02 -4.41307333E+02 
 -4.35879333E+02 -4.41617000E+02 -4.43723000E+02 -4.49194667E+02 -4.54434333E+02 -4.55453333E+02 -4.56840333E+02 -4.58805667E+02 -4.62111333E+02 -4.64233333E+02 -4.67718333E+02 -4.68226667E+02 -4.71412000E+02 -4.73540333E+02 -4.73992000E+02 -4.75947333E+02 -4.76429000E+02 -4.76488333E+02 -4.77495667E+02 -4.77981333E+02 -4.79230333E+02 -4.78404000E+02 -4.79003000E+02 -4.77811667E+02 -4.76503667E+02 
 -4.78849000E+02 -4.83446000E+02 -4.87390000E+02 -4.93081667E+02 -4.94616667E+02 -4.98846667E+02 -5.01455333E+02 -5.03747333E+02 -5.06313333E+02 -5.10883333E+02 -5.13623000E+02 -5.14050000E+02 -5.13398667E+02 -5.18257000E+02 -5.21691333E+02 -5.20206000E+02 -5.21022333E+02 -5.24462000E+02 -5.22643333E+02 -5.24014333E+02 -5.24265333E+02 -5.25341000E+02 -5.28039000E+02 -5.26211333E+02 -5.22609000E+02 
 -5.24469333E+02 -5.34328000E+02 -5.36640333E+02 -5.38986000E+02 -5.38000333E+02 -5.39738333E+02 -5.42720000E+02 -5.47854333E+02 -5.52311667E+02 -5.55030000E+02 -5.59619000E+02 -5.60197000E+02 -5.66526000E+02 -5.69250333E+02 -5.67733000E+02 -5.70661333E+02 -5.72595667E+02 -5.70288667E+02 -5.74141667E+02 -5.76783667E+02 -5.75295667E+02 -5.78496333E+02 -5.80035667E+02 -5.81551667E+02 -5.80505333E+02 
 -5.82372333E+02 -5.87499000E+02 -5.92762333E+02 -5.97080000E+02 -6.03670333E+02 -6.08398667E+02 -6.11945667E+02 -6.13425000E+02 -6.11597667E+02 -6.14666333E+02 -6.14788000E+02 -6.18212333E+02 -6.20528000E+02 -6.24344667E+02 -6.29129333E+02 -6.29578667E+02 -6.29924000E+02 -6.35976333E+02 -6.36919000E+02 -6.36186667E+02 -6.36807000E+02 -6.37016667E+02 -6.33322333E+02 -6.34517667E+02 -6.37749667E+02 
 -6.35941667E+02 -6.43624667E+02 -6.51662667E+02 -6.55329667E+02 -6.59525000E+02 -6.65268333E+02 -6.67327333E+02 -6.69714333E+02 -6.73910667E+02 -6.75735333E+02 -6.78143333E+02 -6.78463000E+02 -6.80088333E+02 -6.83291667E+02 -6.83428000E+02 -6.86190000E+02 -6.89823000E+02 -6.92712333E+02 -6.92170000E+02 -6.95012000E+02 -6.94676667E+02 -6.98083000E+02 -6.97042333E+02 -6.98640667E+02 -7.00279000E+02 
 -7.05934667E+02 -7.10343333E+02 -7.16186000E+02 -7.22208667E+02 -7.24139667E+02 -7.28004333E+02 -7.34373333E+02 -7.38452000E+02 -7.40349333E+02 -7.39599000E+02 -7.42726000E+02 -7.48145333E+02 -7.49036000E+02 -7.54607000E+02 -7.58497667E+02 -7.60892000E+02 -7.63526667E+02 -7.71779667E+02 -7.74646667E+02 -7.74845000E+02 -7.77970000E+02 -7.83193000E+02 -7.81976667E+02 -7.85568000E+02 -7.88580000E+02 
 -7.91306667E+02 -8.00951667E+02 -8.09983000E+02 -8.14321333E+02 -8.19477333E+02 -8.23322333E+02 -8.25779000E+02 -8.27424667E+02 -8.35369000E+02 -8.39635000E+02 -8.39097667E+02 -8.43270000E+02 -8.49898000E+02 -8.52921000E+02 -8.54349333E+02 -8.58658667E+02 -8.59762667E+02 -8.59342333E+02 -8.60847000E+02 -8.66642333E+02 -8.71782667E+02 -8.72575000E+02 -8.71174333E+02 -8.74164667E+02 -8.74457000E+02 
 -8.82256000E+02 -8.91980667E+02 -8.98472333E+02 -9.03280000E+02 -9.07180667E+02 -9.15223333E+02 -9.19634333E+02 -9.23175333E+02 -9.28028667E+02 -9.33998667E+02 -9.36450000E+02 -9.41154000E+02 -9.47798333E+02 -9.51953000E+02 -9.56050333E+02 -9.65184667E+02 -9.69250667E+02 -9.72393000E+02 -9.79360667E+02 -9.81979333E+02 -9.82459000E+02 -9.83814667E+02 -9.90441000E+02 -9.95892667E+02 -9.99387000E+02 
 -9.98967333E+02 -1.01090767E+03 -1.01946700E+03 -1.02572400E+03 -1.03057933E+03 -1.03651667E+03 -1.04252133E+03 -1.04687000E+03 -1.05462267E+03 -1.06042700E+03 -1.06451433E+03 -1.06542100E+03 -1.06936233E+03 -1.07371000E+03 -1.07809433E+03 -1.08493733E+03 -1.08881400E+03 -1.09637733E+03 -1.09776000E+03 -1.10270900E+03 -1.10492933E+03 -1.10964100E+03 -1.11442700E+03 -1.11374800E+03 -1.11588000E+03 
 -1.11918967E+03 -1.12766700E+03 -1.13464100E+03 -1.14641033E+03 -1.15648300E+03 -1.16153867E+03 -1.16580967E+03 -1.17349700E+03 -1.18073467E+03 -1.18728333E+03 -1.19137500E+03 -1.19492633E+03 -1.19784067E+03 -1.20676467E+03 -1.21078033E+03 -1.21581733E+03 -1.22606233E+03 -1.22751167E+03 -1.23408100E+03 -1.23798833E+03 -1.24420333E+03 -1.25034600E+03 -1.25511667E+03 -1.25700533E+03 -1.25901167E+03 
 -1.25877600E+03 -1.26710033E+03 -1.27678167E+03 -1.28525167E+03 -1.29111667E+03 -1.30045067E+03 -1.30465333E+03 -1.31060500E+03 -1.31915933E+03 -1.32498767E+03 -1.33513333E+03 -1.33623067E+03 -1.34186600E+03 -1.34805733E+03 -1.35035667E+03 -1.35551500E+03 -1.36186567E+03 -1.36507067E+03 -1.37215233E+03 -1.37543067E+03 -1.37881800E+03 -1.38287567E+03 -1.38658400E+03 -1.39815633E+03 -1.40407267E+03 
 -1.40902300E+03 -1.41971433E+03 -1.43179867E+03 -1.43881067E+03 -1.45013967E+03 -1.46023600E+03 -1.46618233E+03 -1.47469633E+03 -1.48442700E+03 -1.49140733E+03 -1.49906400E+03 -1.50610133E+03 -1.50934400E+03 -1.51648067E+03 -1.52207300E+03 -1.53056833E+03 -1.53835667E+03 -1.54943767E+03 -1.55315433E+03 -1.55922233E+03 -1.56995100E+03 -1.57371900E+03 -1.57921900E+03 -1.58745500E+03 -1.59548367E+03 
 -1.60405567E+03 -1.61677533E+03 -1.62398433E+03 -1.63284400E+03 -1.64183367E+03 -1.64885733E+03 -1.65749000E+03 -1.66522000E+03 -1.67578800E+03 -1.68364133E+03 -1.69402067E+03 -1.70093067E+03 -1.70713367E+03 -1.71390867E+03 -1.72016233E+03 -1.72666733E+03 -1.73397233E+03 -1.74060600E+03 -1.74561267E+03 -1.74915067E+03 -1.75415633E+03 -1.76253967E+03 -1.76755367E+03 -1.77568833E+03 -1.77900333E+03 
 -1.78404833E+03 -1.79392500E+03 -1.80538467E+03 -1.81465800E+03 -1.82564033E+03 -1.83530133E+03 -1.84914700E+03 -1.85348033E+03 -1.86099767E+03 -1.87067667E+03 -1.87647333E+03 -1.88677867E+03 -1.89333700E+03 -1.89974033E+03 -1.90853000E+03 -1.91877533E+03 -1.92584200E+03 -1.93029667E+03 -1.93788300E+03 -1.95016100E+03 -1.95999000E+03 -1.96894467E+03 -1.97664300E+03 -1.98374433E+03 -1.99232667E+03 
 -1.99825767E+03 -2.01106200E+03 -2.02170433E+03 -2.03707233E+03 -2.05010267E+03 -2.06213900E+03 -2.07542633E+03 -2.08577267E+03 -2.09781467E+03 -2.10963100E+03 -2.12061633E+03 -2.13120800E+03 -2.14254633E+03 -2.15039800E+03 -2.16432033E+03 -2.18109633E+03 -2.18934900E+03 -2.19996600E+03 -2.21079733E+03 -2.21762900E+03 -2.22877933E+03 -2.24025133E+03 -2.24913500E+03 -2.25616633E+03 -2.26330000E+03 
 -2.27006533E+03 -2.28820800E+03 -2.30411900E+03 -2.31536367E+03 -2.32650233E+03 -2.33920333E+03 -2.35020733E+03 -2.35993967E+03 -2.37148033E+03 -2.38162433E+03 -2.39338900E+03 -2.40474867E+03 -2.42098200E+03 -2.43133433E+03 -2.44306000E+03 -2.45442300E+03 -2.46284933E+03 -2.47232433E+03 -2.48497433E+03 -2.49364133E+03 -2.50264467E+03 -2.51070733E+03 -2.52196100E+03 -2.53060500E+03 -2.54211300E+03 
 -2.54959933E+03 -2.56320433E+03 -2.57280033E+03 -2.59048233E+03 -2.60570867E+03 -2.61745733E+03 -2.62727200E+03 -2.63965800E+03 -2.65126000E+03 -2.66043767E+03 -2.67283433E+03 -2.68567067E+03 -2.69921500E+03 -2.70828233E+03 -2.72563733E+03 -2.73844633E+03 -2.74943367E+03 -2.76377933E+03 -2.77330433E+03 -2.78233000E+03 -2.79131633E+03 -2.80008667E+03 -2.80946967E+03 -2.81878233E+03 -2.82756967E+03 
 -2.83822867E+03 -2.85370633E+03 -2.86552000E+03 -2.87824100E+03 -2.89484600E+03 -2.91062600E+03 -2.92688100E+03 -2.93858067E+03 -2.95413567E+03 -2.96888233E+03 -2.98100767E+03 -2.99320900E+03 -3.00298433E+03 -3.01570133E+03 -3.02505867E+03 -3.03553567E+03 -3.04755133E+03 -3.06003300E+03 -3.07363233E+03 -3.08658667E+03 -3.09652900E+03 -3.10858933E+03 -3.11915700E+03 -3.13402067E+03 -3.14670533E+03 
 -3.15649467E+03 -3.17262200E+03 -3.18803700E+03 -3.19848600E+03 -3.21134667E+03 -3.22339567E+03 -3.23843733E+03 -3.25226400E+03 -3.26667533E+03 -3.27498800E+03 -3.28446500E+03 -3.29618767E+03 -3.30502633E+03 -3.31654133E+03 -3.32938533E+03 -3.33900067E+03 -3.34948733E+03 -3.36085233E+03 -3.36956133E+03 -3.38490667E+03 -3.39620100E+03 -3.40691900E+03 -3.41879800E+03 -3.43326033E+03 -3.44321900E+03 
 -3.45338933E+03 -3.46743000E+03 -3.48569567E+03 -3.49836467E+03 -3.51523167E+03 -3.52986767E+03 -3.54615933E+03 -3.55797067E+03 -3.57090167E+03 -3.58331500E+03 -3.59606800E+03 -3.60786500E+03 -3.62252333E+03 -3.63563767E+03 -3.64634033E+03 -3.65659900E+03 -3.67066933E+03 -3.68304267E+03 -3.69221633E+03 -3.70420267E+03 -3.71595600E+03 -3.72910967E+03 -3.74345133E+03 -3.75335933E+03 -3.76688167E+03 
 -3.77709933E+03 -3.78890033E+03 -3.80493733E+03 -3.82186033E+03 -3.83586467E+03 -3.85250733E+03 -3.86418200E+03 -3.87680167E+03 -3.88909433E+03 -3.90331433E+03 -3.91656600E+03 -3.92957200E+03 -3.94086733E+03 -3.95849833E+03 -3.96682233E+03 -3.98052133E+03 -3.99264867E+03 -4.00598900E+03 -4.01783400E+03 -4.02920800E+03 -4.04097767E+03 -4.05569300E+03 -4.06380933E+03 -4.07888733E+03 -4.09146167E+03 
 -4.10192300E+03 -4.11608600E+03 -4.13173600E+03 -4.14592300E+03 -4.15574733E+03 -4.16914567E+03 -4.17981467E+03 -4.19418667E+03 -4.20962300E+03 -4.22100500E+03 -4.23139000E+03 -4.24482067E+03 -4.25280633E+03 -4.26684267E+03 -4.27802967E+03 -4.28947767E+03 -4.30261567E+03 -4.31376300E+03 -4.32716233E+03 -4.33522667E+03 -4.34710767E+03 -4.35590233E+03 -4.36677700E+03 -4.37789233E+03 -4.38717400E+03 
 -4.39978567E+03 -4.41434800E+03 -4.42678633E+03 -4.43943867E+03 -4.44961333E+03 -4.46532767E+03 -4.47434433E+03 -4.48602300E+03 -4.50193400E+03 -4.51395900E+03 -4.52403367E+03 -4.54104767E+03 -4.55164933E+03 -4.56054300E+03 -4.56986767E+03 -4.57900300E+03 -4.58969933E+03 -4.59679367E+03 -4.61078833E+03 -4.62340933E+03 -4.63435933E+03 -4.64484267E+03 -4.65326333E+03 -4.66507567E+03 -4.67423133E+03 
 -4.68494333E+03 -4.69941500E+03 -4.71408233E+03 -4.72419300E+03 -4.73685300E+03 -4.75289300E+03 -4.76269667E+03 -4.77506833E+03 -4.78727733E+03 -4.79777733E+03 -4.80813667E+03 -4.81715933E+03 -4.82627933E+03 -4.83688600E+03 -4.84739300E+03 -4.85766900E+03 -4.86916100E+03 -4.88023500E+03 -4.88993433E+03 -4.90023800E+03 -4.90801967E+03 -4.91584533E+03 -4.92524767E+03 -4.93439100E+03 -4.94664067E+03 
 -4.95555667E+03 -4.96683167E+03 -4.97878733E+03 -4.99365433E+03 -5.00292133E+03 -5.01584600E+03 -5.02548467E+03 -5.03592467E+03 -5.04672467E+03 -5.05692667E+03 -5.06719467E+03 -5.07708833E+03 -5.08735267E+03 -5.09446900E+03 -5.10082167E+03 -5.11236900E+03 -5.12105667E+03 -5.13025100E+03 -5.13912667E+03 -5.15004800E+03 -5.15762000E+03 -5.16214567E+03 -5.17060033E+03 -5.18247333E+03 -5.18972333E+03 
 -5.19812367E+03 -5.20629800E+03 -5.21736267E+03 -5.22925500E+03 -5.23715033E+03 -5.24688900E+03 -5.25725767E+03 -5.26722533E+03 -5.27662600E+03 -5.28548533E+03 -5.29325500E+03 -5.29952933E+03 -5.30789767E+03 -5.31608300E+03 -5.32694833E+03 -5.33628900E+03 -5.34503933E+03 -5.35390700E+03 -5.36117167E+03 -5.36653467E+03 -5.37360800E+03 -5.37894200E+03 -5.38830867E+03 -5.39583100E+03 -5.40337033E+03 
 -5.41130800E+03 -5.41939767E+03 -5.42737600E+03 -5.43896567E+03 -5.44464867E+03 -5.45593233E+03 -5.46106867E+03 -5.46961233E+03 -5.47526000E+03 -5.48068400E+03 -5.48746733E+03 -5.49375267E+03 -5.49836233E+03 -5.50743033E+03 -5.51297100E+03 -5.51975100E+03 -5.52756333E+03 -5.53330900E+03 -5.54052667E+03 -5.54836333E+03 -5.55619500E+03 -5.56331233E+03 -5.56993033E+03 -5.57317833E+03 -5.58140100E+03 
 -5.58507500E+03 -5.59207667E+03 -5.59817267E+03 -5.60558933E+03 -5.61233367E+03 -5.61791833E+03 -5.62389733E+03 -5.63079567E+03 -5.63431967E+03 -5.64027800E+03 -5.64458767E+03 -5.65109000E+03 -5.65843600E+03 -5.66485067E+03 -5.67060700E+03 -5.67703167E+03 -5.68262700E+03 -5.68948967E+03 -5.69446900E+03 -5.70018167E+03 -5.70572033E+03 -5.70923233E+03 -5.71248767E+03 -5.71644100E+03 -5.72173933E+03 
 -5.72479067E+03 -5.73325400E+03 -5.74032800E+03 -5.74445500E+03 -5.75036600E+03 -5.75596767E+03 -5.76236667E+03 -5.76834467E+03 -5.77233067E+03 -5.77824733E+03 -5.78444033E+03 -5.78943333E+03 -5.79684833E+03 -5.80230567E+03 -5.81044300E+03 -5.81649533E+03 -5.82308200E+03 -5.82512500E+03 -5.83100067E+03 -5.83356300E+03 -5.83770467E+03 -5.84191100E+03 -5.84626867E+03 -5.84956400E+03 -5.85437033E+03 
 -5.85628033E+03 -5.86082467E+03 -5.86556133E+03 -5.87103200E+03 -5.87709800E+03 -5.88179233E+03 -5.88775867E+03 -5.88972567E+03 -5.89675667E+03 -5.90014533E+03 -5.90133600E+03 -5.90752333E+03 -5.91160867E+03 -5.91473133E+03 -5.91795433E+03 -5.92334000E+03 -5.92642000E+03 -5.92910067E+03 -5.93283933E+03 -5.93571900E+03 -5.93971800E+03 -5.94433600E+03 -5.94482267E+03 -5.94538500E+03 -5.94952000E+03 
 -5.95134200E+03 -5.95504300E+03 -5.95965100E+03 -5.96567000E+03 -5.97056533E+03 -5.97339867E+03 -5.97659500E+03 -5.98009700E+03 -5.98549233E+03 -5.98815933E+03 -5.99138233E+03 -5.99573933E+03 -5.99796033E+03 -6.00134500E+03 -6.00420800E+03 -6.00722367E+03 -6.00967600E+03 -6.01036733E+03 -6.01302433E+03 -6.01481367E+03 -6.01823367E+03 -6.01955067E+03 -6.02210600E+03 -6.02451567E+03 -6.02639467E+03 
 -6.02971133E+03 -6.03364067E+03 -6.03745567E+03 -6.04121700E+03 -6.04397467E+03 -6.04868167E+03 -6.05110000E+03 -6.05459567E+03 -6.05916367E+03 -6.06275933E+03 -6.06716800E+03 -6.07016167E+03 -6.07375000E+03 -6.07638567E+03 -6.07767633E+03 -6.08034567E+03 -6.08435267E+03 -6.08566800E+03 -6.08762967E+03 -6.09064267E+03 -6.08952200E+03 -6.09342100E+03 -6.09640300E+03 -6.09993900E+03 -6.10209633E+03 
 -6.10627400E+03 -6.10962033E+03 -6.11340633E+03 -6.11742833E+03 -6.11997167E+03 -6.12313867E+03 -6.12433633E+03 -6.12710400E+03 -6.12953533E+03 -6.13350967E+03 -6.13694633E+03 -6.14116600E+03 -6.14002567E+03 -6.14080100E+03 -6.14650467E+03 -6.14978033E+03 -6.15220467E+03 -6.15358567E+03 -6.15257100E+03 -6.15194533E+03 -6.15401867E+03 -6.15318767E+03 -6.15447800E+03 -6.15685000E+03 -6.15697667E+03 
 -6.15824900E+03 -6.15979733E+03 -6.16239067E+03 -6.16669700E+03 -6.16810733E+03 -6.17089267E+03 -6.17503633E+03 -6.17700567E+03 -6.17912033E+03 -6.18178133E+03 -6.18343967E+03 -6.18440900E+03 -6.18508867E+03 -6.18588567E+03 -6.18807100E+03 -6.18919867E+03 -6.19131700E+03 -6.19247000E+03 -6.19333367E+03 -6.19414500E+03 -6.19430233E+03 -6.19777067E+03 -6.19988567E+03 -6.19967300E+03 -6.20111200E+03 
 -6.20375033E+03 -6.20768533E+03 -6.20846833E+03 -6.20967600E+03 -6.21204033E+03 -6.21324367E+03 -6.21471933E+03 -6.21754700E+03 -6.21935567E+03 -6.22020233E+03 -6.22400333E+03 -6.22550967E+03 -6.22777033E+03 -6.22978233E+03 -6.23139100E+03 -6.23262267E+03 -6.23424900E+03 -6.23506633E+03 -6.23643400E+03 -6.23689533E+03 -6.23698267E+03 -6.23820933E+03 -6.24023267E+03 -6.24309300E+03 -6.24470467E+03 
 -6.24406100E+03 -6.24866600E+03 -6.24954400E+03 -6.25217733E+03 -6.25229933E+03 -6.25443033E+03 -6.25674500E+03 -6.25896100E+03 -6.26187933E+03 -6.26248500E+03 -6.26357133E+03 -6.26543533E+03 -6.26808900E+03 -6.26920700E+03 -6.27168200E+03 -6.27184800E+03 -6.27304600E+03 -6.27458333E+03 -6.27431333E+03 -6.27509267E+03 -6.27651633E+03 -6.27836967E+03 -6.28018267E+03 -6.28033167E+03 -6.28039100E+03 
 -6.28031667E+03 -6.28275267E+03 -6.28486200E+03 -6.28541433E+03 -6.28825300E+03 -6.28956667E+03 -6.29089033E+03 -6.29297267E+03 -6.29296733E+03 -6.29641467E+03 -6.29562233E+03 -6.29700467E+03 -6.29849400E+03 -6.30061233E+03 -6.30134733E+03 -6.30187767E+03 -6.30149900E+03 -6.30228567E+03 -6.30239800E+03 -6.30311733E+03 -6.30207133E+03 -6.30211067E+03 -6.30438333E+03 -6.30515133E+03 -6.30459400E+03 
 -6.30486400E+03 -6.30531133E+03 -6.30771033E+03 -6.30963533E+03 -6.31024767E+03 -6.31148933E+03 -6.31389933E+03 -6.31470833E+03 -6.31549500E+03 -6.31764700E+03 -6.31857033E+03 -6.32046433E+03 -6.32120000E+03 -6.32196200E+03 -6.32163633E+03 -6.32166333E+03 -6.32253033E+03 -6.32402767E+03 -6.32594167E+03 -6.32612400E+03 -6.32553633E+03 -6.32785133E+03 -6.32816667E+03 -6.32754267E+03 -6.32756433E+03 
 -6.32799367E+03 -6.32824867E+03 -6.32981067E+03 -6.32973600E+03 -6.33232700E+03 -6.33305400E+03 -6.33405667E+03 -6.33484467E+03 -6.33502100E+03 -6.33579533E+03 -6.33667067E+03 -6.33976700E+03 -6.33968267E+03 -6.34118967E+03 -6.34285833E+03 -6.34218667E+03 -6.34359067E+03 -6.34497767E+03 -6.34600200E+03 -6.34576500E+03 -6.34558900E+03 -6.34555067E+03 -6.34644967E+03 -6.34683633E+03 -6.34868167E+03 
 -6.34827733E+03 -6.35014500E+03 -6.34995867E+03 -6.35044300E+03 -6.35233100E+03 -6.35416667E+03 -6.35677900E+03 -6.35645267E+03 -6.35782867E+03 -6.35637967E+03 -6.35771200E+03 -6.35772033E+03 -6.35825633E+03 -6.36063500E+03 -6.36236300E+03 -6.36252467E+03 -6.36241533E+03 -6.36402033E+03 -6.36423833E+03 -6.36574733E+03 -6.36659767E+03 -6.36628200E+03 -6.36543900E+03 -6.36609200E+03 -6.36538100E+03 
 -6.36744633E+03 -6.36827800E+03 -6.36889533E+03 -6.37007233E+03 -6.37132067E+03 -6.37303000E+03 -6.37405200E+03 -6.37458600E+03 -6.37601733E+03 -6.37663800E+03 -6.37610367E+03 -6.37703900E+03 -6.37839333E+03 -6.37909633E+03 -6.37905033E+03 -6.38008033E+03 -6.37999067E+03 -6.37924933E+03 -6.38036167E+03 -6.38106967E+03 -6.38048600E+03 -6.38116700E+03 -6.38149467E+03 -6.38217433E+03 -6.38373200E+03 
 -6.38366833E+03 -6.38441267E+03 -6.38491433E+03 -6.38600733E+03 -6.38673533E+03 -6.38753367E+03 -6.38907400E+03 -6.38898533E+03 -6.38997433E+03 -6.39040333E+03 -6.39125633E+03 -6.39211900E+03 -6.39216567E+03 -6.39298833E+03 -6.39439167E+03 -6.39523200E+03 -6.39491867E+03 -6.39565800E+03 -6.39547100E+03 -6.39607367E+03 -6.39515700E+03 -6.39576867E+03 -6.39647133E+03 -6.39679400E+03 -6.39670067E+03 
 -6.39782533E+03 -6.39872633E+03 -6.39808200E+03 -6.39766667E+03 -6.39856800E+03 -6.39824900E+03 -6.39718567E+03 -6.39831267E+03 -6.39951267E+03 -6.39970200E+03 -6.40107800E+03 -6.40202933E+03 -6.40041867E+03 -6.40211600E+03 -6.40314633E+03 -6.40431433E+03 -6.40576733E+03 -6.40637467E+03 -6.40588467E+03 -6.40613733E+03 -6.40587000E+03 -6.40550667E+03 -6.40416233E+03 -6.40524233E+03 -6.40565033E+03 
 -6.40440700E+03 -6.40588533E+03 -6.40470033E+03 -6.40500767E+03 -6.40614667E+03 -6.40810000E+03 -6.40767500E+03 -6.40980333E+03 -6.40974800E+03 -6.41041000E+03 -6.41199767E+03 -6.41279667E+03 -6.41337000E+03 -6.41298200E+03 -6.41427967E+03 -6.41433500E+03 -6.41560700E+03 -6.41602533E+03 -6.41447033E+03 -6.41602400E+03 -6.41637633E+03 -6.41774367E+03 -6.41624067E+03 -6.41625700E+03 -6.41587467E+03 
 -6.41586400E+03 -6.41715033E+03 -6.41787100E+03 -6.41766000E+03 -6.41919733E+03 -6.42129133E+03 -6.42091300E+03 -6.42086000E+03 -6.42173600E+03 -6.42201467E+03 -6.42159533E+03 -6.42266467E+03 -6.42484667E+03 -6.42450533E+03 -6.42505233E+03 -6.42464467E+03 -6.42419200E+03 -6.42433733E+03 -6.42462700E+03 -6.42479333E+03 -6.42590133E+03 -6.42625933E+03 -6.42557367E+03 -6.42432800E+03 -6.42668700E+03 
 -6.42542233E+03 -6.42623533E+03 -6.42843033E+03 -6.42888600E+03 -6.42901567E+03 -6.43015400E+03 -6.42992167E+03 -6.43016867E+03 -6.43188567E+03 -6.43166533E+03 -6.43103800E+03 -6.43193467E+03 -6.43161967E+03 -6.43115500E+03 -6.43125600E+03 -6.43153967E+03 -6.43216900E+03 -6.43205700E+03 -6.43369167E+03 -6.43402000E+03 -6.43377200E+03 -6.43504533E+03 -6.43492200E+03 -6.43515933E+03 -6.43589867E+03 
 -6.43546333E+03 -6.43606500E+03 -6.43706167E+03 -6.43674333E+03 -6.43737967E+03 -6.43705367E+03 -6.43672933E+03 -6.43914733E+03 -6.43834833E+03 -6.43904400E+03 -6.43903967E+03 -6.44013800E+03 -6.43972167E+03 -6.43978733E+03 -6.44059300E+03 -6.44092433E+03 -6.44093633E+03 -6.44123767E+03 -6.44116367E+03 -6.44205000E+03 -6.44267567E+03 -6.44368133E+03 -6.44354767E+03 -6.44272067E+03 -6.44288967E+03 
 -6.44324600E+03 -6.44356967E+03 -6.44334633E+03 -6.44505733E+03 -6.44563867E+03 -6.44538467E+03 -6.44553200E+03 -6.44501167E+03 -6.44495700E+03 -6.44396133E+03 -6.44447133E+03 -6.44470433E+03 -6.44633233E+03 -6.44564200E+03 -6.44593800E+03 -6.44648833E+03 -6.44594233E+03 -6.44618200E+03 -6.44650267E+03 -6.44670433E+03 -6.44778633E+03 -6.44754467E+03 -6.44766167E+03 -6.44802700E+03 -6.44941367E+03 
 -6.44953067E+03 -6.44975233E+03 -6.45046900E+03 -6.45005200E+03 -6.45019000E+03 -6.45035067E+03 -6.45090067E+03 -6.45187733E+03 -6.45158767E+03 -6.45211433E+03 -6.45138033E+03 -6.45188567E+03 -6.45226633E+03 -6.45131633E+03 -6.45259033E+03 -6.45335167E+03 -6.45395600E+03 -6.45322433E+03 -6.45420133E+03 -6.45401133E+03 -6.45448467E+03 -6.45492000E+03 -6.45503900E+03 -6.45589600E+03 -6.45671033E+03 
 -6.45709667E+03 -6.45679733E+03 -6.45819100E+03 -6.45780000E+03 -6.45822733E+03 -6.45826433E+03 -6.45852900E+03 -6.45963700E+03 -6.45948567E+03 -6.46001633E+03 -6.45970600E+03 -6.46006400E+03 -6.46024100E+03 -6.46030000E+03 -6.46037200E+03 -6.46064700E+03 -6.46166333E+03 -6.46188433E+03 -6.46158167E+03 -6.46136333E+03 -6.46098200E+03 -6.46210033E+03 -6.46268200E+03 -6.46242433E+03 -6.46302800E+03 
 -6.46411600E+03 -6.46383000E+03 -6.46430667E+03 -6.46406000E+03 -6.46358233E+03 -6.46419300E+03 -6.46476767E+03 -6.46628967E+03 -6.46569533E+03 -6.46585233E+03 -6.46570733E+03 -6.46554100E+03 -6.46631667E+03 -6.46625133E+03 -6.46598233E+03 -6.46670667E+03 -6.46696100E+03 -6.46714233E+03 -6.46764633E+03 -6.46830200E+03 -6.46773933E+03 -6.46840233E+03 -6.46781200E+03 -6.46803233E+03 -6.46780200E+03 
 -6.46821900E+03 -6.46862633E+03 -6.46929633E+03 -6.46936467E+03 -6.46972867E+03 -6.47009600E+03 -6.47032533E+03 -6.46992700E+03 -6.46961800E+03 -6.47011533E+03 -6.47035800E+03 -6.47122267E+03 -6.47096367E+03 -6.47138667E+03 -6.47061033E+03 -6.47130933E+03 -6.47062633E+03 -6.47157033E+03 -6.47151500E+03 -6.47120067E+03 -6.47224700E+03 -6.47180933E+03 -6.47182133E+03 -6.47264333E+03 -6.47377633E+03 
 -6.47342833E+03 -6.47243233E+03 -6.47235567E+03 -6.47199567E+03 -6.47179567E+03 -6.47253600E+03 -6.47286200E+03 -6.47367367E+03 -6.47358900E+03 -6.47442133E+03 -6.47535400E+03 -6.47493100E+03 -6.47591067E+03 -6.47542367E+03 -6.47550000E+03 -6.47530167E+03 -6.47630367E+03 -6.47587433E+03 -6.47677500E+03 -6.47742467E+03 -6.47854100E+03 -6.47890400E+03 -6.47878100E+03 -6.47750433E+03 -6.47754033E+03 
 -6.47693967E+03 -6.47784200E+03 -6.47851933E+03 -6.47871333E+03 -6.47882533E+03 -6.47899967E+03 -6.47909500E+03 -6.48021367E+03 -6.48020733E+03 -6.48087067E+03 -6.48065600E+03 -6.48101733E+03 -6.48146600E+03 -6.48125733E+03 -6.48168633E+03 -6.48213667E+03 -6.48277200E+03 -6.48294000E+03 -6.48248100E+03 -6.48152267E+03 -6.48195633E+03 -6.48209700E+03 -6.48245300E+03 -6.48220067E+03 -6.48161700E+03 
 -6.48150400E+03 -6.48229467E+03 -6.48269100E+03 -6.48305833E+03 -6.48324367E+03 -6.48327000E+03 -6.48314400E+03 -6.48320333E+03 -6.48381467E+03 -6.48508067E+03 -6.48410433E+03 -6.48448000E+03 -6.48573767E+03 -6.48527900E+03 -6.48546833E+03 -6.48571267E+03 -6.48537433E+03 -6.48581767E+03 -6.48568567E+03 -6.48545000E+03 -6.48546967E+03 -6.48576100E+03 -6.48600067E+03 -6.48603367E+03 -6.48583933E+03 
 -6.48620167E+03 -6.48672533E+03 -6.48632967E+03 -6.48681200E+03 -6.48742000E+03 -6.48775800E+03 -6.48703400E+03 -6.48704500E+03 -6.48680667E+03 -6.48701933E+03 -6.48596733E+03 -6.48711167E+03 -6.48742600E+03 -6.48810733E+03 -6.48748033E+03 -6.48887967E+03 -6.48859033E+03 -6.48935433E+03 -6.48859800E+03 -6.48894400E+03 -6.48868767E+03 -6.48897200E+03 -6.48927200E+03 -6.48985167E+03 -6.48928567E+03 
 -6.48972400E+03 -6.48965000E+03 -6.48861333E+03 -6.48896533E+03 -6.48819167E+03 -6.48913300E+03 -6.48850333E+03 -6.48797600E+03 -6.48723300E+03 -6.48747200E+03 -6.48689500E+03 -6.48704733E+03 -6.48624567E+03 -6.48574200E+03 -6.48486833E+03 -6.48350067E+03 -6.48434633E+03 -6.48497100E+03 -6.48473667E+03 -6.48459667E+03 -6.48568367E+03 -6.48586000E+03 -6.48483867E+03 -6.48507267E+03 -6.48553167E+03 
 -6.48540300E+03 -6.48537733E+03 -6.48500100E+03 -6.48435733E+03 -6.48456000E+03 -6.48439633E+03 -6.48464833E+03 -6.48453233E+03 -6.48481200E+03 -6.48448767E+03 -6.48540100E+03 -6.48516800E+03 -6.48386967E+03 -6.48499600E+03 -6.48487100E+03 -6.48461933E+03 -6.48509967E+03 -6.48499600E+03 -6.48554167E+03 -6.48416433E+03 -6.48469900E+03 -6.48445000E+03 -6.48450800E+03 -6.48328033E+03 -6.48258367E+03 
 -6.48394700E+03 -6.48352267E+03 -6.48407867E+03 -6.48393300E+03 -6.48321233E+03 -6.48278600E+03 -6.48305333E+03 -6.48183733E+03 -6.48267767E+03 -6.48262633E+03 -6.48090500E+03 -6.48089533E+03 -6.47967967E+03 -6.47989267E+03 -6.48009567E+03 -6.47957833E+03 -6.48047600E+03 -6.48029867E+03 -6.48056500E+03 -6.48039067E+03 -6.47938867E+03 -6.47981167E+03 -6.47974933E+03 -6.48025967E+03 -6.47945400E+03 
 -6.47926667E+03 -6.47882200E+03 -6.47870967E+03 -6.47748467E+03 -6.47736167E+03 -6.47804367E+03 -6.47683233E+03 -6.47739300E+03 -6.47645433E+03 -6.47644767E+03 -6.47654033E+03 -6.47701300E+03 -6.47694033E+03 -6.47715300E+03 -6.47691933E+03 -6.47696767E+03 -6.47695500E+03 -6.47737900E+03 -6.47645867E+03 -6.47665400E+03 -6.47623300E+03 -6.47529400E+03 -6.47592633E+03 -6.47574233E+03 -6.47488200E+03 
 -6.47569667E+03 -6.47476233E+03 -6.47435633E+03 -6.47362767E+03 -6.47246900E+03 -6.47198067E+03 -6.47212567E+03 -6.47223400E+03 -6.47169300E+03 -6.47162400E+03 -6.47090833E+03 -6.47107500E+03 -6.47001100E+03 -6.47145367E+03 -6.47131100E+03 -6.47061300E+03 -6.47058133E+03 -6.46961267E+03 -6.47001300E+03 -6.46942767E+03 -6.46895833E+03 -6.46876400E+03 -6.46834267E+03 -6.46929133E+03 -6.46828267E+03 
 -6.46838400E+03 -6.46911467E+03 -6.46793100E+03 -6.46877733E+03 -6.46850267E+03 -6.46725067E+03 -6.46810500E+03 -6.46873367E+03 -6.46724033E+03 -6.46840567E+03 -6.46843300E+03 -6.46827900E+03 -6.46796900E+03 -6.46801733E+03 -6.46861400E+03 -6.46813000E+03 -6.46818667E+03 -6.46657733E+03 -6.46774567E+03 -6.46795667E+03 -6.46781967E+03 -6.46768600E+03 -6.46722533E+03 -6.46686533E+03 -6.46730133E+03 
 -6.46731533E+03 -6.46633000E+03 -6.46670867E+03 -6.46620333E+03 -6.46494033E+03 -6.46543300E+03 -6.46584633E+03 -6.46558867E+03 -6.46451367E+03 -6.46540367E+03 -6.46468600E+03 -6.46458633E+03 -6.46340100E+03 -6.46380067E+03 -6.46257033E+03 -6.46264667E+03 -6.46241500E+03 -6.46234433E+03 -6.46242533E+03 -6.46174833E+03 -6.46232033E+03 -6.46200867E+03 -6.46176200E+03 -6.46137433E+03 -6.46064033E+03 
 -6.45968267E+03 -6.45974433E+03 -6.45956467E+03 -6.45835000E+03 -6.45696200E+03 -6.45670533E+03 -6.45689733E+03 -6.45724600E+03 -6.45678300E+03 -6.45692900E+03 -6.45551733E+03 -6.45566700E+03 -6.45557967E+03 -6.45528300E+03 -6.45544100E+03 -6.45457267E+03 -6.45548600E+03 -6.45488000E+03 -6.45431133E+03 -6.45398600E+03 -6.45375433E+03 -6.45511467E+03 -6.45451167E+03 -6.45472733E+03 -6.45405167E+03 
 -6.45532200E+03 -6.45283867E+03 -6.45218767E+03 -6.45249100E+03 -6.45197300E+03 -6.45154033E+03 -6.45080433E+03 -6.45141567E+03 -6.45025933E+03 -6.45139267E+03 -6.45148067E+03 -6.45020633E+03 -6.45091567E+03 -6.44997200E+03 -6.45033000E+03 -6.45154300E+03 -6.45036933E+03 -6.44976933E+03 -6.45022100E+03 -6.44977300E+03 -6.44934133E+03 -6.44879233E+03 -6.44886900E+03 -6.44913400E+03 -6.44941900E+03 
 -6.45044400E+03 -6.44790800E+03 -6.44753033E+03 -6.44770133E+03 -6.44644900E+03 -6.44554733E+03 -6.44470033E+03 -6.44347567E+03 -6.44308800E+03 -6.44356400E+03 -6.44366133E+03 -6.44303700E+03 -6.44301833E+03 -6.44349533E+03 -6.44266867E+03 -6.44429833E+03 -6.44327600E+03 -6.44259567E+03 -6.44289600E+03 -6.44240533E+03 -6.44213733E+03 -6.44213300E+03 -6.44272633E+03 -6.44183367E+03 -6.44260433E+03 
 -6.44239767E+03 -6.44108000E+03 -6.44036000E+03 -6.44065800E+03 -6.44010700E+03 -6.44046600E+03 -6.43955700E+03 -6.43882400E+03 -6.43799333E+03 -6.43864700E+03 -6.43877533E+03 -6.43821733E+03 -6.43778533E+03 -6.43733600E+03 -6.43726133E+03 -6.43703833E+03 -6.43671000E+03 -6.43731067E+03 -6.43681833E+03 -6.43656600E+03 -6.43620433E+03 -6.43678033E+03 -6.43661333E+03 -6.43685767E+03 -6.43732667E+03 
 -6.43726600E+03 -6.43614067E+03 -6.43545800E+03 -6.43517200E+03 -6.43414833E+03 -6.43340900E+03 -6.43381633E+03 -6.43225000E+03 -6.43198867E+03 -6.43158933E+03 -6.43041600E+03 -6.43155533E+03 -6.43116333E+03 -6.43177367E+03 -6.43085700E+03 -6.43044167E+03 -6.43123233E+03 -6.43102867E+03 -6.42895533E+03 -6.42977600E+03 -6.42874467E+03 -6.42842367E+03 -6.42856267E+03 -6.42810033E+03 -6.42828867E+03 
 -6.42894967E+03 -6.42830867E+03 -6.42729900E+03 -6.42696167E+03 -6.42456700E+03 -6.42440200E+03 -6.42425400E+03 -6.42406067E+03 -6.42378633E+03 -6.42605433E+03 -6.42515467E+03 -6.42435433E+03 -6.42422300E+03 -6.42272333E+03 -6.42217867E+03 -6.42303733E+03 -6.42309200E+03 -6.42173867E+03 -6.42076433E+03 -6.42002433E+03 -6.42039533E+03 -6.42024500E+03 -6.41899967E+03 -6.42023500E+03 -6.42012367E+03 
 -6.42057533E+03 -6.41893700E+03 -6.41847000E+03 -6.41827400E+03 -6.41738000E+03 -6.41693833E+03 -6.41670167E+03 -6.41478433E+03 -6.41349433E+03 -6.41312200E+03 -6.41203533E+03 -6.41182767E+03 -6.41191600E+03 -6.41176167E+03 -6.41158600E+03 -6.41124833E+03 -6.41100600E+03 -6.41086800E+03 -6.41110400E+03 -6.40974067E+03 -6.40930833E+03 -6.40817667E+03 -6.40768567E+03 -6.40634300E+03 -6.40629533E+03 
 -6.40521933E+03 -6.40480333E+03 -6.40390167E+03 -6.40217600E+03 -6.40328967E+03 -6.40217200E+03 -6.40005833E+03 -6.40039300E+03 -6.39918600E+03 -6.39893633E+03 -6.39871633E+03 -6.39720967E+03 -6.39595433E+03 -6.39587533E+03 -6.39564700E+03 -6.39658533E+03 -6.39538067E+03 -6.39496533E+03 -6.39520267E+03 -6.39597267E+03 -6.39472367E+03 -6.39303733E+03 -6.39285933E+03 -6.39145033E+03 -6.39068700E+03 
 -6.39049500E+03 -6.39012067E+03 -6.38803100E+03 -6.38829667E+03 -6.38770967E+03 -6.38724767E+03 -6.38665100E+03 -6.38878633E+03 -6.38744700E+03 -6.38767767E+03 -6.38634833E+03 -6.38695800E+03 -6.38522933E+03 -6.38485967E+03 -6.38493567E+03 -6.38458167E+03 -6.38577800E+03 -6.38322100E+03 -6.38403700E+03 -6.38438533E+03 -6.38490133E+03 -6.38523233E+03 -6.38357567E+03 -6.38338733E+03 -6.38349100E+03 
 -6.38306367E+03 -6.38122000E+03 -6.38206767E+03 -6.38085033E+03 -6.37985300E+03 -6.37867267E+03 -6.37740300E+03 -6.37669167E+03 -6.37493900E+03 -6.37397367E+03 -6.37244767E+03 -6.37278400E+03 -6.37446733E+03 -6.37267067E+03 -6.37349933E+03 -6.37471000E+03 -6.37312633E+03 -6.37509733E+03 -6.37328900E+03 -6.37500133E+03 -6.37426133E+03 -6.37402800E+03 -6.37308067E+03 -6.37383333E+03 -6.37226400E+03 
 -6.37163933E+03 -6.37114533E+03 -6.37074100E+03 -6.37046933E+03 -6.36960933E+03 -6.36741500E+03 -6.36727800E+03 -6.36547400E+03 -6.36520267E+03 -6.36545467E+03 -6.36437333E+03 -6.36479700E+03 -6.36325300E+03 -6.36416567E+03 -6.36307700E+03 -6.36425767E+03 -6.36351533E+03 -6.36166233E+03 -6.36097000E+03 -6.36006867E+03 -6.35933567E+03 -6.35916667E+03 -6.35919200E+03 -6.35945267E+03 -6.35754833E+03 
 -6.35831667E+03 -6.35793800E+03 -6.35466933E+03 -6.35464100E+03 -6.35301567E+03 -6.35286467E+03 -6.35160967E+03 -6.35116500E+03 -6.35131267E+03 -6.35029767E+03 -6.34901300E+03 -6.34893833E+03 -6.34663800E+03 -6.34540333E+03 -6.34360667E+03 -6.34438667E+03 -6.34460700E+03 -6.34528567E+03 -6.34497600E+03 -6.34329900E+03 -6.34350300E+03 -6.34401167E+03 -6.34336433E+03 -6.34423567E+03 -6.34174900E+03 
 -6.34044933E+03 -6.33951900E+03 -6.33758367E+03 -6.33732333E+03 -6.33585433E+03 -6.33536567E+03 -6.33424367E+03 -6.33396700E+03 -6.33128667E+03 -6.33104600E+03 -6.33154500E+03 -6.32987667E+03 -6.33061900E+03 -6.33032500E+03 -6.32964300E+03 -6.32904967E+03 -6.32814600E+03 -6.32715667E+03 -6.32731533E+03 -6.32683867E+03 -6.32489467E+03 -6.32402900E+03 -6.32431033E+03 -6.32404400E+03 -6.32315167E+03 
 -6.32311600E+03 -6.32177000E+03 -6.31997767E+03 -6.31748367E+03 -6.31706967E+03 -6.31690167E+03 -6.31536067E+03 -6.31696700E+03 -6.31547133E+03 -6.31325867E+03 -6.31277800E+03 -6.31079133E+03 -6.31039367E+03 -6.30911867E+03 -6.30824867E+03 -6.30790333E+03 -6.30724833E+03 -6.30700267E+03 -6.30741533E+03 -6.30593933E+03 -6.30761533E+03 -6.30669467E+03 -6.30641933E+03 -6.30592300E+03 -6.30737233E+03 
 -6.30448900E+03 -6.30277567E+03 -6.30105667E+03 -6.29776433E+03 -6.29630733E+03 -6.29376500E+03 -6.29235200E+03 -6.29046800E+03 -6.28907567E+03 -6.28899600E+03 -6.28726900E+03 -6.28509400E+03 -6.28444267E+03 -6.28372967E+03 -6.28203367E+03 -6.28118067E+03 -6.28076633E+03 -6.27748467E+03 -6.27723900E+03 -6.27574833E+03 -6.27604967E+03 -6.27408900E+03 -6.27412233E+03 -6.27172667E+03 -6.27105700E+03 
 -6.27320967E+03 -6.27103667E+03 -6.27133900E+03 -6.27004167E+03 -6.26891900E+03 -6.26790100E+03 -6.26573500E+03 -6.26682900E+03 -6.26602933E+03 -6.26485467E+03 -6.26421233E+03 -6.26202467E+03 -6.26040167E+03 -6.25993467E+03 -6.25849433E+03 -6.25860133E+03 -6.25620267E+03 -6.25677800E+03 -6.25485633E+03 -6.25461567E+03 -6.25491167E+03 -6.25421067E+03 -6.25293767E+03 -6.25223500E+03 -6.25039467E+03 
 -6.24939833E+03 -6.24560933E+03 -6.24290467E+03 -6.24156000E+03 -6.23955833E+03 -6.23815467E+03 -6.23593267E+03 -6.23591400E+03 -6.23445533E+03 -6.23353633E+03 -6.23380033E+03 -6.23167733E+03 -6.23125633E+03 -6.23081967E+03 -6.22911467E+03 -6.22655067E+03 -6.22656133E+03 -6.22395367E+03 -6.22338067E+03 -6.22168900E+03 -6.21935833E+03 -6.21944733E+03 -6.21789033E+03 -6.21554233E+03 -6.21435400E+03 
 -6.21392067E+03 -6.21184900E+03 -6.20807800E+03 -6.20827467E+03 -6.20675800E+03 -6.20488567E+03 -6.20195767E+03 -6.20096667E+03 -6.19896167E+03 -6.19680033E+03 -6.19644967E+03 -6.19499467E+03 -6.19370067E+03 -6.19047933E+03 -6.18962900E+03 -6.18749800E+03 -6.18793100E+03 -6.18546467E+03 -6.18397633E+03 -6.18464867E+03 -6.18385767E+03 -6.18449867E+03 -6.18284400E+03 -6.18158300E+03 -6.18045933E+03 
 -6.17919533E+03 -6.17524133E+03 -6.17399467E+03 -6.17068967E+03 -6.16903900E+03 -6.16647400E+03 -6.16363133E+03 -6.16156567E+03 -6.16029867E+03 -6.15770800E+03 -6.15510067E+03 -6.15131533E+03 -6.15122100E+03 -6.14921967E+03 -6.14729167E+03 -6.14449633E+03 -6.14293367E+03 -6.14052100E+03 -6.13997167E+03 -6.13932400E+03 -6.13939400E+03 -6.13733333E+03 -6.13470567E+03 -6.13354133E+03 -6.13103933E+03 
 -6.13016767E+03 -6.12684433E+03 -6.12501767E+03 -6.12293467E+03 -6.12047200E+03 -6.11673333E+03 -6.11392533E+03 -6.11259067E+03 -6.11051000E+03 -6.10977033E+03 -6.10812800E+03 -6.10766967E+03 -6.10615433E+03 -6.10315700E+03 -6.10270033E+03 -6.10102800E+03 -6.10079433E+03 -6.09744000E+03 -6.09684400E+03 -6.09538633E+03 -6.09502033E+03 -6.09334700E+03 -6.09476233E+03 -6.09408633E+03 -6.09253833E+03 
 -6.09065900E+03 -6.08488933E+03 -6.08355067E+03 -6.08104767E+03 -6.07754933E+03 -6.07431267E+03 -6.06862900E+03 -6.06647233E+03 -6.06446267E+03 -6.06331067E+03 -6.06153167E+03 -6.05999300E+03 -6.05745300E+03 -6.05718933E+03 -6.05172700E+03 -6.04948533E+03 -6.04831567E+03 -6.04705967E+03 -6.04443000E+03 -6.04391700E+03 -6.04268300E+03 -6.04106033E+03 -6.03737433E+03 -6.03393133E+03 -6.03294533E+03 
 -6.03076700E+03 -6.02791833E+03 -6.02459067E+03 -6.02171067E+03 -6.02088800E+03 -6.01629167E+03 -6.01321433E+03 -6.01130933E+03 -6.00960067E+03 -6.00806167E+03 -6.00600500E+03 -6.00270833E+03 -5.99939400E+03 -5.99393700E+03 -5.99091967E+03 -5.98901967E+03 -5.98472800E+03 -5.98174300E+03 -5.97858300E+03 -5.97787633E+03 -5.97603367E+03 -5.97446200E+03 -5.97207733E+03 -5.96929067E+03 -5.96623867E+03 
 -5.96383367E+03 -5.95958067E+03 -5.95508633E+03 -5.94944100E+03 -5.94791367E+03 -5.94405867E+03 -5.94123133E+03 -5.93946600E+03 -5.93667833E+03 -5.93281133E+03 -5.92888467E+03 -5.92252767E+03 -5.91990400E+03 -5.91857167E+03 -5.91484667E+03 -5.91430200E+03 -5.91217267E+03 -5.90908700E+03 -5.90708833E+03 -5.90449533E+03 -5.90015433E+03 -5.89728233E+03 -5.89441067E+03 -5.89258233E+03 -5.89096233E+03 
 -5.88944167E+03 -5.88495567E+03 -5.88129367E+03 -5.87619967E+03 -5.87255367E+03 -5.86893167E+03 -5.86472867E+03 -5.86053400E+03 -5.85578567E+03 -5.85233333E+03 -5.84667167E+03 -5.84506233E+03 -5.84363867E+03 -5.83933367E+03 -5.83564067E+03 -5.83117033E+03 -5.82756633E+03 -5.82495633E+03 -5.82419767E+03 -5.81738000E+03 -5.81343367E+03 -5.81335167E+03 -5.80860367E+03 -5.80586233E+03 -5.80197833E+03 
 -5.79851333E+03 -5.79206633E+03 -5.78936633E+03 -5.78506967E+03 -5.78328467E+03 -5.78030400E+03 -5.77308933E+03 -5.77018100E+03 -5.76211033E+03 -5.75616100E+03 -5.75356467E+03 -5.75107267E+03 -5.74713233E+03 -5.74501767E+03 -5.74213867E+03 -5.73927267E+03 -5.73507900E+03 -5.72950300E+03 -5.72579667E+03 -5.72104000E+03 -5.71710100E+03 -5.71428900E+03 -5.70817100E+03 -5.70674167E+03 -5.70486467E+03 
 -5.70167233E+03 -5.69451500E+03 -5.68824067E+03 -5.68402067E+03 -5.67933167E+03 -5.67143933E+03 -5.66424400E+03 -5.66026933E+03 -5.65155733E+03 -5.65006567E+03 -5.64318567E+03 -5.63719700E+03 -5.63588567E+03 -5.63206200E+03 -5.62798167E+03 -5.62138200E+03 -5.61769200E+03 -5.61242867E+03 -5.61059500E+03 -5.60684567E+03 -5.60389133E+03 -5.60000733E+03 -5.59742633E+03 -5.59166367E+03 -5.58803733E+03 
 -5.58392333E+03 -5.57838533E+03 -5.57187967E+03 -5.56587000E+03 -5.56113300E+03 -5.55273033E+03 -5.54879267E+03 -5.54086967E+03 -5.53504633E+03 -5.52789433E+03 -5.51961800E+03 -5.51157267E+03 -5.50306700E+03 -5.49832033E+03 -5.49180967E+03 -5.48596767E+03 -5.48075333E+03 -5.47553667E+03 -5.46999233E+03 -5.46845700E+03 -5.46474433E+03 -5.46136300E+03 -5.45551800E+03 -5.44836733E+03 -5.44763367E+03 
 -5.44452067E+03 -5.43914700E+03 -5.42918200E+03 -5.42202267E+03 -5.41465133E+03 -5.40801333E+03 -5.40155667E+03 -5.39480567E+03 -5.38967733E+03 -5.38311167E+03 -5.37605400E+03 -5.36921367E+03 -5.36114867E+03 -5.35613567E+03 -5.35034267E+03 -5.34446433E+03 -5.33844433E+03 -5.33238500E+03 -5.32644900E+03 -5.32157300E+03 -5.31604300E+03 -5.31049167E+03 -5.30627800E+03 -5.30314233E+03 -5.29564800E+03 
 -5.28983867E+03 -5.28054933E+03 -5.27138100E+03 -5.26238600E+03 -5.25356433E+03 -5.24361633E+03 -5.23473800E+03 -5.22713867E+03 -5.22354767E+03 -5.21406367E+03 -5.20592633E+03 -5.19460600E+03 -5.18845667E+03 -5.18185267E+03 -5.17457733E+03 -5.16806067E+03 -5.15995267E+03 -5.15244267E+03 -5.14644100E+03 -5.13939800E+03 -5.13212100E+03 -5.12851300E+03 -5.11933967E+03 -5.11431267E+03 -5.11014133E+03 
 -5.10439867E+03 -5.09462133E+03 -5.08578000E+03 -5.07883833E+03 -5.06766733E+03 -5.05817200E+03 -5.04514133E+03 -5.03671600E+03 -5.02895400E+03 -5.02107500E+03 -5.01178767E+03 -5.00305233E+03 -4.99488233E+03 -4.98638400E+03 -4.97894167E+03 -4.97179633E+03 -4.96371667E+03 -4.95454800E+03 -4.94522400E+03 -4.93630967E+03 -4.92698600E+03 -4.91953233E+03 -4.91551933E+03 -4.90941867E+03 -4.90246467E+03 
 -4.89622533E+03 -4.88283867E+03 -4.87514133E+03 -4.86078767E+03 -4.85180233E+03 -4.84531300E+03 -4.83781567E+03 -4.82894533E+03 -4.82069133E+03 -4.81306400E+03 -4.80187233E+03 -4.79236167E+03 -4.78604567E+03 -4.77243633E+03 -4.76079067E+03 -4.74815233E+03 -4.73844900E+03 -4.72684000E+03 -4.71999267E+03 -4.70952800E+03 -4.70469433E+03 -4.69400967E+03 -4.68379833E+03 -4.67824300E+03 -4.66790133E+03 
 -4.66071333E+03 -4.64875400E+03 -4.63394267E+03 -4.62511767E+03 -4.61564767E+03 -4.60382467E+03 -4.59427300E+03 -4.58070800E+03 -4.56547067E+03 -4.55517433E+03 -4.54542333E+03 -4.53358300E+03 -4.52382433E+03 -4.51511733E+03 -4.50525167E+03 -4.49704900E+03 -4.48758367E+03 -4.47610400E+03 -4.46335867E+03 -4.45373100E+03 -4.44370100E+03 -4.43413133E+03 -4.42442567E+03 -4.41675667E+03 -4.40686933E+03 
 -4.39993867E+03 -4.38382600E+03 -4.36850233E+03 -4.35236667E+03 -4.33816133E+03 -4.32174833E+03 -4.31080967E+03 -4.29612767E+03 -4.28500833E+03 -4.27288400E+03 -4.26483333E+03 -4.25112500E+03 -4.23762400E+03 -4.22490667E+03 -4.21056533E+03 -4.19887200E+03 -4.18902667E+03 -4.17697633E+03 -4.16294200E+03 -4.15136100E+03 -4.14122667E+03 -4.12699567E+03 -4.11387333E+03 -4.10383800E+03 -4.09629867E+03 
 -4.08224133E+03 -4.06704833E+03 -4.05258433E+03 -4.03615400E+03 -4.02236533E+03 -4.01047300E+03 -3.99545033E+03 -3.98137167E+03 -3.96633700E+03 -3.95359867E+03 -3.93725533E+03 -3.92439367E+03 -3.91234233E+03 -3.89716000E+03 -3.88551600E+03 -3.86731033E+03 -3.85443700E+03 -3.83928667E+03 -3.82789100E+03 -3.81853700E+03 -3.80732367E+03 -3.79602800E+03 -3.78256967E+03 -3.76936233E+03 -3.75899600E+03 
 -3.74524433E+03 -3.72852433E+03 -3.71290033E+03 -3.69623733E+03 -3.68105200E+03 -3.66362467E+03 -3.64978433E+03 -3.63234733E+03 -3.61838800E+03 -3.60715067E+03 -3.59156867E+03 -3.57973733E+03 -3.56286567E+03 -3.54817367E+03 -3.53304633E+03 -3.51855300E+03 -3.51047200E+03 -3.49857467E+03 -3.48594467E+03 -3.47381233E+03 -3.46197267E+03 -3.44886033E+03 -3.43257000E+03 -3.42196700E+03 -3.40846433E+03 
 -3.39420933E+03 -3.37664300E+03 -3.35759300E+03 -3.33994967E+03 -3.32466500E+03 -3.30640967E+03 -3.28802300E+03 -3.27307167E+03 -3.25799400E+03 -3.24204467E+03 -3.22723867E+03 -3.21368500E+03 -3.20225767E+03 -3.18317700E+03 -3.17014567E+03 -3.15583333E+03 -3.14384967E+03 -3.13206600E+03 -3.11733667E+03 -3.10615167E+03 -3.09279467E+03 -3.08088900E+03 -3.06550800E+03 -3.05319067E+03 -3.03933300E+03 
 -3.02648267E+03 -3.00760233E+03 -2.98852467E+03 -2.97072200E+03 -2.95305700E+03 -2.93813300E+03 -2.92316267E+03 -2.90864267E+03 -2.89126000E+03 -2.87268833E+03 -2.86065133E+03 -2.84316900E+03 -2.82690267E+03 -2.81582100E+03 -2.79910467E+03 -2.78249967E+03 -2.77104300E+03 -2.75553900E+03 -2.73940133E+03 -2.72650300E+03 -2.71474233E+03 -2.70152033E+03 -2.68627333E+03 -2.67054233E+03 -2.65705433E+03 
 -2.64700400E+03 -2.62683033E+03 -2.61198300E+03 -2.59525733E+03 -2.57543033E+03 -2.55535033E+03 -2.54170333E+03 -2.52821367E+03 -2.51076867E+03 -2.49803733E+03 -2.48419100E+03 -2.47129800E+03 -2.45751533E+03 -2.44556733E+03 -2.43321633E+03 -2.42166800E+03 -2.40697433E+03 -2.39043967E+03 -2.37779433E+03 -2.36662600E+03 -2.35439200E+03 -2.34605367E+03 -2.33499467E+03 -2.31937500E+03 -2.30964467E+03 
 -2.29745667E+03 -2.27915800E+03 -2.26046100E+03 -2.23980667E+03 -2.22306300E+03 -2.20734800E+03 -2.18650833E+03 -2.17348133E+03 -2.15756133E+03 -2.14223667E+03 -2.13070500E+03 -2.11578100E+03 -2.09831933E+03 -2.08354933E+03 -2.07326400E+03 -2.06216367E+03 -2.04938900E+03 -2.03593233E+03 -2.02435100E+03 -2.01324600E+03 -2.00028633E+03 -1.98740733E+03 -1.97676633E+03 -1.97219433E+03 -1.96538133E+03 
 -1.94894667E+03 -1.93138333E+03 -1.91285000E+03 -1.89932333E+03 -1.88408300E+03 -1.86798200E+03 -1.85037667E+03 -1.83357467E+03 -1.81978400E+03 -1.80753000E+03 -1.79501133E+03 -1.78032867E+03 -1.76631933E+03 -1.75417133E+03 -1.74236967E+03 -1.73161067E+03 -1.72337900E+03 -1.71026333E+03 -1.70318600E+03 -1.69147100E+03 -1.68265533E+03 -1.67718000E+03 -1.66614267E+03 -1.65741767E+03 -1.64373633E+03 
 -1.63798333E+03 -1.61980667E+03 -1.60913300E+03 -1.59421933E+03 -1.58406867E+03 -1.57393333E+03 -1.56082033E+03 -1.54827567E+03 -1.53715767E+03 -1.52830133E+03 -1.51562200E+03 -1.50601667E+03 -1.49327733E+03 -1.48154933E+03 -1.47014133E+03 -1.46267200E+03 -1.44990600E+03 -1.44292100E+03 -1.43402333E+03 -1.42616200E+03 -1.41965733E+03 -1.40606200E+03 -1.39981767E+03 -1.39320633E+03 -1.38333933E+03 
 -1.37432867E+03 -1.36363700E+03 -1.35332567E+03 -1.34182700E+03 -1.33215400E+03 -1.32088233E+03 -1.31108100E+03 -1.30151033E+03 -1.29019467E+03 -1.28544933E+03 -1.27406533E+03 -1.26721633E+03 -1.26114167E+03 -1.24839633E+03 -1.23847067E+03 -1.23192367E+03 -1.22115700E+03 -1.21348833E+03 -1.20803433E+03 -1.19664900E+03 -1.19223300E+03 -1.18490833E+03 -1.17788467E+03 -1.17152833E+03 -1.16818900E+03 
 -1.16043000E+03 -1.14829933E+03 -1.14005133E+03 -1.13123767E+03 -1.12009033E+03 -1.11341500E+03 -1.10478967E+03 -1.09322667E+03 -1.08653967E+03 -1.07647633E+03 -1.06947833E+03 -1.06374733E+03 -1.05551033E+03 -1.04740600E+03 -1.03804833E+03 -1.03376067E+03 -1.02693833E+03 -1.01830100E+03 -1.01084200E+03 -1.00696233E+03 -1.00268433E+03 -9.99897667E+02 -9.93479333E+02 -9.93118333E+02 -9.90459667E+02 
 -9.87007667E+02 -9.74164000E+02 -9.62442000E+02 -9.55027333E+02 -9.46532000E+02 -9.44490333E+02 -9.38797667E+02 -9.32431000E+02 -9.24318000E+02 -9.15378333E+02 -9.12692667E+02 -9.06604667E+02 -8.98966333E+02 -8.95006333E+02 -8.92083333E+02 -8.86813667E+02 -8.84204667E+02 -8.77898000E+02 -8.70116000E+02 -8.66878333E+02 -8.62380333E+02 -8.58559000E+02 -8.55192667E+02 -8.52876000E+02 -8.49058667E+02 
 -8.42812000E+02 -8.37869333E+02 -8.29533667E+02 -8.22114000E+02 -8.14406000E+02 -8.12008000E+02 -8.03362333E+02 -7.96360667E+02 -7.89988667E+02 -7.81695667E+02 -7.75543000E+02 -7.73694000E+02 -7.68598667E+02 -7.66680667E+02 -7.63422667E+02 -7.60124333E+02 -7.56707000E+02 -7.53517667E+02 -7.48469667E+02 -7.49145000E+02 -7.45508667E+02 -7.42937000E+02 -7.38483333E+02 -7.35007667E+02 -7.30041667E+02 
 -7.26416333E+02 -7.22657667E+02 -7.15722667E+02 -7.10492000E+02 -7.05536333E+02 -7.00936000E+02 -6.93763667E+02 -6.87706667E+02 -6.82392667E+02 -6.83364000E+02 -6.73162667E+02 -6.68862333E+02 -6.66955000E+02 -6.68198000E+02 -6.67536000E+02 -6.60929000E+02 -6.58922667E+02 -6.56752333E+02 -6.51991667E+02 -6.49890333E+02 -6.46007333E+02 -6.42667667E+02 -6.39224000E+02 -6.36815000E+02 -6.36992667E+02 
 -6.32345000E+02 -6.26478333E+02 -6.19126000E+02 -6.14942000E+02 -6.11804333E+02 -6.07692333E+02 -6.05539667E+02 -6.02096333E+02 -6.01583000E+02 -5.95959333E+02 -5.94860333E+02 -5.92627000E+02 -5.90326333E+02 -5.86950000E+02 -5.84311667E+02 -5.84646667E+02 -5.84003000E+02 -5.80010000E+02 -5.78015667E+02 -5.77416333E+02 -5.74053000E+02 -5.70904000E+02 -5.69726000E+02 -5.67066667E+02 -5.67770667E+02 
 -5.66717000E+02 -5.58035000E+02 -5.56485667E+02 -5.51702000E+02 -5.48724000E+02 -5.43019000E+02 -5.40174667E+02 -5.36568000E+02 -5.35032000E+02 -5.32154667E+02 -5.27845000E+02 -5.25759333E+02 -5.18418000E+02 -5.20813000E+02 -5.22445000E+02 -5.22621000E+02 -5.18889000E+02 -5.21709333E+02 -5.22393000E+02 -5.19660333E+02 -5.16433667E+02 -5.16505000E+02 -5.13840667E+02 -5.10907000E+02 -5.10037000E+02 
 -5.10576000E+02 -5.06288667E+02 -5.03867000E+02 -5.03373000E+02 -4.99628667E+02 -4.95717000E+02 -4.90970667E+02 -4.91127667E+02 -4.90535333E+02 -4.86332667E+02 -4.79741667E+02 -4.76557000E+02 -4.72569667E+02 -4.72460333E+02 -4.72911333E+02 -4.69117000E+02 -4.66857667E+02 -4.66989667E+02 -4.66114333E+02 -4.65554000E+02 -4.62550333E+02 -4.61246667E+02 -4.61299000E+02 -4.57053333E+02 -4.55001333E+02 
 -4.53655667E+02 -4.54253333E+02 -4.50176667E+02 -4.42620000E+02 -4.39117000E+02 -4.35503667E+02 -4.31403333E+02 -4.32750333E+02 -4.29103000E+02 -4.27947333E+02 -4.27472667E+02 -4.25601667E+02 -4.25162000E+02 -4.19094667E+02 -4.18759333E+02 -4.18454333E+02 -4.19067000E+02 -4.21383667E+02 -4.20016667E+02 -4.19571000E+02 -4.17146667E+02 -4.16522667E+02 -4.19078333E+02 -4.20319000E+02 -4.18182333E+02 
 -4.16088333E+02 -4.09784667E+02 -4.07693333E+02 -4.07132333E+02 -4.03867333E+02 -3.99911000E+02 -3.98422000E+02 -3.94802667E+02 -3.92851000E+02 -3.90258000E+02 -3.86185000E+02 -3.87088333E+02 -3.87051667E+02 -3.86006000E+02 -3.86322667E+02 -3.85752333E+02 -3.86393000E+02 -3.86471667E+02 -3.85015667E+02 -3.85943667E+02 -3.84244000E+02 -3.82212000E+02 -3.85905333E+02 -3.85280333E+02 -3.81292333E+02 
 -3.82286000E+02 -3.73864000E+02 -3.73500333E+02 -3.66528000E+02 -3.66512000E+02 -3.64143667E+02 -3.61044000E+02 -3.65756667E+02 -3.62803000E+02 -3.59492000E+02 -3.57886667E+02 -3.56606667E+02 -3.54962667E+02 -3.56165667E+02 -3.56461667E+02 -3.56179000E+02 -3.57232333E+02 -3.53158000E+02 -3.50474000E+02 -3.50505667E+02 -3.52756667E+02 -3.53497333E+02 -3.54914667E+02 -3.50882667E+02 -3.47756333E+02 
 -3.47565667E+02 -3.42365333E+02 -3.40905667E+02 -3.38343000E+02 -3.32191333E+02 -3.31306667E+02 -3.29554333E+02 -3.29042333E+02 -3.26935333E+02 -3.25595333E+02 -3.27536000E+02 -3.25141000E+02 -3.22633000E+02 -3.22598667E+02 -3.21717333E+02 -3.21339333E+02 -3.17983000E+02 -3.16764333E+02 -3.14147333E+02 -3.13287333E+02 -3.10210333E+02 -3.08606000E+02 -3.10832667E+02 -3.13513333E+02 -3.15860667E+02 
 -3.14057333E+02 -3.10904667E+02 -3.06581667E+02 -3.06228667E+02 -3.06329000E+02 -3.04024333E+02 -3.02538667E+02 -3.01458333E+02 -2.99936000E+02 -3.01165333E+02 -2.99824000E+02 -2.97501333E+02 -2.97500667E+02 -2.96080667E+02 -2.96109333E+02 -2.96939333E+02 -2.94196333E+02 -2.94327000E+02 -2.94333000E+02 -2.92842000E+02 -2.96615667E+02 -2.95081333E+02 -2.94949333E+02 -2.96382000E+02 -2.95063000E+02 
 -2.97403000E+02 -2.95394333E+02 -2.91361000E+02 -2.87192000E+02 -2.83233000E+02 -2.80884000E+02 -2.80189333E+02 -2.78305000E+02 -2.79662667E+02 -2.77076333E+02 -2.75864000E+02 -2.76890000E+02 -2.75366000E+02 -2.74440667E+02 -2.73002000E+02 -2.72573000E+02 -2.72549000E+02 -2.71969000E+02 -2.71409333E+02 -2.70344667E+02 -2.69575667E+02 -2.71574000E+02 -2.72227667E+02 -2.77981333E+02 -2.77134333E+02 
 -2.75511667E+02 -2.70065333E+02 -2.69038667E+02 -2.68394333E+02 -2.68769333E+02 -2.65056000E+02 -2.63781333E+02 -2.60710667E+02 -2.58509000E+02 -2.57702333E+02 -2.55826667E+02 -2.52738667E+02 -2.51429667E+02 -2.53142667E+02 -2.56342667E+02 -2.57929667E+02 -2.55585667E+02 -2.55463000E+02 -2.55297000E+02 -2.55286667E+02 -2.54572333E+02 -2.56371000E+02 -2.58659667E+02 -2.57272333E+02 -2.54858333E+02 
 -2.55603000E+02 -2.53840333E+02 -2.52056000E+02 -2.52485000E+02 -2.50838667E+02 -2.50878333E+02 -2.45592667E+02 -2.44940667E+02 -2.44835000E+02 -2.39976667E+02 -2.37754000E+02 -2.36846667E+02 -2.38323667E+02 -2.37216000E+02 -2.36648333E+02 -2.37290333E+02 -2.38922667E+02 -2.38248667E+02 -2.36739333E+02 -2.33661667E+02 -2.35779667E+02 -2.34824667E+02 -2.37335000E+02 -2.35131333E+02 -2.36530667E+02 
 -2.36833667E+02 -2.32741000E+02 -2.34777667E+02 -2.31685667E+02 -2.31262333E+02 -2.28564667E+02 -2.23414000E+02 -2.25379000E+02 -2.24785000E+02 -2.24048000E+02 -2.24130000E+02 -2.22992000E+02 -2.26007333E+02 -2.26452667E+02 -2.26720333E+02 -2.24303667E+02 -2.26416000E+02 -2.23539667E+02 -2.23586667E+02 -2.21531000E+02 -2.24284000E+02 -2.23020333E+02 -2.23606000E+02 -2.21510333E+02 -2.23432667E+02 
 -2.21335667E+02 -2.16337000E+02 -2.14263000E+02 -2.12429000E+02 -2.14958333E+02 -2.15193667E+02 -2.14665333E+02 -2.14740667E+02 -2.09337000E+02 -2.09467000E+02 -2.11105000E+02 -2.11207667E+02 -2.11924000E+02 -2.12266333E+02 -2.10233000E+02 -2.09576333E+02 -2.09816667E+02 -2.09027333E+02 -2.11439333E+02 -2.08919333E+02 -2.08137333E+02 -2.08800000E+02 -2.10438667E+02 -2.08828333E+02 -2.09617667E+02 
 -2.06019333E+02 -2.02884333E+02 -1.99980000E+02 -1.99400000E+02 -1.98116333E+02 -2.00636333E+02 -2.00086000E+02 -2.01573667E+02 -2.02460667E+02 -2.03135333E+02 -2.02055000E+02 -2.01328333E+02 -2.01691667E+02 -1.99438333E+02 -1.97550333E+02 -1.99481000E+02 -1.98255333E+02 -1.97764667E+02 -1.97082667E+02 -1.96896000E+02 -1.95857333E+02 -1.95431667E+02 -1.96487000E+02 -1.97735333E+02 -1.97563000E+02 
 -1.98781000E+02 -1.96511000E+02 -1.97045333E+02 -1.93802667E+02 -1.93063667E+02 -1.91549667E+02 -1.89144000E+02 -1.91236667E+02 -1.89377333E+02 -1.89015000E+02 -1.88788333E+02 -1.89499333E+02 -1.89999667E+02 -1.89526000E+02 -1.90416000E+02 -1.88415333E+02 -1.91493667E+02 -1.89720667E+02 -1.89794333E+02 -1.88098333E+02 -1.86958333E+02 -1.87055333E+02 -1.87748667E+02 -1.87626667E+02 -1.88290333E+02 
 -1.86495000E+02 -1.88284333E+02 -1.83748000E+02 -1.82308000E+02 -1.81662667E+02 -1.79384667E+02 -1.78488667E+02 -1.80820000E+02 -1.78860667E+02 -1.78037333E+02 -1.77272667E+02 -1.79711333E+02 -1.78696000E+02 -1.79375333E+02 -1.78178333E+02 -1.77238333E+02 -1.77942667E+02 -1.77961000E+02 -1.77583333E+02 -1.76017000E+02 -1.76594667E+02 -1.78142000E+02 -1.77062333E+02 -1.77488000E+02 -1.78626333E+02 
 -1.76486000E+02 -1.74749000E+02 -1.73279000E+02 -1.70520333E+02 -1.70288667E+02 -1.66961667E+02 -1.66960000E+02 -1.65279333E+02 -1.67248000E+02 -1.68481667E+02 -1.66784000E+02 -1.67024667E+02 -1.66870667E+02 -1.66710333E+02 -1.68596333E+02 -1.67847333E+02 -1.66091667E+02 -1.64991000E+02 -1.66292000E+02 -1.64234000E+02 -1.66498333E+02 -1.67123667E+02 -1.66890000E+02 -1.67958667E+02 -1.67082667E+02 
 -1.66955667E+02 -1.64426333E+02 -1.61685000E+02 -1.60819667E+02 -1.61757333E+02 -1.60157667E+02 -1.59774333E+02 -1.57848000E+02 -1.58117333E+02 -1.58333000E+02 -1.60051667E+02 -1.60823667E+02 -1.60729000E+02 -1.60717667E+02 -1.63258333E+02 -1.59930000E+02 -1.59529333E+02 -1.59951000E+02 -1.59289000E+02 -1.60907333E+02 -1.62369667E+02 -1.61771000E+02 -1.61263667E+02 -1.61173667E+02 -1.59348333E+02 
 -1.61203333E+02 -1.56293000E+02 -1.54396333E+02 -1.51621333E+02 -1.52300667E+02 -1.51172333E+02 -1.49991333E+02 -1.51138667E+02 -1.53312667E+02 -1.53840000E+02 -1.51152333E+02 -1.52003667E+02 -1.51809000E+02 -1.51473667E+02 -1.51994333E+02 -1.53519000E+02 -1.52519000E+02 -1.51074667E+02 -1.51690333E+02 -1.51960333E+02 -1.50351667E+02 -1.50344000E+02 -1.50204000E+02 -1.51716000E+02 -1.53666000E+02 
 -1.54895333E+02 -1.52226667E+02 -1.50862667E+02 -1.47900000E+02 -1.47256333E+02 -1.47329333E+02 -1.47941000E+02 -1.45790667E+02 -1.45951333E+02 -1.46589333E+02 -1.46578667E+02 -1.46270000E+02 -1.45080000E+02 -1.47762000E+02 -1.45682333E+02 -1.46637667E+02 -1.48640667E+02 -1.46374000E+02 -1.46205667E+02 -1.43723333E+02 -1.45483000E+02 -1.45496000E+02 -1.46657333E+02 -1.46087333E+02 -1.47265333E+02 
 -1.46764667E+02 -1.45540000E+02 -1.45222667E+02 -1.43373000E+02 -1.41189667E+02 -1.39840333E+02 -1.39110667E+02 -1.42479000E+02 -1.40984000E+02 -1.38210667E+02 -1.39602333E+02 -1.39558667E+02 -1.34995333E+02 -1.34820333E+02 -1.36017000E+02 -1.35297333E+02 -1.35606000E+02 -1.37387333E+02 -1.35102000E+02 -1.36048000E+02 -1.36562333E+02 -1.39098667E+02 -1.39885000E+02 -1.40466667E+02 -1.39717667E+02 
 -1.39055333E+02 -1.33858000E+02 -1.31373333E+02 -1.32776333E+02 -1.32827667E+02 -1.32579667E+02 -1.31901667E+02 -1.28994333E+02 -1.28977333E+02 -1.29490333E+02 -1.31730667E+02 -1.31891000E+02 -1.28813667E+02 -1.30416000E+02 -1.29849333E+02 -1.30084333E+02 -1.32648333E+02 -1.33101667E+02 -1.32826667E+02 -1.32945667E+02 -1.33601333E+02 -1.32952000E+02 -1.34992333E+02 -1.31318667E+02 -1.36650667E+02 
 -1.35382333E+02 -1.33283667E+02 -1.31158000E+02 -1.30539667E+02 -1.29035667E+02 -1.26766667E+02 -1.26725667E+02 -1.26087667E+02 -1.26185333E+02 -1.22840333E+02 -1.25867000E+02 -1.26494333E+02 -1.24777333E+02 -1.25430333E+02 -1.25510000E+02 -1.26553333E+02 -1.25244667E+02 -1.26068333E+02 -1.28367667E+02 -1.24694000E+02 -1.27786667E+02 -1.25569667E+02 -1.24827667E+02 -1.24201667E+02 -1.25090333E+02 
 -1.26569667E+02 -1.26376333E+02 -1.22781333E+02 -1.21258000E+02 -1.19993000E+02 -1.20121333E+02 -1.19067333E+02 -1.20898667E+02 -1.21147333E+02 -1.22556667E+02 -1.22854333E+02 -1.19929667E+02 -1.20390667E+02 -1.20333333E+02 -1.20152667E+02 -1.22035333E+02 -1.19385000E+02 -1.20478000E+02 -1.22152333E+02 -1.20626000E+02 -1.17799333E+02 -1.19492667E+02 -1.20481333E+02 -1.20559000E+02 -1.21280333E+02 
 -1.22133667E+02 -1.21791667E+02 -1.18678000E+02 -1.16265333E+02 -1.17526333E+02 -1.16991333E+02 -1.16324333E+02 -1.15994667E+02 -1.17365000E+02 -1.16770333E+02 -1.15142000E+02 -1.17071667E+02 -1.18579000E+02 -1.17370000E+02 -1.19334333E+02 -1.18396333E+02 -1.17153333E+02 -1.18593000E+02 -1.16725667E+02 -1.19284000E+02 -1.17036000E+02 -1.14710667E+02 -1.15923333E+02 -1.16443333E+02 -1.17741333E+02 
 -1.16339667E+02 -1.15686333E+02 -1.11317667E+02 -1.12990667E+02 -1.10347667E+02 -1.10330667E+02 -1.09917333E+02 -1.09298333E+02 -1.10721667E+02 -1.11253667E+02 -1.14025000E+02 -1.14411000E+02 -1.13665333E+02 -1.13099667E+02 -1.11800000E+02 -1.11793667E+02 -1.11654000E+02 -1.13207000E+02 -1.11556333E+02 -1.12755667E+02 -1.14421333E+02 -1.13973667E+02 -1.11864000E+02 -1.10381667E+02 -1.12501333E+02 
 -1.09740667E+02 -1.10834667E+02 -1.07352333E+02 -1.07521000E+02 -1.07506667E+02 -1.08766333E+02 -1.09852333E+02 -1.07818667E+02 -1.06465667E+02 -1.05803667E+02 -1.06105667E+02 -1.06427000E+02 -1.06154667E+02 -1.07043667E+02 -1.05713000E+02 -1.06818667E+02 -1.05924667E+02 -1.04843000E+02 -1.05262667E+02 -1.07214000E+02 -1.06132667E+02 -1.04512667E+02 -1.06667000E+02 -1.07016667E+02 -1.09446000E+02 
