      0.00000000     13.80000000     20.35833333     23.59166667     23.80000000     26.11666667     26.61666667     27.22500000     27.97500000     27.89166667     29.46666667     28.16666667     28.12500000     28.48333333     28.15000000     29.34166667     29.10000000     27.77500000     27.69166667     28.46666667     28.58333333     29.26666667     28.25833333     27.24166667     28.27500000 
     28.29166667     28.67500000     29.60833333     29.94166667     30.03333333     30.15000000     29.75000000     30.88333333     30.58333333     30.29166667     30.25833333     30.30000000     29.00833333     29.98333333     30.01666667     30.72500000     30.13333333     30.78333333     30.59166667     29.75833333     30.51666667     30.49166667     30.33333333     29.09166667     29.97500000 
     31.07500000     32.64166667     32.07500000     33.28333333     33.06666667     32.43333333     32.55833333     32.31666667     32.48333333     32.70833333     32.20000000     32.20000000     32.25833333     33.70833333     32.35833333     33.13333333     33.70833333     33.52500000     32.89166667     33.44166667     32.55833333     32.02500000     31.69166667     31.37500000     31.85833333 
     31.84166667     33.55000000     34.20833333     34.11666667     34.45000000     34.03333333     33.29166667     34.55000000     34.44166667     33.63333333     32.77500000     33.85000000     34.18333333     34.42500000     35.00000000     34.86666667     34.98333333     34.59166667     34.40833333     34.70000000     35.13333333     34.83333333     34.82500000     35.16666667     33.89166667 
     34.64166667     35.87500000     35.38333333     35.96666667     36.73333333     36.28333333     35.91666667     35.60000000     36.67500000     37.04166667     36.39166667     35.46666667     35.16666667     35.49166667     35.88333333     36.63333333     37.17500000     36.76666667     36.66666667     36.69166667     38.08333333     36.81666667     36.43333333     36.92500000     36.35000000 
     36.92500000     37.55833333     37.90833333     38.00833333     38.34166667     37.90000000     39.75000000     39.34166667     38.83333333     39.85000000     39.73333333     38.25000000     38.99166667     38.80000000     39.70000000     39.35000000     40.22500000     39.65000000     39.96666667     38.56666667     38.16666667     38.12500000     39.20833333     39.97500000     39.96666667 
     39.65833333     40.91666667     42.44166667     43.67500000     43.00000000     42.19166667     41.52500000     43.00000000     43.32500000     43.19166667     43.15000000     43.05000000     42.13333333     40.85000000     42.48333333     42.28333333     40.76666667     41.57500000     41.56666667     40.96666667     40.94166667     41.43333333     40.95000000     42.66666667     41.89166667 
     42.43333333     44.10000000     44.50000000     45.57500000     46.22500000     46.10833333     47.78333333     46.30833333     45.97500000     46.05833333     44.83333333     43.39166667     43.76666667     44.44166667     46.63333333     46.91666667     45.40000000     45.41666667     45.27500000     45.87500000     45.62500000     45.85000000     45.13333333     46.15833333     45.04166667 
     44.11666667     46.16666667     46.27500000     45.71666667     46.34166667     48.43333333     48.61666667     48.18333333     48.87500000     48.18333333     48.43333333     48.80833333     49.02500000     49.01666667     49.65833333     48.40833333     48.60000000     48.75000000     49.24166667     49.03333333     47.80000000     48.11666667     48.77500000     48.55000000     48.69166667 
     48.88333333     50.40000000     51.65833333     52.14166667     53.21666667     52.92500000     52.27500000     52.39166667     52.47500000     53.18333333     53.00833333     53.45000000     52.90833333     53.42500000     54.09166667     53.36666667     53.33333333     53.60000000     52.15833333     52.12500000     52.62500000     53.29166667     52.48333333     53.14166667     52.70000000 
     52.20833333     54.14166667     55.06666667     55.91666667     56.75000000     56.04166667     56.45000000     57.08333333     56.95833333     56.27500000     54.30833333     55.46666667     55.94166667     55.76666667     56.73333333     55.76666667     56.00000000     54.94166667     55.30833333     56.21666667     57.48333333     57.42500000     57.76666667     57.76666667     59.39166667 
     58.71666667     60.65000000     60.81666667     61.41666667     61.49166667     61.54166667     61.03333333     60.25833333     60.98333333     61.34166667     61.76666667     62.14166667     60.45000000     60.30000000     62.65833333     62.55000000     61.70000000     62.15000000     62.65833333     61.80833333     61.45833333     61.97500000     60.27500000     60.80000000     61.03333333 
     60.85833333     62.26666667     63.87500000     64.31666667     64.83333333     65.95833333     66.76666667     65.89166667     67.51666667     68.12500000     67.05833333     66.93333333     65.73333333     65.87500000     65.21666667     65.48333333     65.65000000     64.82500000     64.81666667     65.58333333     64.80833333     65.77500000     64.96666667     65.48333333     64.63333333 
     64.97500000     66.94166667     67.94166667     69.25833333     70.07500000     70.40833333     70.00833333     68.98333333     69.06666667     70.86666667     71.03333333     70.18333333     71.30833333     70.66666667     70.31666667     71.47500000     70.96666667     70.75833333     69.66666667     68.28333333     68.93333333     70.66666667     71.46666667     72.51666667     72.05000000 
     71.72500000     73.72500000     75.10833333     75.85000000     75.37500000     77.34166667     76.99166667     77.20000000     76.45833333     76.55000000     77.33333333     77.86666667     76.65833333     76.69166667     76.82500000     76.53333333     78.34166667     78.05833333     78.12500000     77.98333333     76.63333333     75.59166667     76.25000000     76.99166667     77.55000000 
     78.12500000     80.11666667     80.75000000     81.81666667     82.62500000     83.56666667     84.12500000     83.48333333     84.14166667     84.35000000     83.40833333     84.25000000     84.10000000     84.20000000     83.79166667     83.31666667     84.27500000     84.66666667     86.75833333     88.07500000     88.20000000     86.94166667     85.94166667     85.00833333     86.37500000 
     86.67500000     88.85833333     90.38333333     91.15833333     92.62500000     91.78333333     93.74166667     93.50000000     93.16666667     93.59166667     94.11666667     93.20833333     93.17500000     92.69166667     93.78333333     94.34166667     93.40833333     94.55833333     94.37500000     93.77500000     93.67500000     93.03333333     93.29166667     91.92500000     92.75833333 
     92.62500000     94.01666667     95.09166667     96.43333333     97.96666667     98.41666667     99.39166667    100.02500000    100.10000000    101.61666667    101.17500000    101.51666667    101.48333333    103.03333333    102.49166667    102.72500000    103.46666667    103.50000000    104.08333333    103.70833333    105.01666667    104.95000000    104.44166667    103.53333333    103.60833333 
    104.26666667    105.32500000    107.10000000    108.65000000    108.77500000    110.20833333    110.89166667    111.69166667    113.03333333    112.34166667    112.32500000    112.98333333    114.43333333    113.65000000    114.45833333    114.70000000    115.52500000    114.05000000    115.61666667    114.29166667    114.42500000    115.38333333    114.98333333    113.70833333    113.42500000 
    114.47500000    116.32500000    117.28333333    117.98333333    118.67500000    119.62500000    120.57500000    119.92500000    120.99166667    120.36666667    120.16666667    121.58333333    121.50833333    121.81666667    122.37500000    122.75833333    123.10000000    122.90000000    123.62500000    122.68333333    123.51666667    124.42500000    124.62500000    125.65000000    125.18333333 
    125.44166667    126.30000000    128.18333333    129.50000000    130.81666667    130.89166667    129.73333333    130.75833333    132.47500000    133.52500000    132.47500000    133.01666667    133.42500000    132.06666667    133.80000000    131.81666667    133.54166667    136.92500000    136.65000000    136.89166667    137.14166667    136.15833333    134.45833333    134.57500000    134.94166667 
    136.35833333    137.30000000    139.70833333    139.81666667    139.95833333    141.85000000    142.97500000    143.15000000    144.29166667    144.67500000    145.60000000    147.20000000    147.43333333    147.62500000    147.84166667    147.90833333    148.73333333    150.35000000    149.68333333    150.02500000    149.69166667    149.68333333    149.81666667    148.74166667    150.19166667 
    151.25833333    153.80833333    156.48333333    156.90000000    157.53333333    157.28333333    157.85000000    158.15000000    159.39166667    160.61666667    161.07500000    162.54166667    163.58333333    164.79166667    164.95833333    167.00833333    165.78333333    166.32500000    166.47500000    166.00000000    165.75833333    164.93333333    165.01666667    164.74166667    164.25833333 
    164.85000000    166.99166667    168.12500000    170.44166667    171.20000000    172.84166667    172.85833333    173.47500000    175.49166667    175.77500000    176.45833333    178.25833333    180.20833333    182.57500000    183.38333333    184.45000000    183.40833333    183.57500000    183.64166667    184.03333333    185.39166667    184.61666667    185.65833333    187.51666667    187.87500000 
    187.14166667    188.75833333    190.25000000    192.10000000    194.80833333    195.49166667    195.42500000    197.22500000    199.15833333    199.81666667    201.42500000    202.45833333    203.78333333    205.40000000    205.37500000    206.13333333    206.53333333    206.60000000    207.77500000    207.08333333    207.41666667    207.78333333    208.47500000    207.78333333    207.65000000 
    208.98333333    210.75000000    213.37500000    216.00000000    216.91666667    219.05833333    220.20000000    222.31666667    223.14166667    225.95833333    226.64166667    227.36666667    227.13333333    229.94166667    230.93333333    230.79166667    231.29166667    232.96666667    232.85833333    232.95000000    233.06666667    233.64166667    235.10000000    233.77500000    232.20833333 
    233.65833333    237.45000000    239.96666667    240.84166667    240.47500000    240.77500000    242.94166667    245.42500000    247.60833333    249.98333333    252.48333333    252.53333333    255.88333333    257.15833333    256.20000000    258.40833333    259.58333333    259.38333333    259.58333333    261.28333333    260.79166667    261.94166667    263.24166667    264.55833333    264.70833333 
    265.35000000    267.24166667    270.33333333    272.71666667    276.35000000    278.78333333    279.61666667    280.44166667    280.71666667    281.94166667    282.19166667    283.77500000    285.17500000    287.48333333    290.30000000    290.60833333    291.04166667    292.95000000    293.85833333    293.84166667    294.30000000    293.80833333    291.91666667    293.13333333    295.38333333 
    294.22500000    296.96666667    301.10000000    303.39166667    306.38333333    309.45000000    310.52500000    312.22500000    314.86666667    315.49166667    316.64166667    317.03333333    317.63333333    319.57500000    319.31666667    321.24166667    322.34166667    324.47500000    324.35000000    325.80000000    326.54166667    326.79166667    327.46666667    328.45000000    329.69166667 
    332.30833333    334.43333333    336.95833333    339.50833333    341.20000000    344.20833333    347.69166667    349.09166667    350.25833333    350.65833333    353.03333333    354.84166667    357.11666667    359.24166667    361.74166667    363.94166667    364.91666667    369.28333333    370.80833333    370.46666667    372.35000000    374.95000000    375.17500000    376.73333333    378.76666667 
    380.65000000    384.79166667    389.22500000    392.99166667    395.10000000    396.77500000    398.75000000    399.24166667    404.18333333    406.80000000    405.92500000    409.43333333    412.80833333    414.17500000    414.93333333    416.36666667    417.75000000    418.04166667    419.73333333    422.68333333    425.00833333    426.54166667    425.46666667    426.95833333    427.21666667 
    431.25833333    436.05833333    439.80833333    442.54166667    444.66666667    448.44166667    451.26666667    454.07500000    456.75833333    460.64166667    461.95000000    463.25000000    467.21666667    470.58333333    473.08333333    478.32500000    480.55833333    482.58333333    485.07500000    487.48333333    487.97500000    489.31666667    493.00833333    495.46666667    497.83333333 
    497.40833333    504.15833333    508.66666667    511.52500000    514.71666667    518.55000000    522.73333333    525.18333333    530.00000000    532.56666667    533.87500000    535.15000000    538.30833333    539.60833333    542.92500000    546.98333333    548.74166667    553.34166667    554.20833333    556.41666667    558.72500000    561.38333333    563.47500000    564.45833333    566.22500000 
    567.06666667    571.88333333    576.12500000    581.64166667    586.51666667    591.07500000    594.61666667    597.48333333    602.27500000    605.08333333    607.80000000    608.96666667    612.16666667    617.42500000    619.65833333    622.44166667    628.50833333    629.55833333    632.23333333    635.95833333    639.15000000    643.00000000    645.93333333    647.17500000    648.65833333 
    648.12500000    652.78333333    658.28333333    663.73333333    665.57500000    671.41666667    673.93333333    677.85000000    681.85000000    685.84166667    691.30000000    692.70000000    695.43333333    698.84166667    700.62500000    703.81666667    707.06666667    709.45833333    713.04166667    715.36666667    716.54166667    719.30000000    721.08333333    727.50000000    731.03333333 
    734.36666667    740.21666667    747.41666667    751.40000000    758.21666667    764.41666667    767.78333333    772.65000000    778.55000000    783.26666667    787.74166667    791.85833333    793.71666667    798.02500000    801.14166667    806.61666667    810.55833333    817.10000000    820.11666667    823.90833333    829.85833333    832.43333333    835.70000000    840.20833333    844.90833333 
    849.40000000    857.36666667    861.16666667    866.54166667    871.02500000    876.56666667    881.01666667    886.54166667    891.72500000    897.10833333    903.56666667    907.24166667    911.39166667    915.80000000    919.38333333    923.02500000    928.25000000    931.33333333    933.85000000    936.26666667    939.26666667    944.61666667    947.36666667    952.26666667    954.15000000 
    958.10000000    963.39166667    969.86666667    975.70000000    981.75833333    988.18333333    995.06666667    998.99166667   1003.19166667   1008.85833333   1013.07500000   1017.55833333   1023.05833333   1027.40833333   1031.79166667   1037.79166667   1041.94166667   1044.78333333   1049.52500000   1055.93333333   1062.40000000   1067.83333333   1072.81666667   1077.37500000   1082.00000000 
   1085.32500000   1093.80833333   1099.77500000   1108.52500000   1116.47500000   1123.40833333   1131.70000000   1137.90000000   1145.60833333   1152.50000000   1157.95833333   1165.01666667   1171.90000000   1177.03333333   1185.65000000   1195.63333333   1200.20000000   1206.45000000   1213.56666667   1217.48333333   1224.59166667   1231.42500000   1236.43333333   1241.36666667   1245.71666667 
   1250.22500000   1260.42500000   1270.13333333   1277.84166667   1285.20833333   1292.99166667   1299.45833333   1305.50833333   1311.54166667   1318.94166667   1325.47500000   1332.25833333   1341.24166667   1347.45000000   1354.62500000   1361.34166667   1367.75000000   1372.62500000   1380.45833333   1386.47500000   1393.07500000   1398.15833333   1404.15000000   1410.05000000   1417.47500000 
   1422.05000000   1429.56666667   1435.74166667   1446.33333333   1456.13333333   1463.33333333   1469.83333333   1477.95833333   1483.77500000   1490.14166667   1496.26666667   1504.90000000   1514.07500000   1519.82500000   1529.11666667   1537.09166667   1544.07500000   1552.62500000   1559.04166667   1564.65833333   1570.47500000   1576.08333333   1581.74166667   1587.80833333   1592.45000000 
   1601.25833333   1609.66666667   1617.40000000   1625.28333333   1636.00000000   1644.37500000   1654.66666667   1662.42500000   1670.42500000   1680.44166667   1688.33333333   1695.60000000   1700.11666667   1707.70833333   1715.32500000   1722.60000000   1729.35000000   1737.92500000   1744.12500000   1752.99166667   1759.74166667   1767.90833333   1773.63333333   1783.36666667   1791.47500000 
   1797.85000000   1806.35833333   1816.55833333   1822.74166667   1832.10000000   1839.49166667   1848.72500000   1855.91666667   1866.21666667   1871.78333333   1876.15833333   1885.23333333   1890.94166667   1898.05833333   1905.39166667   1911.20000000   1919.22500000   1925.55000000   1932.55833333   1940.81666667   1948.10833333   1956.00833333   1963.10833333   1971.85833333   1978.12500000 
   1984.85833333   1993.06666667   2004.36666667   2012.93333333   2022.50000000   2033.37500000   2041.79166667   2049.63333333   2057.70833333   2065.50833333   2074.09166667   2081.40000000   2090.14166667   2098.64166667   2105.46666667   2112.49166667   2120.47500000   2129.08333333   2135.10000000   2142.86666667   2149.74166667   2157.21666667   2167.00000000   2172.46666667   2181.35000000 
   2188.79166667   2196.02500000   2205.88333333   2216.36666667   2225.45000000   2236.66666667   2243.15833333   2251.28333333   2259.79166667   2268.97500000   2277.70833333   2285.60833333   2292.67500000   2303.30833333   2308.85833333   2317.80833333   2326.01666667   2334.23333333   2341.21666667   2348.70000000   2356.55000000   2365.85833333   2371.62500000   2381.38333333   2388.98333333 
   2395.85000000   2404.56666667   2414.61666667   2423.70833333   2430.52500000   2437.51666667   2444.78333333   2453.84166667   2464.51666667   2471.46666667   2478.95000000   2487.21666667   2491.52500000   2501.00833333   2508.21666667   2515.26666667   2523.73333333   2530.67500000   2538.90833333   2545.47500000   2553.06666667   2558.57500000   2565.82500000   2572.72500000   2579.70833333 
   2587.45833333   2597.45000000   2605.50833333   2613.79166667   2620.25833333   2630.20000000   2635.72500000   2643.30000000   2653.05000000   2661.38333333   2667.89166667   2679.56666667   2686.22500000   2692.29166667   2697.42500000   2704.26666667   2710.31666667   2714.97500000   2725.29166667   2732.31666667   2740.19166667   2746.74166667   2752.07500000   2759.78333333   2765.20833333 
   2773.94166667   2782.43333333   2790.95833333   2798.55833333   2806.94166667   2816.92500000   2823.51666667   2830.65833333   2839.37500000   2845.05833333   2852.80833333   2859.30833333   2864.16666667   2871.60833333   2878.33333333   2886.10000000   2893.27500000   2901.21666667   2907.33333333   2913.72500000   2918.34166667   2923.73333333   2929.28333333   2936.18333333   2943.03333333 
   2949.38333333   2957.73333333   2964.53333333   2974.21666667   2981.19166667   2989.32500000   2996.22500000   3004.14166667   3011.27500000   3017.27500000   3023.91666667   3030.35833333   3037.54166667   3043.05833333   3045.82500000   3052.92500000   3059.93333333   3065.76666667   3072.69166667   3079.17500000   3083.95833333   3087.19166667   3091.42500000   3099.97500000   3104.13333333 
   3110.73333333   3115.64166667   3123.35000000   3130.89166667   3136.23333333   3143.34166667   3149.96666667   3155.95833333   3163.05833333   3168.15000000   3174.11666667   3177.82500000   3183.35833333   3189.77500000   3196.31666667   3202.13333333   3207.70000000   3213.53333333   3219.84166667   3221.87500000   3228.01666667   3231.51666667   3237.82500000   3242.34166667   3248.33333333 
   3253.86666667   3258.74166667   3264.28333333   3271.61666667   3274.61666667   3283.18333333   3286.05000000   3292.21666667   3295.79166667   3299.70833333   3304.07500000   3308.87500000   3311.87500000   3317.95833333   3322.32500000   3326.69166667   3331.61666667   3334.85000000   3340.08333333   3345.25833333   3350.38333333   3356.28333333   3360.10833333   3362.16666667   3367.96666667 
   3370.02500000   3376.35833333   3379.39166667   3384.29166667   3388.62500000   3392.98333333   3396.64166667   3401.37500000   3403.98333333   3407.37500000   3410.47500000   3414.99166667   3420.20000000   3424.30833333   3428.31666667   3432.55000000   3435.94166667   3440.86666667   3444.12500000   3449.02500000   3452.79166667   3454.20000000   3457.24166667   3459.45833333   3463.23333333 
   3465.50000000   3471.18333333   3475.83333333   3479.02500000   3482.40833333   3486.28333333   3490.61666667   3495.55000000   3497.94166667   3502.30000000   3506.63333333   3509.80000000   3514.42500000   3519.25000000   3524.74166667   3529.07500000   3533.09166667   3535.43333333   3538.80833333   3540.95833333   3543.33333333   3545.70000000   3549.01666667   3551.31666667   3555.09166667 
   3556.12500000   3559.30000000   3562.97500000   3566.78333333   3571.80833333   3573.95000000   3578.25000000   3578.71666667   3584.76666667   3586.35833333   3586.96666667   3591.33333333   3594.23333333   3596.65833333   3598.36666667   3601.77500000   3604.05833333   3605.69166667   3608.83333333   3610.95000000   3612.99166667   3616.00833333   3617.21666667   3616.85000000   3620.45000000 
   3621.15833333   3623.39166667   3626.74166667   3631.22500000   3635.67500000   3636.40000000   3638.46666667   3641.24166667   3645.02500000   3647.25000000   3649.61666667   3652.70000000   3654.00833333   3657.10833333   3657.40833333   3660.05833333   3662.08333333   3661.90833333   3664.37500000   3665.02500000   3667.26666667   3668.32500000   3671.00833333   3673.16666667   3673.23333333 
   3675.59166667   3678.57500000   3680.55000000   3683.79166667   3685.22500000   3689.38333333   3690.83333333   3693.02500000   3696.75000000   3699.52500000   3702.84166667   3703.90833333   3706.84166667   3708.85000000   3709.50000000   3711.64166667   3714.78333333   3715.16666667   3716.35000000   3719.92500000   3717.75833333   3720.35000000   3723.08333333   3726.25833333   3727.30000000 
   3730.85833333   3732.69166667   3735.66666667   3738.53333333   3740.48333333   3743.60833333   3743.43333333   3745.35833333   3746.64166667   3750.34166667   3752.81666667   3755.66666667   3754.86666667   3754.65000000   3758.93333333   3761.77500000   3763.37500000   3764.36666667   3763.05833333   3762.81666667   3763.99166667   3763.55000000   3764.25833333   3766.62500000   3766.23333333 
   3767.18333333   3768.40833333   3771.29166667   3774.12500000   3775.06666667   3776.19166667   3779.67500000   3781.34166667   3782.85000000   3785.26666667   3785.88333333   3787.13333333   3786.62500000   3787.67500000   3789.26666667   3790.17500000   3791.85000000   3791.92500000   3792.58333333   3793.00000000   3792.76666667   3795.53333333   3797.39166667   3796.83333333   3797.69166667 
   3800.45000000   3804.14166667   3804.80833333   3804.57500000   3807.07500000   3806.82500000   3807.90000000   3809.98333333   3811.83333333   3812.14166667   3815.55000000   3815.77500000   3817.76666667   3818.92500000   3819.66666667   3820.25833333   3822.26666667   3822.72500000   3822.98333333   3824.06666667   3824.25000000   3824.20833333   3826.42500000   3828.47500000   3830.27500000 
   3829.70833333   3833.25833333   3834.01666667   3835.45833333   3835.85000000   3837.69166667   3839.41666667   3841.30000000   3843.20000000   3843.19166667   3843.63333333   3845.51666667   3847.26666667   3847.72500000   3849.57500000   3849.59166667   3850.35000000   3851.84166667   3850.87500000   3851.87500000   3853.23333333   3854.65000000   3856.49166667   3855.59166667   3856.10000000 
   3855.76666667   3858.21666667   3859.45833333   3859.45833333   3861.95833333   3863.15833333   3864.18333333   3865.72500000   3865.35833333   3868.71666667   3867.29166667   3868.70833333   3869.41666667   3871.61666667   3872.40000000   3872.75833333   3872.20833333   3872.73333333   3872.81666667   3873.99166667   3871.75000000   3871.93333333   3873.78333333   3874.85833333   3874.41666667 
   3873.99166667   3874.75833333   3877.04166667   3878.39166667   3878.65000000   3880.02500000   3881.91666667   3881.78333333   3882.35833333   3884.68333333   3884.93333333   3885.85000000   3886.40833333   3887.54166667   3887.02500000   3887.00833333   3887.80833333   3889.06666667   3890.29166667   3890.20000000   3890.41666667   3892.02500000   3892.15833333   3891.49166667   3891.59166667 
   3892.33333333   3891.70000000   3893.33333333   3893.05000000   3895.65833333   3896.38333333   3896.91666667   3897.37500000   3897.75833333   3898.54166667   3898.73333333   3901.94166667   3901.10000000   3902.48333333   3903.68333333   3903.05833333   3904.27500000   3905.46666667   3906.84166667   3905.62500000   3906.00000000   3905.52500000   3906.95000000   3906.70000000   3908.35000000 
   3907.62500000   3909.30833333   3908.95000000   3908.70833333   3910.94166667   3912.89166667   3914.67500000   3913.82500000   3915.75000000   3913.41666667   3915.26666667   3915.04166667   3914.90000000   3917.41666667   3918.75833333   3919.10833333   3918.36666667   3919.46666667   3919.91666667   3921.11666667   3921.95833333   3921.64166667   3920.55000000   3921.06666667   3919.80833333 
   3922.76666667   3923.45833333   3923.33333333   3924.54166667   3925.60000000   3926.91666667   3927.53333333   3927.60000000   3929.35000000   3929.68333333   3928.90833333   3929.89166667   3931.00833333   3931.84166667   3931.00833333   3931.71666667   3931.83333333   3931.25833333   3932.01666667   3932.48333333   3931.71666667   3932.54166667   3932.60000000   3932.94166667   3935.28333333 
   3934.56666667   3934.85000000   3935.00833333   3936.73333333   3936.91666667   3937.35000000   3938.97500000   3939.00833333   3939.45833333   3939.65000000   3940.47500000   3941.87500000   3941.05833333   3942.21666667   3942.73333333   3943.68333333   3943.02500000   3944.10000000   3943.65000000   3944.83333333   3943.62500000   3944.30833333   3944.41666667   3944.60833333   3944.63333333 
   3946.14166667   3947.05833333   3946.02500000   3946.45000000   3947.22500000   3947.09166667   3944.86666667   3946.16666667   3947.18333333   3947.25000000   3949.05833333   3950.14166667   3948.04166667   3949.93333333   3950.15833333   3951.27500000   3952.54166667   3953.30833333   3952.27500000   3952.77500000   3952.34166667   3952.03333333   3951.00000000   3951.91666667   3953.02500000 
   3951.10000000   3953.50833333   3951.60000000   3951.90000000   3952.50833333   3954.21666667   3953.56666667   3955.97500000   3955.39166667   3955.90833333   3957.93333333   3958.37500000   3958.61666667   3957.46666667   3959.21666667   3959.20833333   3960.48333333   3960.83333333   3958.47500000   3960.30000000   3960.60000000   3962.08333333   3960.65833333   3961.14166667   3960.15833333 
   3960.16666667   3961.22500000   3962.07500000   3961.46666667   3963.54166667   3965.82500000   3964.92500000   3964.65000000   3964.84166667   3965.17500000   3964.81666667   3965.43333333   3968.10000000   3967.09166667   3967.95833333   3967.30000000   3966.92500000   3967.15000000   3967.14166667   3967.46666667   3968.56666667   3968.87500000   3968.00000000   3966.19166667   3969.87500000 
   3967.40833333   3968.32500000   3970.91666667   3971.15000000   3970.36666667   3972.21666667   3971.72500000   3971.54166667   3974.04166667   3973.59166667   3972.36666667   3974.00000000   3973.19166667   3972.62500000   3972.80000000   3972.68333333   3973.92500000   3973.46666667   3975.12500000   3975.23333333   3974.46666667   3975.88333333   3976.05000000   3975.76666667   3976.27500000 
   3976.00000000   3976.31666667   3977.22500000   3976.79166667   3977.92500000   3977.30000000   3976.42500000   3979.84166667   3978.58333333   3979.28333333   3979.46666667   3980.42500000   3979.94166667   3980.05000000   3980.76666667   3981.26666667   3980.74166667   3981.05833333   3980.92500000   3981.71666667   3981.81666667   3982.59166667   3982.80000000   3981.66666667   3982.28333333 
   3982.60000000   3982.88333333   3982.54166667   3984.68333333   3985.07500000   3984.67500000   3985.18333333   3984.34166667   3984.22500000   3983.05000000   3983.62500000   3983.56666667   3985.70000000   3984.42500000   3984.66666667   3985.38333333   3984.80000000   3985.27500000   3985.07500000   3985.55000000   3986.82500000   3986.41666667   3986.45000000   3986.08333333   3988.01666667 
   3987.40833333   3987.74166667   3989.15833333   3988.60000000   3988.46666667   3988.37500000   3988.83333333   3990.41666667   3989.72500000   3990.50000000   3989.51666667   3990.03333333   3990.60833333   3988.85000000   3990.63333333   3991.39166667   3991.44166667   3990.47500000   3992.35833333   3991.72500000   3991.57500000   3991.96666667   3992.38333333   3993.33333333   3993.98333333 
   3994.48333333   3994.12500000   3995.56666667   3994.60833333   3995.21666667   3995.19166667   3995.42500000   3996.62500000   3996.37500000   3996.65833333   3996.45833333   3996.60833333   3996.91666667   3997.09166667   3996.93333333   3997.00833333   3997.97500000   3998.47500000   3998.15833333   3997.58333333   3997.03333333   3998.36666667   3998.85000000   3998.35833333   3998.94166667 
   4000.51666667   4000.06666667   4000.69166667   4000.13333333   3999.49166667   4000.19166667   4000.65833333   4002.63333333   4001.60000000   4001.60000000   4001.40000000   4001.14166667   4002.29166667   4002.25000000   4001.77500000   4002.89166667   4002.68333333   4002.66666667   4003.60000000   4004.28333333   4003.16666667   4004.18333333   4003.35833333   4003.23333333   4003.56666667 
   4004.07500000   4004.19166667   4004.72500000   4004.45833333   4005.08333333   4005.30000000   4005.53333333   4004.74166667   4004.45000000   4005.29166667   4005.58333333   4006.60000000   4006.08333333   4006.85833333   4005.65833333   4006.52500000   4005.50000000   4006.75000000   4006.45833333   4005.69166667   4006.99166667   4006.48333333   4006.49166667   4007.41666667   4008.78333333 
   4008.25000000   4007.04166667   4007.01666667   4006.92500000   4006.42500000   4007.58333333   4008.08333333   4008.71666667   4008.38333333   4009.07500000   4010.32500000   4009.31666667   4010.45833333   4009.50833333   4009.83333333   4009.70833333   4011.02500000   4010.50833333   4011.36666667   4011.70000000   4012.96666667   4013.24166667   4013.21666667   4011.49166667   4011.92500000 
   4010.86666667   4011.93333333   4013.03333333   4013.13333333   4013.00833333   4012.73333333   4012.91666667   4014.34166667   4013.71666667   4015.14166667   4014.05000000   4014.80833333   4015.24166667   4014.68333333   4015.38333333   4015.90833333   4016.43333333   4016.54166667   4016.25000000   4014.76666667   4015.62500000   4015.87500000   4016.39166667   4016.00000000   4015.19166667 
   4014.90833333   4016.05000000   4016.26666667   4016.72500000   4016.59166667   4016.95833333   4016.95000000   4016.44166667   4016.83333333   4018.30000000   4017.03333333   4017.64166667   4019.00833333   4018.30000000   4018.88333333   4018.91666667   4018.83333333   4019.25000000   4019.05833333   4018.82500000   4018.74166667   4018.98333333   4019.27500000   4019.31666667   4018.91666667 
   4019.65000000   4020.00000000   4019.46666667   4019.99166667   4020.86666667   4021.65833333   4020.30833333   4020.40833333   4020.10000000   4020.49166667   4018.80833333   4020.43333333   4020.47500000   4021.15000000   4020.40000000   4022.27500000   4021.68333333   4022.53333333   4021.43333333   4021.70833333   4021.19166667   4022.00833333   4022.33333333   4023.13333333   4022.05833333 
   4022.43333333   4022.35833333   4020.99166667   4021.86666667   4020.64166667   4022.32500000   4021.31666667   4020.75833333   4019.69166667   4020.32500000   4019.70000000   4019.96666667   4019.25000000   4019.07500000   4018.13333333   4016.68333333   4017.80833333   4018.31666667   4018.20833333   4017.63333333   4018.89166667   4019.01666667   4018.14166667   4018.35833333   4018.89166667 
   4018.52500000   4018.61666667   4018.06666667   4017.30000000   4017.62500000   4017.35000000   4017.86666667   4017.59166667   4017.94166667   4017.45833333   4018.72500000   4018.54166667   4016.65833333   4018.59166667   4018.41666667   4018.06666667   4018.31666667   4018.21666667   4019.00833333   4016.78333333   4017.75000000   4017.48333333   4017.78333333   4016.02500000   4015.19166667 
   4017.32500000   4016.42500000   4017.55000000   4016.99166667   4016.14166667   4015.71666667   4016.36666667   4014.85000000   4016.13333333   4016.20833333   4014.04166667   4014.11666667   4012.78333333   4013.34166667   4013.63333333   4012.82500000   4014.54166667   4014.29166667   4014.68333333   4014.38333333   4012.95833333   4013.49166667   4013.25833333   4013.90000000   4013.35833333 
   4012.85833333   4012.61666667   4012.68333333   4011.10000000   4011.22500000   4012.20000000   4010.68333333   4010.90833333   4010.21666667   4010.19166667   4010.35000000   4010.87500000   4010.71666667   4010.93333333   4010.92500000   4011.07500000   4011.33333333   4011.48333333   4010.24166667   4010.82500000   4009.76666667   4008.86666667   4010.09166667   4009.80000000   4008.58333333 
   4010.10833333   4009.12500000   4008.70000000   4007.88333333   4006.31666667   4006.01666667   4006.34166667   4006.33333333   4005.85000000   4005.75833333   4005.13333333   4005.38333333   4003.76666667   4005.93333333   4006.13333333   4005.64166667   4005.65000000   4004.32500000   4004.90000000   4004.26666667   4003.75833333   4003.83333333   4003.07500000   4004.30000000   4002.90833333 
   4002.70833333   4003.95833333   4002.45000000   4003.88333333   4003.54166667   4001.75833333   4002.85833333   4003.62500000   4001.80833333   4003.55000000   4003.60000000   4003.20833333   4002.75833333   4002.86666667   4003.46666667   4002.70833333   4003.21666667   4000.95833333   4002.67500000   4003.11666667   4003.32500000   4002.51666667   4002.28333333   4001.80833333   4002.51666667 
   4002.65000000   4001.12500000   4001.59166667   4001.22500000   3999.53333333   4000.40833333   4001.44166667   4001.00000000   4000.04166667   4000.82500000   4000.19166667   4000.36666667   3998.92500000   3999.53333333   3997.89166667   3998.46666667   3998.28333333   3998.17500000   3998.44166667   3997.70000000   3998.58333333   3997.59166667   3997.40000000   3997.50000000   3996.85833333 
   3995.53333333   3995.90000000   3995.68333333   3994.71666667   3993.35833333   3993.13333333   3993.33333333   3993.61666667   3993.20833333   3993.75000000   3992.02500000   3992.15000000   3992.35000000   3992.01666667   3992.24166667   3990.88333333   3992.36666667   3992.16666667   3991.26666667   3990.60000000   3990.45000000   3991.91666667   3991.69166667   3991.60000000   3991.02500000 
   3992.40833333   3989.71666667   3988.89166667   3989.51666667   3989.17500000   3988.60000000   3988.03333333   3988.69166667   3987.15000000   3989.06666667   3989.10833333   3987.09166667   3988.55000000   3987.01666667   3987.53333333   3989.70833333   3987.95833333   3987.14166667   3988.11666667   3987.23333333   3987.02500000   3986.65000000   3986.94166667   3987.02500000   3987.25833333 
   3988.74166667   3985.08333333   3984.71666667   3985.20000000   3984.49166667   3983.74166667   3983.40833333   3982.04166667   3982.12500000   3982.22500000   3982.35000000   3981.73333333   3981.46666667   3982.85000000   3981.42500000   3983.23333333   3982.25833333   3981.13333333   3981.78333333   3981.16666667   3981.30000000   3980.86666667   3981.91666667   3981.21666667   3981.82500000 
   3981.09166667   3979.90833333   3979.35833333   3979.92500000   3979.10833333   3979.86666667   3978.70000000   3978.18333333   3977.41666667   3977.99166667   3978.32500000   3977.91666667   3977.45833333   3976.65000000   3977.02500000   3976.67500000   3976.38333333   3977.35000000   3976.73333333   3976.55833333   3976.04166667   3976.73333333   3976.46666667   3977.06666667   3977.54166667 
   3977.06666667   3975.72500000   3974.91666667   3975.10000000   3974.34166667   3973.37500000   3973.94166667   3972.21666667   3972.55833333   3972.14166667   3970.67500000   3972.51666667   3971.85000000   3972.42500000   3971.07500000   3970.51666667   3971.68333333   3972.00000000   3969.68333333   3971.03333333   3970.26666667   3969.73333333   3969.68333333   3970.06666667   3969.47500000 
   3970.42500000   3969.63333333   3968.85000000   3968.78333333   3966.30000000   3966.37500000   3965.87500000   3966.00000000   3965.20000000   3968.45000000   3967.44166667   3966.41666667   3966.41666667   3964.70000000   3964.40000000   3965.20833333   3965.63333333   3964.39166667   3963.56666667   3962.83333333   3963.87500000   3963.55833333   3961.67500000   3963.34166667   3962.72500000 
   3963.11666667   3961.79166667   3961.13333333   3961.75000000   3961.07500000   3960.25000000   3960.44166667   3958.29166667   3956.92500000   3956.93333333   3956.06666667   3956.13333333   3956.70833333   3956.59166667   3956.38333333   3955.80000000   3955.67500000   3955.80000000   3956.25000000   3954.67500000   3954.61666667   3953.35000000   3953.60833333   3952.00000000   3952.19166667 
   3950.76666667   3950.49166667   3949.61666667   3947.48333333   3949.73333333   3948.98333333   3946.53333333   3947.23333333   3945.78333333   3945.71666667   3945.69166667   3944.68333333   3943.54166667   3943.67500000   3943.42500000   3944.65000000   3943.09166667   3942.79166667   3942.88333333   3944.09166667   3942.79166667   3941.40833333   3941.76666667   3940.95000000   3939.80000000 
   3939.24166667   3938.85000000   3937.04166667   3937.19166667   3936.75000000   3936.35000000   3935.83333333   3938.33333333   3936.47500000   3936.97500000   3935.93333333   3936.90000000   3934.86666667   3934.71666667   3934.95833333   3934.80000000   3935.75833333   3932.74166667   3934.48333333   3934.54166667   3935.36666667   3935.40833333   3933.48333333   3933.36666667   3933.12500000 
   3933.43333333   3931.60000000   3932.70833333   3931.78333333   3930.40000000   3930.11666667   3928.65833333   3927.84166667   3926.55000000   3926.35833333   3924.57500000   3925.05000000   3926.78333333   3925.49166667   3925.95833333   3927.55000000   3925.05833333   3927.21666667   3925.15833333   3927.15000000   3926.45833333   3926.57500000   3925.18333333   3926.52500000   3924.72500000 
   3924.90833333   3924.17500000   3923.56666667   3923.34166667   3922.78333333   3920.51666667   3920.74166667   3919.22500000   3919.05833333   3919.20000000   3918.13333333   3919.02500000   3917.43333333   3918.47500000   3917.82500000   3919.68333333   3918.32500000   3916.54166667   3915.40000000   3915.48333333   3914.65833333   3914.87500000   3915.01666667   3916.30833333   3913.38333333 
   3914.35000000   3914.34166667   3910.62500000   3911.89166667   3909.85000000   3909.48333333   3908.46666667   3908.87500000   3908.23333333   3907.47500000   3906.30833333   3906.45000000   3905.00833333   3903.63333333   3902.14166667   3902.90833333   3903.29166667   3903.84166667   3903.65000000   3901.76666667   3902.32500000   3902.76666667   3902.55000000   3903.69166667   3901.09166667 
   3900.09166667   3900.26666667   3897.73333333   3898.20833333   3896.71666667   3896.68333333   3896.19166667   3895.45000000   3892.26666667   3892.63333333   3892.80000000   3891.85833333   3892.82500000   3892.50000000   3891.53333333   3892.16666667   3891.34166667   3890.20000000   3889.89166667   3890.02500000   3888.36666667   3887.46666667   3888.35833333   3888.09166667   3887.02500000 
   3887.21666667   3886.14166667   3884.70833333   3881.87500000   3881.60833333   3881.94166667   3879.99166667   3882.35833333   3880.80000000   3878.80833333   3878.55000000   3877.10000000   3877.32500000   3876.38333333   3875.40000000   3875.15000000   3875.30833333   3874.00833333   3874.80833333   3873.98333333   3875.43333333   3874.56666667   3874.30833333   3873.06666667   3874.94166667 
   3872.75000000   3871.07500000   3869.92500000   3867.53333333   3866.27500000   3864.17500000   3863.75833333   3861.85833333   3860.46666667   3861.02500000   3859.38333333   3857.77500000   3857.81666667   3857.25000000   3855.61666667   3855.00833333   3854.49166667   3852.66666667   3852.32500000   3851.02500000   3851.72500000   3850.32500000   3850.72500000   3848.70833333   3847.73333333 
   3849.99166667   3847.44166667   3847.35000000   3846.92500000   3846.37500000   3844.98333333   3843.05000000   3845.03333333   3844.05833333   3842.45000000   3842.35833333   3840.63333333   3839.88333333   3839.45833333   3838.20000000   3838.49166667   3836.30000000   3837.27500000   3835.55000000   3834.99166667   3836.34166667   3835.22500000   3834.20833333   3833.75833333   3832.58333333 
   3832.09166667   3829.14166667   3826.41666667   3825.99166667   3823.72500000   3823.18333333   3821.03333333   3822.28333333   3820.62500000   3820.81666667   3820.29166667   3818.88333333   3818.26666667   3817.89166667   3816.82500000   3814.34166667   3815.26666667   3813.31666667   3812.57500000   3811.21666667   3809.41666667   3809.53333333   3808.53333333   3806.33333333   3806.28333333 
   3806.02500000   3804.45000000   3800.70833333   3800.78333333   3799.95000000   3798.23333333   3796.04166667   3796.41666667   3794.85000000   3791.85000000   3792.72500000   3791.57500000   3791.47500000   3788.67500000   3787.71666667   3786.63333333   3787.64166667   3784.97500000   3784.08333333   3784.42500000   3784.20000000   3784.63333333   3783.10833333   3783.10833333   3782.02500000 
   3781.08333333   3776.81666667   3777.60833333   3774.43333333   3773.43333333   3771.34166667   3769.39166667   3768.56666667   3767.32500000   3765.94166667   3763.85833333   3760.44166667   3761.02500000   3757.91666667   3757.37500000   3755.45000000   3754.70000000   3751.92500000   3751.88333333   3752.79166667   3752.16666667   3750.32500000   3748.22500000   3747.69166667   3744.52500000 
   3745.09166667   3741.76666667   3740.80000000   3739.74166667   3738.10833333   3734.57500000   3732.79166667   3732.67500000   3730.65833333   3729.35000000   3729.14166667   3729.19166667   3727.51666667   3724.65833333   3724.64166667   3724.03333333   3724.79166667   3721.27500000   3720.86666667   3718.90000000   3719.46666667   3717.06666667   3719.39166667   3718.98333333   3717.10833333 
   3716.08333333   3711.51666667   3711.07500000   3710.22500000   3707.01666667   3705.00833333   3700.79166667   3698.74166667   3697.85000000   3696.88333333   3695.70833333   3694.70000000   3692.03333333   3693.02500000   3688.24166667   3687.14166667   3686.80833333   3686.19166667   3684.16666667   3683.76666667   3683.45833333   3681.41666667   3678.49166667   3676.11666667   3675.47500000 
   3675.00833333   3672.21666667   3669.87500000   3667.35833333   3667.10000000   3663.05833333   3661.30000000   3661.15000000   3659.20833333   3657.74166667   3656.92500000   3653.74166667   3652.29166667   3648.68333333   3646.00000000   3645.29166667   3641.80833333   3639.40000000   3637.08333333   3637.17500000   3635.75000000   3633.93333333   3632.85833333   3631.41666667   3629.02500000 
   3627.09166667   3623.68333333   3620.83333333   3616.42500000   3615.21666667   3613.61666667   3611.05833333   3609.39166667   3607.94166667   3605.01666667   3602.23333333   3597.95000000   3595.75000000   3596.80833333   3593.31666667   3592.66666667   3591.28333333   3588.09166667   3587.04166667   3585.61666667   3582.21666667   3580.45000000   3578.45833333   3577.50833333   3577.98333333 
   3574.92500000   3571.51666667   3569.31666667   3565.17500000   3563.20000000   3560.58333333   3557.59166667   3554.94166667   3551.77500000   3549.15000000   3545.23333333   3543.70833333   3544.17500000   3539.67500000   3538.15833333   3534.90833333   3532.98333333   3530.43333333   3530.12500000   3524.44166667   3522.68333333   3523.00833333   3519.40000000   3517.63333333   3514.67500000 
   3512.40833333   3506.80000000   3505.31666667   3503.33333333   3501.32500000   3499.85000000   3494.02500000   3491.83333333   3486.65000000   3482.29166667   3480.44166667   3479.35000000   3476.44166667   3474.82500000   3473.30000000   3471.18333333   3468.76666667   3464.70000000   3462.35000000   3459.05833333   3456.61666667   3455.14166667   3449.98333333   3449.12500000   3448.27500000 
   3446.22500000   3440.49166667   3436.34166667   3433.21666667   3430.20000000   3424.25833333   3420.13333333   3417.40000000   3411.29166667   3410.32500000   3404.51666667   3401.57500000   3400.43333333   3397.89166667   3395.38333333   3390.30833333   3388.56666667   3385.07500000   3384.02500000   3381.02500000   3379.12500000   3376.57500000   3374.67500000   3371.46666667   3368.40000000 
   3366.15833333   3362.00000000   3357.50833333   3352.80833333   3350.49166667   3344.46666667   3341.66666667   3335.85000000   3332.56666667   3327.03333333   3321.77500000   3316.20833333   3310.34166667   3307.50000000   3304.34166667   3298.85833333   3294.81666667   3291.94166667   3287.71666667   3287.15833333   3284.52500000   3283.63333333   3278.48333333   3274.36666667   3273.28333333 
   3271.56666667   3268.03333333   3260.90833333   3256.80000000   3252.07500000   3247.02500000   3243.14166667   3237.96666667   3234.96666667   3230.84166667   3226.58333333   3222.19166667   3216.05000000   3213.55833333   3208.65833333   3204.75833333   3201.54166667   3196.48333333   3193.20000000   3190.06666667   3185.47500000   3181.35000000   3179.15000000   3175.65833333   3172.34166667 
   3168.60833333   3161.86666667   3156.19166667   3149.45833333   3142.64166667   3137.21666667   3130.90000000   3126.83333333   3124.12500000   3117.35000000   3112.84166667   3105.27500000   3101.10000000   3095.75000000   3092.35833333   3087.08333333   3080.94166667   3077.65833333   3073.05833333   3068.60833333   3063.10000000   3061.59166667   3056.03333333   3052.01666667   3048.72500000 
   3044.43333333   3038.83333333   3032.08333333   3027.78333333   3020.95833333   3014.56666667   3006.20000000   2999.96666667   2995.14166667   2989.72500000   2983.78333333   2978.40833333   2973.76666667   2967.12500000   2963.25833333   2958.22500000   2952.57500000   2946.49166667   2940.53333333   2934.55000000   2928.27500000   2923.78333333   2920.21666667   2917.41666667   2912.45833333 
   2908.54166667   2899.87500000   2894.35833333   2885.23333333   2879.03333333   2875.39166667   2870.58333333   2864.52500000   2859.20833333   2854.10000000   2847.22500000   2841.27500000   2837.76666667   2829.33333333   2821.22500000   2811.75000000   2806.18333333   2797.55000000   2795.00000000   2787.20833333   2784.94166667   2777.50833333   2770.07500000   2766.70000000   2760.58333333 
   2755.45000000   2747.98333333   2737.33333333   2732.73333333   2725.95833333   2717.63333333   2711.90833333   2704.09166667   2694.41666667   2686.93333333   2680.90833333   2672.53333333   2666.75833333   2660.99166667   2654.55000000   2649.40000000   2643.53333333   2636.03333333   2627.52500000   2623.26666667   2615.75000000   2609.50833333   2604.28333333   2598.50000000   2592.91666667 
   2588.62500000   2577.93333333   2567.59166667   2557.06666667   2547.92500000   2537.96666667   2529.97500000   2520.05000000   2513.43333333   2505.55000000   2499.71666667   2490.91666667   2482.30000000   2472.80000000   2465.14166667   2458.24166667   2451.60000000   2443.74166667   2433.84166667   2428.30000000   2420.94166667   2411.10000000   2403.75833333   2397.46666667   2391.58333333 
   2382.54166667   2373.08333333   2364.10000000   2353.45833333   2344.50000000   2337.10833333   2328.71666667   2320.05833333   2310.42500000   2301.87500000   2292.41666667   2282.64166667   2275.61666667   2266.67500000   2258.09166667   2246.70833333   2238.40833333   2228.80000000   2221.29166667   2214.61666667   2208.87500000   2202.21666667   2193.77500000   2185.59166667   2178.37500000 
   2169.37500000   2158.44166667   2149.36666667   2138.35000000   2128.47500000   2118.20000000   2108.74166667   2098.35833333   2089.68333333   2082.77500000   2073.33333333   2064.87500000   2055.12500000   2045.46666667   2035.60000000   2027.21666667   2022.20833333   2014.62500000   2008.12500000   1999.67500000   1992.17500000   1984.31666667   1972.89166667   1967.47500000   1958.50833333 
   1949.01666667   1938.19166667   1926.68333333   1915.70833333   1906.55833333   1893.95833333   1882.86666667   1873.96666667   1864.69166667   1855.40000000   1845.87500000   1836.19166667   1829.51666667   1818.68333333   1810.65833333   1801.01666667   1794.21666667   1785.79166667   1778.25000000   1769.80000000   1762.38333333   1755.55000000   1745.75833333   1737.62500000   1729.26666667 
   1721.58333333   1710.71666667   1697.56666667   1686.22500000   1675.75833333   1665.27500000   1656.25833333   1647.43333333   1637.46666667   1626.00000000   1618.55000000   1608.45000000   1597.51666667   1590.49166667   1581.01666667   1571.72500000   1564.05833333   1554.21666667   1544.09166667   1536.11666667   1528.94166667   1521.85833333   1510.75833333   1501.85000000   1493.15833333 
   1486.98333333   1474.50000000   1465.27500000   1454.38333333   1442.65000000   1431.21666667   1423.05000000   1414.75833333   1403.68333333   1396.41666667   1387.80000000   1379.70000000   1372.18333333   1364.30000000   1356.67500000   1350.10833333   1340.92500000   1330.63333333   1322.88333333   1315.35000000   1308.00833333   1303.85833333   1297.19166667   1287.75833333   1281.09166667 
   1272.96666667   1262.52500000   1251.55833333   1238.55833333   1229.53333333   1219.23333333   1206.90833333   1199.13333333   1189.57500000   1180.00000000   1173.20000000   1162.64166667   1153.08333333   1144.04166667   1138.67500000   1131.27500000   1123.22500000   1115.83333333   1109.20833333   1101.95833333   1093.89166667   1085.93333333   1079.04166667   1076.90000000   1072.79166667 
   1062.92500000   1052.10000000   1041.20833333   1032.87500000   1024.27500000   1014.23333333   1003.07500000    993.90000000    985.80000000    977.69166667    970.14166667    961.55000000    953.75000000    946.59166667    940.11666667    932.73333333    927.49166667    920.18333333    914.74166667    909.21666667    903.28333333    899.06666667    892.50833333    887.47500000    880.54166667 
    876.30833333    866.84166667    858.65000000    850.85000000    844.40833333    838.90000000    832.02500000    823.75833333    817.37500000    811.88333333    804.80833333    799.68333333    791.78333333    785.19166667    777.90833333    773.54166667    766.05000000    761.15833333    756.76666667    751.47500000    747.59166667    739.90833333    735.90833333    732.01666667    726.25833333 
    720.85833333    714.32500000    708.72500000    702.19166667    695.62500000    690.04166667    684.12500000    679.25000000    672.91666667    668.40833333    663.29166667    659.08333333    654.87500000    647.47500000    641.75833333    636.11666667    630.64166667    625.85833333    622.34166667    617.06666667    614.75833333    609.37500000    605.98333333    602.64166667    599.95833333 
    594.93333333    589.44166667    583.38333333    579.45000000    572.42500000    568.52500000    563.35000000    557.00833333    552.73333333    547.11666667    542.21666667    538.60000000    534.15833333    528.63333333    524.50000000    521.28333333    517.85833333    512.83333333    508.71666667    506.58333333    503.15000000    501.68333333    497.87500000    498.45000000    496.31666667 
    494.19166667    487.35000000    480.67500000    475.94166667    471.96666667    470.75000000    467.55833333    464.15833333    458.45833333    453.64166667    452.10833333    447.41666667    443.90833333    441.95000000    440.90000000    437.85000000    435.32500000    432.35833333    427.51666667    425.75000000    423.51666667    421.65833333    419.42500000    417.80833333    415.01666667 
    412.78333333    409.06666667    405.11666667    400.83333333    396.90833333    393.46666667    390.65000000    386.86666667    382.61666667    377.42500000    374.24166667    373.47500000    371.05833333    369.20833333    366.83333333    365.50833333    362.74166667    361.27500000    357.81666667    358.57500000    356.75000000    354.80833333    352.34166667    351.45000000    348.22500000 
    346.45833333    344.78333333    340.90833333    338.42500000    335.31666667    331.76666667    328.52500000    325.03333333    321.94166667    322.30000000    317.13333333    315.03333333    313.15000000    313.56666667    313.36666667    309.80833333    307.70833333    306.57500000    304.06666667    302.69166667    299.74166667    298.94166667    297.85000000    296.65833333    296.23333333 
    292.85000000    289.95000000    286.67500000    284.05000000    283.05000000    280.38333333    278.85833333    277.80000000    277.03333333    273.88333333    273.71666667    272.00833333    270.99166667    268.34166667    267.60000000    267.75833333    268.00000000    264.93333333    264.58333333    263.11666667    261.44166667    260.15833333    259.18333333    257.49166667    257.35833333 
    257.49166667    253.75000000    252.41666667    248.50000000    247.84166667    245.32500000    243.00833333    241.80000000    240.20833333    238.59166667    236.26666667    235.05000000    231.55833333    233.19166667    232.82500000    233.08333333    231.20000000    232.06666667    232.52500000    231.87500000    229.63333333    229.36666667    227.90000000    226.94166667    227.12500000 
    226.71666667    225.51666667    223.66666667    222.73333333    220.77500000    219.41666667    216.57500000    215.96666667    215.90833333    213.45000000    210.20833333    208.40000000    206.25833333    206.72500000    206.29166667    204.40000000    203.22500000    203.01666667    202.51666667    202.31666667    200.94166667    200.31666667    200.12500000    198.15000000    197.13333333 
    196.20000000    196.28333333    194.91666667    191.32500000    189.26666667    185.86666667    184.54166667    184.44166667    183.28333333    182.85000000    181.99166667    181.29166667    181.20000000    178.76666667    178.42500000    177.00833333    177.30000000    178.12500000    178.00833333    177.84166667    177.59166667    176.28333333    178.30833333    177.48333333    177.24166667 
    175.34166667    173.40833333    172.14166667    171.60000000    170.19166667    168.05833333    167.00833333    164.85833333    164.23333333    162.47500000    160.87500000    160.70833333    160.64166667    160.02500000    160.90000000    159.72500000    160.44166667    160.40000000    160.82500000    160.32500000    160.50833333    159.12500000    159.89166667    159.95000000    157.80833333 
    157.65000000    154.19166667    153.88333333    151.08333333    150.10000000    149.26666667    148.26666667    149.91666667    149.16666667    146.85833333    145.83333333    144.98333333    144.04166667    144.63333333    144.99166667    144.07500000    144.59166667    143.40833333    142.03333333    141.77500000    142.42500000    142.52500000    143.58333333    141.61666667    140.60000000 
    140.19166667    138.02500000    136.75000000    135.91666667    132.90000000    131.63333333    130.80000000    131.17500000    129.52500000    128.85000000    128.87500000    128.15000000    127.41666667    127.01666667    126.69166667    126.45833333    124.70833333    123.82500000    123.08333333    122.40000000    120.54166667    120.03333333    121.22500000    122.39166667    123.35000000 
    123.10000000    121.80000000    120.55833333    119.94166667    119.01666667    118.34166667    117.53333333    116.44166667    115.98333333    117.02500000    115.80000000    115.07500000    114.55000000    114.00000000    113.94166667    113.88333333    112.57500000    112.92500000    112.75833333    112.43333333    113.69166667    113.03333333    113.67500000    113.36666667    113.55000000 
    114.37500000    113.54166667    111.36666667    109.73333333    108.03333333    106.98333333    106.55833333    105.55000000    105.45000000    104.35000000    103.75833333    104.74166667    103.64166667    102.95833333    102.83333333    101.48333333    102.37500000    102.16666667    101.84166667    101.86666667    100.76666667    101.80000000    102.79166667    105.28333333    104.89166667 
    103.67500000    101.11666667    101.16666667    100.30833333    100.43333333     98.81666667     97.97500000     96.70000000     95.90833333     94.58333333     93.67500000     92.71666667     91.90833333     93.26666667     93.77500000     94.77500000     93.84166667     93.90833333     93.70833333     93.05833333     93.25833333     93.58333333     94.41666667     94.81666667     92.92500000 
     93.70000000     92.95000000     92.16666667     93.08333333     91.77500000     91.91666667     89.62500000     88.51666667     88.20833333     86.04166667     85.30833333     84.99166667     85.31666667     84.60000000     84.23333333     85.06666667     84.93333333     85.15833333     84.16666667     82.46666667     83.86666667     83.69166667     84.38333333     83.72500000     84.30000000 
     84.50833333     82.79166667     83.70000000     82.34166667     81.82500000     80.59166667     78.02500000     78.83333333     79.71666667     78.07500000     78.45000000     78.59166667     79.11666667     79.90000000     80.15833333     79.20000000     79.17500000     78.12500000     78.05833333     77.65833333     78.54166667     77.82500000     78.54166667     77.68333333     77.86666667 
     76.58333333     74.57500000     74.35833333     73.28333333     74.89166667     74.22500000     73.85833333     73.25833333     71.78333333     71.58333333     72.19166667     72.56666667     72.70000000     73.22500000     72.27500000     71.37500000     71.40000000     71.41666667     72.05833333     71.53333333     70.30833333     71.10000000     71.93333333     71.25833333     71.55000000 
     69.31666667     68.49166667     67.68333333     67.60000000     66.33333333     67.34166667     67.60000000     67.65833333     68.73333333     68.42500000     67.89166667     68.03333333     67.87500000     66.86666667     66.30000000     66.40000000     66.46666667     66.24166667     66.01666667     65.07500000     64.65000000     64.72500000     65.35833333     65.78333333     65.91666667 
     66.80000000     66.15000000     66.19166667     64.81666667     63.92500000     63.27500000     62.89166667     63.44166667     62.06666667     61.70000000     61.40000000     62.05000000     62.07500000     62.40833333     62.68333333     61.67500000     62.91666667     62.82500000     62.30000000     62.05000000     60.53333333     60.89166667     60.95000000     61.80833333     61.32500000 
     61.29166667     61.95833333     60.09166667     59.14166667     59.05833333     57.85000000     57.33333333     58.37500000     57.37500000     56.95833333     56.70000000     57.78333333     57.72500000     57.50833333     57.24166667     57.05833333     56.63333333     57.35833333     57.21666667     56.15833333     56.62500000     57.12500000     56.44166667     56.63333333     57.10833333 
     55.97500000     55.28333333     55.47500000     53.46666667     53.63333333     52.68333333     51.96666667     51.47500000     52.32500000     52.74166667     52.05000000     51.66666667     51.40833333     51.45000000     51.99166667     51.95000000     51.41666667     51.56666667     51.40000000     51.12500000     51.85000000     51.98333333     52.25000000     52.48333333     52.10833333 
     52.83333333     51.37500000     50.06666667     49.98333333     49.92500000     49.24166667     48.66666667     48.48333333     48.42500000     48.30833333     48.72500000     49.18333333     49.34166667     49.70833333     50.13333333     49.13333333     49.00000000     48.75000000     48.94166667     49.37500000     49.70833333     49.80833333     49.95833333     50.05000000     48.77500000 
     49.22500000     47.60000000     46.45833333     45.86666667     45.39166667     45.06666667     44.38333333     44.82500000     46.09166667     45.93333333     44.81666667     44.89166667     45.35833333     44.96666667     44.98333333     45.87500000     45.96666667     45.28333333     45.64166667     45.72500000     44.53333333     44.50833333     45.00833333     45.02500000     45.86666667 
     46.56666667     46.12500000     45.39166667     44.28333333     43.54166667     43.87500000     43.77500000     42.92500000     42.95833333     43.48333333     43.09166667     43.10833333     42.65833333     43.55833333     42.73333333     43.43333333     43.72500000     43.21666667     43.10000000     41.87500000     42.71666667     43.01666667     43.50833333     43.11666667     43.52500000 
     43.34166667     43.57500000     42.67500000     42.05833333     41.43333333     40.55833333     39.85833333     41.15000000     40.57500000     39.93333333     39.93333333     39.45833333     38.07500000     38.11666667     38.56666667     38.53333333     38.89166667     39.34166667     37.80000000     38.71666667     38.86666667     39.65833333     40.43333333     40.46666667     40.33333333 
     39.95000000     37.71666667     37.52500000     36.98333333     37.20000000     37.13333333     36.27500000     35.60833333     35.56666667     35.98333333     36.25833333     36.80833333     35.29166667     35.89166667     36.01666667     35.83333333     36.89166667     37.38333333     36.81666667     36.60000000     37.53333333     37.20000000     37.60000000     37.40000000     38.72500000 
     38.51666667     37.88333333     36.84166667     36.22500000     35.87500000     34.85000000     34.69166667     34.02500000     34.00833333     33.54166667     34.41666667     34.99166667     33.71666667     33.76666667     34.49166667     34.55000000     34.33333333     34.29166667     35.24166667     34.65000000     35.30000000     34.18333333     33.64166667     33.78333333     33.73333333 
     34.42500000     34.80000000     33.47500000     32.22500000     32.69166667     31.91666667     31.91666667     32.70833333     32.32500000     32.90000000     33.24166667     32.24166667     31.90833333     32.04166667     31.72500000     32.21666667     31.80000000     32.34166667     32.36666667     32.17500000     31.01666667     31.69166667     32.45833333     32.09166667     32.37500000 
     32.65833333     32.96666667     31.72500000     30.65000000     30.93333333     30.67500000     30.75833333     30.69166667     31.00833333     30.67500000     30.12500000     30.36666667     30.91666667     30.97500000     31.65000000     31.07500000     31.05000000     31.14166667     30.80000000     31.60833333     30.79166667     29.83333333     29.94166667     30.43333333     30.55833333 
     30.92500000     30.19166667     28.60833333     29.20833333     27.90833333     27.71666667     27.66666667     27.28333333     28.07500000     28.51666667     29.85000000     29.76666667     29.77500000     29.15000000     28.69166667     28.45000000     29.08333333     29.46666667     28.70833333     29.00000000     29.97500000     29.12500000     28.68333333     28.40833333     28.86666667 
     28.29166667     28.37500000     27.16666667     26.57500000     27.10000000     27.51666667     27.50833333     26.95833333     26.50000000     26.43333333     26.34166667     26.49166667     26.40000000     26.15833333     25.92500000     26.52500000     25.94166667     25.95000000     26.21666667     26.70000000     26.53333333     25.55833333     26.65833333     26.58333333     27.74166667 
