      0.00000000     72.05833333     83.31666667     88.18333333     87.85000000     91.51666667     92.00000000     92.59166667     94.75833333     94.36666667     96.81666667     93.00000000     95.71666667     94.46666667     94.40833333     96.17500000     95.77500000     93.99166667     93.02500000     95.15833333     95.35000000     96.16666667     94.80833333     92.94166667     93.92500000 
     94.50833333     95.50833333     96.69166667     97.72500000     97.16666667     97.25000000     97.21666667     99.67500000     99.52500000     98.41666667     98.30000000     97.30833333     96.77500000     97.83333333     97.10833333     99.31666667     97.99166667    100.08333333     98.80000000     97.64166667     99.26666667     99.73333333     98.50833333     95.87500000     96.67500000 
     99.94166667    103.77500000    101.99166667    104.00000000    102.20833333    103.45833333    102.31666667    102.02500000    102.77500000    102.12500000    103.25000000    103.37500000    101.34166667    105.00000000    102.56666667    103.67500000    104.83333333    104.96666667    103.11666667    105.20000000    102.40000000    104.05833333    101.14166667    100.48333333    101.88333333 
    100.35833333    105.25833333    107.28333333    106.18333333    106.55000000    105.46666667    104.16666667    106.62500000    106.21666667    105.28333333    103.56666667    104.88333333    106.31666667    105.82500000    106.65833333    106.48333333    106.20000000    106.46666667    106.37500000    106.48333333    106.87500000    107.49166667    106.65000000    108.46666667    105.52500000 
    106.51666667    108.95000000    108.05000000    108.88333333    109.90000000    109.20000000    109.39166667    109.53333333    110.20833333    111.66666667    109.81666667    108.07500000    107.92500000    108.91666667    109.69166667    110.76666667    112.03333333    111.05000000    111.70833333    110.34166667    113.14166667    110.47500000    109.65000000    111.81666667    108.05000000 
    110.45000000    113.45833333    112.65833333    113.58333333    114.84166667    113.47500000    115.51666667    116.01666667    114.50000000    115.54166667    115.81666667    113.85833333    115.10000000    114.05000000    116.00833333    113.36666667    117.80000000    117.40833333    117.25833333    115.11666667    113.81666667    113.20833333    114.40833333    117.61666667    116.29166667 
    114.67500000    119.45833333    119.80833333    122.45833333    121.02500000    120.10833333    117.80833333    122.30833333    121.79166667    122.32500000    121.40833333    121.35000000    118.77500000    119.64166667    120.91666667    120.19166667    116.84166667    118.80000000    118.53333333    119.07500000    118.33333333    118.96666667    118.74166667    120.74166667    119.92500000 
    121.06666667    123.58333333    125.00000000    125.85000000    125.83333333    128.59166667    129.13333333    127.65000000    125.90000000    126.94166667    125.18333333    122.18333333    125.48333333    125.63333333    128.12500000    127.05833333    124.87500000    125.55833333    125.60833333    126.00833333    126.50000000    126.00833333    125.70000000    125.95833333    126.53333333 
    124.45000000    127.36666667    128.12500000    127.35833333    128.92500000    130.98333333    131.15833333    130.72500000    131.83333333    131.56666667    131.97500000    132.66666667    132.21666667    131.88333333    131.98333333    129.62500000    130.75833333    130.78333333    132.47500000    132.23333333    130.55000000    130.73333333    132.05000000    131.85000000    131.48333333 
    131.65833333    134.58333333    136.20833333    137.12500000    137.11666667    137.12500000    136.60000000    138.51666667    136.75000000    139.84166667    137.50000000    138.23333333    139.36666667    139.99166667    140.40833333    138.90000000    138.38333333    139.03333333    137.90000000    136.85833333    138.18333333    137.89166667    136.43333333    138.10000000    138.78333333 
    136.26666667    140.24166667    142.71666667    144.43333333    144.61666667    144.05000000    143.51666667    146.85000000    145.65833333    145.25000000    142.00000000    142.05000000    143.21666667    143.60000000    143.30833333    141.92500000    142.53333333    142.16666667    142.70833333    143.58333333    145.82500000    145.16666667    145.37500000    147.01666667    148.79166667 
    147.14166667    151.92500000    151.89166667    152.40000000    151.64166667    151.46666667    151.87500000    152.10833333    151.05000000    151.71666667    152.20833333    153.79166667    150.68333333    150.61666667    154.40000000    154.05000000    152.57500000    152.30833333    153.85833333    153.10833333    153.01666667    153.37500000    149.56666667    151.78333333    150.72500000 
    150.48333333    153.83333333    155.87500000    157.45833333    157.37500000    161.79166667    161.66666667    160.09166667    160.36666667    162.15833333    161.69166667    160.34166667    158.55833333    159.60833333    158.07500000    158.65833333    157.65000000    157.05833333    157.25833333    158.38333333    157.54166667    158.39166667    158.23333333    159.69166667    157.95833333 
    158.80000000    162.00000000    163.40000000    163.84166667    166.41666667    166.94166667    165.35000000    164.70000000    164.86666667    165.43333333    167.45833333    166.51666667    168.89166667    166.35000000    166.51666667    167.15833333    166.25000000    166.47500000    165.10833333    163.16666667    165.41666667    168.01666667    168.41666667    170.60833333    169.32500000 
    166.75833333    171.56666667    174.20000000    175.20833333    175.32500000    178.55000000    176.77500000    175.65000000    174.75000000    175.48333333    177.09166667    177.82500000    176.36666667    175.75000000    175.42500000    175.87500000    178.05000000    178.95000000    177.58333333    177.85000000    175.77500000    174.75000000    176.51666667    176.64166667    177.27500000 
    178.02500000    181.65833333    183.40833333    183.56666667    185.33333333    187.38333333    187.46666667    185.65000000    186.92500000    186.84166667    185.56666667    186.92500000    187.44166667    187.47500000    185.45833333    186.94166667    187.52500000    188.81666667    190.37500000    192.58333333    194.31666667    190.63333333    192.09166667    187.64166667    189.93333333 
    190.91666667    195.14166667    197.22500000    197.98333333    200.09166667    197.30833333    201.81666667    201.97500000    200.97500000    199.95833333    201.97500000    201.30000000    200.60833333    198.57500000    200.97500000    202.10000000    201.30833333    203.15833333    201.20000000    199.35000000    201.35000000    200.83333333    201.22500000    200.15000000    199.54166667 
    200.20000000    201.25833333    204.76666667    206.85000000    207.84166667    209.20833333    209.00833333    211.06666667    210.48333333    213.13333333    212.66666667    212.30000000    211.76666667    214.25000000    213.95000000    214.50000000    214.90833333    214.32500000    216.25833333    214.06666667    217.05000000    218.23333333    215.51666667    216.67500000    215.85000000 
    215.97500000    218.58333333    221.93333333    223.45833333    222.79166667    225.72500000    226.79166667    226.60000000    228.25833333    227.05000000    227.53333333    230.02500000    231.18333333    230.96666667    230.63333333    231.39166667    232.84166667    230.85000000    232.97500000    230.75000000    231.72500000    232.48333333    231.24166667    229.00833333    228.56666667 
    230.14166667    234.26666667    235.05000000    236.52500000    236.92500000    239.57500000    240.49166667    239.08333333    238.38333333    238.73333333    238.94166667    241.45000000    241.30833333    241.74166667    240.95000000    242.48333333    243.20000000    242.30000000    242.17500000    241.72500000    242.59166667    245.75000000    245.09166667    245.45000000    245.26666667 
    246.47500000    247.58333333    249.30833333    252.16666667    254.56666667    254.50000000    252.61666667    254.35000000    255.35833333    258.31666667    257.47500000    255.33333333    258.29166667    256.90000000    258.68333333    255.86666667    259.29166667    263.20833333    263.66666667    262.94166667    259.82500000    261.60833333    259.56666667    259.95833333    259.20833333 
    261.23333333    263.43333333    267.17500000    268.44166667    268.62500000    270.12500000    270.43333333    271.00833333    270.82500000    272.59166667    272.86666667    276.76666667    276.21666667    278.17500000    277.25000000    277.04166667    279.82500000    280.95000000    278.71666667    279.79166667    280.05833333    279.59166667    278.43333333    276.71666667    279.64166667 
    282.35833333    286.26666667    290.00833333    289.03333333    291.51666667    291.21666667    290.40833333    291.95833333    292.27500000    293.55833333    295.26666667    296.80833333    297.51666667    300.99166667    302.06666667    303.40000000    302.65833333    303.21666667    303.41666667    300.65000000    301.85833333    300.45000000    300.42500000    300.29166667    298.99166667 
    298.02500000    303.36666667    304.80000000    308.45833333    310.61666667    311.61666667    312.56666667    312.78333333    314.56666667    315.10833333    315.29166667    318.35833333    320.73333333    323.72500000    323.82500000    326.10833333    325.22500000    325.57500000    323.03333333    326.57500000    326.71666667    326.47500000    327.77500000    329.99166667    331.67500000 
    326.60833333    331.42500000    332.63333333    337.05000000    340.71666667    341.35833333    342.79166667    343.68333333    345.84166667    347.56666667    350.10833333    350.00833333    352.43333333    353.58333333    354.05000000    355.54166667    355.80000000    355.80833333    356.14166667    357.07500000    358.09166667    357.04166667    357.20000000    356.42500000    355.17500000 
    356.71666667    360.28333333    362.66666667    366.83333333    367.80833333    370.79166667    372.72500000    373.75000000    375.84166667    378.74166667    381.08333333    381.09166667    380.58333333    383.80833333    386.67500000    385.24166667    385.77500000    388.21666667    386.45000000    387.76666667    387.94166667    388.70833333    390.55000000    389.49166667    386.77500000 
    387.80833333    395.40000000    396.21666667    398.08333333    397.30000000    398.85833333    400.55000000    404.24166667    407.39166667    408.70833333    411.81666667    412.37500000    416.72500000    418.72500000    417.73333333    419.35000000    420.59166667    418.37500000    422.15000000    423.78333333    422.57500000    425.10833333    425.91666667    426.63333333    425.46666667 
    426.95000000    430.97500000    434.42500000    437.35833333    441.77500000    445.04166667    448.14166667    449.11666667    447.10833333    449.46666667    449.48333333    451.91666667    453.39166667    455.85833333    458.98333333    459.25833333    459.36666667    464.29166667    464.67500000    463.95833333    464.29166667    464.81666667    462.24166667    462.70000000    464.60000000 
    463.47500000    469.55833333    475.17500000    477.50000000    479.87500000    483.80833333    485.22500000    486.61666667    489.23333333    490.69166667    492.44166667    492.50000000    493.79166667    495.85000000    496.15833333    497.75833333    500.75000000    502.37500000    501.91666667    503.87500000    503.12500000    506.37500000    504.89166667    505.91666667    506.85833333 
    510.95833333    514.12500000    518.46666667    523.00833333    523.92500000    525.98333333    530.30000000    533.55833333    534.76666667    533.76666667    535.46666667    539.84166667    539.33333333    543.64166667    546.06666667    547.16666667    549.22500000    554.88333333    556.86666667    557.28333333    559.30000000    562.97500000    561.60000000    564.29166667    566.06666667 
    567.71666667    574.92500000    581.33333333    583.40833333    587.35833333    590.20000000    591.46666667    592.83333333    597.85833333    600.54166667    600.56666667    602.61666667    607.24166667    609.44166667    610.41666667    613.89166667    614.17500000    613.55833333    614.03333333    618.07500000    621.86666667    621.70833333    620.96666667    623.08333333    623.22500000 
    628.63333333    635.50833333    639.80000000    642.98333333    645.64166667    651.45000000    654.16666667    656.03333333    659.31666667    662.98333333    664.67500000    668.61666667    672.90833333    675.02500000    677.68333333    683.68333333    686.41666667    688.35000000    693.87500000    695.04166667    695.21666667    695.76666667    700.20833333    704.20000000    706.27500000 
    706.11666667    714.05833333    719.93333333    724.51666667    727.46666667    731.11666667    734.63333333    737.48333333    742.39166667    746.66666667    750.00000000    750.15833333    752.23333333    755.82500000    758.23333333    762.65000000    765.51666667    770.32500000    771.19166667    774.85000000    775.67500000    778.80833333    782.33333333    781.04166667    782.10000000 
    784.95000000    790.53333333    794.99166667    803.53333333    810.71666667    813.02500000    815.20000000    821.23333333    825.59166667    830.47500000    832.95000000    835.83333333    836.85000000    842.61666667    845.35833333    848.70000000    855.30833333    856.14166667    861.15000000    862.81666667    867.13333333    870.97500000    874.00000000    875.12500000    876.24166667 
    876.32500000    881.87500000    888.28333333    893.50833333    898.34166667    904.18333333    906.87500000    910.50833333    916.67500000    920.13333333    927.05000000    927.31666667    931.33333333    935.51666667    936.75000000    939.99166667    944.41666667    946.20000000    951.15833333    953.06666667    955.76666667    958.19166667    960.85833333    968.60833333    972.40833333 
    975.35000000    982.56666667    990.36666667    995.02500000   1002.28333333   1008.67500000   1012.60833333   1018.25833333   1024.48333333   1028.60833333   1033.60833333   1038.20000000   1040.31666667   1044.87500000   1048.61666667   1053.85000000   1059.33333333   1066.48333333   1068.38333333   1072.21666667   1079.40833333   1081.63333333   1085.19166667   1090.74166667   1095.97500000 
   1101.90833333   1109.82500000   1114.77500000   1120.44166667   1126.75833333   1130.47500000   1136.45833333   1140.88333333   1148.35833333   1153.00000000   1159.54166667   1164.25000000   1167.97500000   1172.13333333   1176.26666667   1180.59166667   1184.77500000   1189.53333333   1193.07500000   1195.17500000   1198.41666667   1203.60833333   1206.95000000   1212.20000000   1214.37500000 
   1217.03333333   1223.74166667   1231.30833333   1237.10833333   1244.51666667   1250.34166667   1260.12500000   1262.07500000   1267.10833333   1273.38333333   1276.64166667   1284.30000000   1287.57500000   1291.39166667   1297.55833333   1304.25000000   1308.84166667   1311.60833333   1316.33333333   1324.81666667   1330.79166667   1336.47500000   1341.19166667   1345.55833333   1351.40833333 
   1355.35833333   1363.05000000   1370.20000000   1380.31666667   1388.63333333   1396.53333333   1404.85833333   1411.54166667   1418.95833333   1426.67500000   1434.40000000   1440.80000000   1447.99166667   1452.78333333   1461.59166667   1472.40833333   1477.97500000   1484.83333333   1491.39166667   1495.90000000   1502.77500000   1510.15833333   1516.05000000   1520.11666667   1524.67500000 
   1528.74166667   1540.75000000   1550.85833333   1557.46666667   1564.19166667   1572.25833333   1579.40000000   1585.50833333   1593.49166667   1599.17500000   1607.05000000   1614.37500000   1625.26666667   1631.95000000   1639.35833333   1646.72500000   1651.27500000   1657.85833333   1665.80833333   1670.87500000   1675.87500000   1680.89166667   1688.55000000   1693.65833333   1700.72500000 
   1705.43333333   1714.59166667   1720.49166667   1731.83333333   1741.15833333   1748.60833333   1754.55833333   1762.06666667   1770.22500000   1775.58333333   1784.35000000   1792.01666667   1800.04166667   1805.69166667   1817.48333333   1825.51666667   1832.36666667   1841.59166667   1847.25000000   1852.90833333   1858.40000000   1863.83333333   1869.79166667   1875.48333333   1881.48333333 
   1886.80000000   1897.26666667   1904.49166667   1912.48333333   1922.62500000   1933.42500000   1943.55833333   1950.62500000   1961.41666667   1970.15833333   1977.55833333   1985.40000000   1992.54166667   2000.69166667   2005.44166667   2011.54166667   2019.55833333   2026.86666667   2036.80833333   2044.44166667   2050.31666667   2057.46666667   2064.65000000   2073.65833333   2081.48333333 
   2087.45833333   2098.50833333   2107.80833333   2114.59166667   2121.75000000   2129.38333333   2138.87500000   2148.43333333   2156.61666667   2161.62500000   2168.50833333   2174.74166667   2180.14166667   2187.41666667   2195.85000000   2201.97500000   2207.62500000   2215.21666667   2219.71666667   2230.13333333   2237.04166667   2242.95833333   2250.63333333   2259.83333333   2266.03333333 
   2272.17500000   2281.30000000   2292.80833333   2300.33333333   2311.49166667   2319.53333333   2330.83333333   2337.94166667   2346.03333333   2353.79166667   2361.38333333   2368.79166667   2378.21666667   2386.20833333   2392.85000000   2398.88333333   2408.18333333   2415.33333333   2420.91666667   2428.20833333   2435.85833333   2444.61666667   2453.07500000   2459.70000000   2467.90000000 
   2473.61666667   2481.04166667   2491.21666667   2501.80000000   2510.39166667   2520.23333333   2528.09166667   2535.80833333   2542.99166667   2551.66666667   2559.69166667   2567.95000000   2575.02500000   2586.26666667   2591.28333333   2599.57500000   2606.76666667   2615.16666667   2622.83333333   2629.70833333   2636.74166667   2645.86666667   2650.50833333   2659.72500000   2667.75833333 
   2674.09166667   2683.00833333   2692.59166667   2701.32500000   2707.07500000   2716.32500000   2722.62500000   2731.53333333   2740.55833333   2747.75000000   2753.61666667   2762.10000000   2767.55833333   2775.84166667   2782.70833333   2789.92500000   2798.00000000   2804.95833333   2813.39166667   2817.50833333   2824.79166667   2830.29166667   2836.80000000   2843.75833333   2848.83333333 
   2856.77500000   2865.31666667   2872.90000000   2880.51666667   2886.86666667   2896.56666667   2902.32500000   2909.45000000   2919.46666667   2926.47500000   2932.65000000   2942.62500000   2949.22500000   2954.45833333   2960.74166667   2965.70833333   2972.77500000   2977.10833333   2984.86666667   2993.29166667   2999.45833333   3005.98333333   3011.21666667   3018.41666667   3024.31666667 
   3029.70000000   3039.05000000   3048.69166667   3054.18333333   3061.79166667   3071.83333333   3077.65000000   3085.76666667   3092.69166667   3099.83333333   3105.49166667   3110.55000000   3116.82500000   3122.91666667   3129.37500000   3134.93333333   3142.14166667   3148.37500000   3154.39166667   3160.86666667   3165.90000000   3170.48333333   3176.55833333   3181.53333333   3189.65833333 
   3194.76666667   3200.99166667   3208.85833333   3217.87500000   3222.93333333   3230.93333333   3236.43333333   3242.06666667   3248.54166667   3255.15833333   3261.44166667   3267.45833333   3273.35833333   3277.11666667   3281.87500000   3289.13333333   3293.56666667   3299.24166667   3303.91666667   3310.94166667   3315.65000000   3318.25000000   3324.19166667   3330.85833333   3335.64166667 
   3340.03333333   3345.26666667   3351.62500000   3359.00000000   3363.70000000   3369.10000000   3375.48333333   3381.88333333   3386.93333333   3392.77500000   3396.91666667   3400.96666667   3405.99166667   3410.30000000   3417.24166667   3423.07500000   3428.50833333   3433.85833333   3437.24166667   3441.43333333   3444.73333333   3447.98333333   3453.51666667   3458.34166667   3462.22500000 
   3466.81666667   3471.97500000   3476.59166667   3483.76666667   3487.69166667   3493.73333333   3497.21666667   3501.97500000   3505.49166667   3508.52500000   3512.69166667   3516.05833333   3518.88333333   3524.24166667   3527.13333333   3531.28333333   3536.14166667   3539.95833333   3544.00833333   3548.69166667   3553.45000000   3556.94166667   3561.30000000   3563.33333333   3567.98333333 
   3570.48333333   3573.56666667   3577.87500000   3582.31666667   3586.46666667   3589.38333333   3593.20000000   3597.20000000   3599.15833333   3603.09166667   3605.53333333   3609.30000000   3613.49166667   3617.41666667   3620.76666667   3624.63333333   3628.19166667   3632.07500000   3635.10000000   3637.76666667   3641.02500000   3643.77500000   3645.15000000   3647.76666667   3650.79166667 
   3652.45833333   3657.46666667   3661.72500000   3663.93333333   3667.81666667   3671.07500000   3674.85000000   3677.80833333   3680.36666667   3683.62500000   3687.21666667   3690.29166667   3694.90833333   3697.40000000   3702.22500000   3705.65833333   3709.81666667   3710.42500000   3714.27500000   3715.52500000   3718.25833333   3721.03333333   3723.40000000   3725.28333333   3727.77500000 
   3729.09166667   3731.69166667   3734.20000000   3737.35833333   3740.34166667   3743.77500000   3747.12500000   3748.87500000   3752.17500000   3754.65000000   3755.48333333   3759.01666667   3761.33333333   3762.98333333   3765.21666667   3768.55000000   3770.24166667   3771.93333333   3773.75833333   3775.32500000   3778.14166667   3780.93333333   3780.65833333   3781.48333333   3783.39166667 
   3784.82500000   3787.19166667   3789.75000000   3793.03333333   3795.17500000   3797.63333333   3799.59166667   3801.38333333   3804.49166667   3805.79166667   3807.56666667   3810.07500000   3811.50000000   3812.98333333   3815.74166667   3817.13333333   3818.34166667   3819.15000000   3820.30000000   3821.72500000   3823.78333333   3824.45000000   3825.34166667   3826.42500000   3828.31666667 
   3830.20000000   3832.30833333   3834.95000000   3836.72500000   3838.64166667   3840.79166667   3842.32500000   3844.51666667   3846.80833333   3848.70833333   3851.10000000   3853.47500000   3855.26666667   3856.68333333   3857.60833333   3858.95833333   3861.05000000   3862.15833333   3863.40000000   3864.15000000   3864.44166667   3866.77500000   3868.07500000   3869.63333333   3871.17500000 
   3873.16666667   3875.42500000   3877.38333333   3879.67500000   3881.02500000   3882.25833333   3883.60000000   3885.20833333   3886.88333333   3888.57500000   3890.50000000   3892.97500000   3892.34166667   3893.30000000   3896.38333333   3897.90000000   3899.36666667   3900.13333333   3899.95000000   3899.46666667   3900.84166667   3900.26666667   3901.15000000   3902.04166667   3902.42500000 
   3903.12500000   3903.92500000   3904.71666667   3907.30000000   3908.15000000   3910.27500000   3912.30000000   3913.24166667   3914.44166667   3915.59166667   3916.90833333   3917.10000000   3918.13333333   3918.27500000   3919.50000000   3920.06666667   3921.15833333   3922.28333333   3922.74166667   3923.33333333   3923.65000000   3925.41666667   3926.38333333   3926.52500000   3927.45000000 
   3928.37500000   3930.01666667   3930.39166667   3931.79166667   3932.58333333   3934.03333333   3934.83333333   3936.40000000   3937.05000000   3937.72500000   3939.42500000   3940.84166667   3941.87500000   3943.19166667   3944.37500000   3945.25000000   3945.63333333   3946.16666667   3947.40833333   3947.16666667   3947.16666667   3948.44166667   3949.09166667   3950.69166667   3951.17500000 
   3950.89166667   3953.30833333   3953.72500000   3955.50000000   3955.37500000   3956.36666667   3957.62500000   3958.69166667   3960.45833333   3961.10833333   3961.93333333   3962.62500000   3964.22500000   3965.08333333   3966.40833333   3966.59166667   3967.35000000   3967.95000000   3968.30000000   3968.45833333   3969.02500000   3970.01666667   3970.68333333   3971.41666667   3971.16666667 
   3971.30833333   3972.20000000   3973.56666667   3974.14166667   3975.45000000   3976.02500000   3976.70833333   3977.84166667   3978.10833333   3979.45000000   3979.56666667   3980.07500000   3981.14166667   3981.88333333   3982.14166667   3982.44166667   3982.41666667   3982.89166667   3982.95000000   3982.92500000   3983.31666667   3983.24166667   3984.36666667   3984.45833333   3984.17500000 
   3984.74166667   3984.69166667   3985.66666667   3986.76666667   3987.25000000   3987.62500000   3988.88333333   3989.80000000   3990.24166667   3990.94166667   3991.71666667   3993.09166667   3993.46666667   3993.52500000   3993.52500000   3993.58333333   3993.94166667   3994.66666667   3995.83333333   3996.08333333   3995.35000000   3996.67500000   3996.92500000   3996.71666667   3996.67500000 
   3996.62500000   3997.28333333   3997.84166667   3997.95000000   3998.90833333   3999.19166667   3999.87500000   4000.39166667   4000.31666667   4000.60833333   4001.39166667   4002.48333333   4002.96666667   4003.60833333   4004.55000000   4004.25833333   4004.91666667   4005.55833333   4005.72500000   4006.27500000   4005.85000000   4006.11666667   4006.11666667   4006.68333333   4007.50833333 
   4007.57500000   4008.38333333   4008.44166667   4009.10833333   4009.57500000   4010.20000000   4011.73333333   4011.95833333   4012.10833333   4012.15000000   4012.30833333   4012.46666667   4013.12500000   4013.92500000   4014.82500000   4014.76666667   4015.14166667   4016.08333333   4016.01666667   4016.79166667   4017.10000000   4016.98333333   4016.83333333   4017.17500000   4017.27500000 
   4017.45833333   4017.86666667   4018.57500000   4019.00000000   4019.60833333   4020.50833333   4021.16666667   4021.66666667   4021.99166667   4022.41666667   4022.37500000   4022.70000000   4023.37500000   4023.55000000   4024.05833333   4024.65833333   4024.48333333   4024.10000000   4024.75000000   4025.17500000   4025.08333333   4025.22500000   4025.54166667   4026.02500000   4026.08333333 
   4026.49166667   4027.07500000   4027.49166667   4027.49166667   4028.12500000   4028.67500000   4029.18333333   4029.08333333   4029.80000000   4030.12500000   4030.46666667   4030.44166667   4031.03333333   4031.11666667   4032.21666667   4032.46666667   4032.59166667   4032.64166667   4032.74166667   4032.57500000   4032.45000000   4032.62500000   4033.27500000   4033.47500000   4033.35833333 
   4033.54166667   4033.86666667   4033.87500000   4033.16666667   4033.59166667   4033.35000000   4033.70833333   4034.03333333   4034.59166667   4034.75000000   4034.97500000   4035.25000000   4034.97500000   4035.47500000   4036.39166667   4036.87500000   4037.53333333   4037.66666667   4037.84166667   4037.77500000   4037.79166667   4037.60833333   4036.91666667   4037.41666667   4037.10000000 
   4037.07500000   4037.03333333   4037.05833333   4037.18333333   4037.95833333   4038.86666667   4038.85000000   4039.46666667   4039.78333333   4040.14166667   4040.45000000   4040.97500000   4041.41666667   4041.77500000   4041.97500000   4042.03333333   4042.50000000   4042.70833333   4042.65833333   4043.06666667   4043.22500000   4043.66666667   4043.05833333   4042.75833333   4043.00000000 
   4042.99166667   4043.61666667   4043.80833333   4043.98333333   4044.20833333   4044.87500000   4045.07500000   4045.20833333   4045.98333333   4046.05833333   4045.86666667   4046.55833333   4047.06666667   4047.38333333   4047.37500000   4047.37500000   4047.16666667   4047.16666667   4047.46666667   4047.42500000   4047.84166667   4048.01666667   4047.89166667   4047.79166667   4047.80000000 
   4048.11666667   4048.36666667   4048.91666667   4049.24166667   4049.88333333   4049.85000000   4049.95000000   4050.31666667   4050.43333333   4050.50833333   4050.65833333   4050.52500000   4050.73333333   4050.62500000   4050.60833333   4050.99166667   4050.81666667   4051.00000000   4051.59166667   4051.86666667   4052.12500000   4052.50833333   4052.26666667   4052.70833333   4053.13333333 
   4052.86666667   4053.28333333   4053.70833333   4053.66666667   4053.57500000   4053.65000000   4053.89166667   4054.14166667   4054.15000000   4054.40833333   4054.28333333   4054.78333333   4054.67500000   4054.66666667   4055.03333333   4055.04166667   4055.41666667   4055.50833333   4055.52500000   4055.92500000   4056.49166667   4057.03333333   4056.75000000   4056.64166667   4056.42500000 
   4056.58333333   4056.71666667   4056.70833333   4057.06666667   4057.41666667   4057.41666667   4057.23333333   4057.25000000   4057.27500000   4057.01666667   4057.16666667   4057.44166667   4057.72500000   4057.85000000   4058.00000000   4058.09166667   4057.91666667   4057.85000000   4058.31666667   4058.21666667   4058.49166667   4058.50833333   4058.60833333   4059.23333333   4059.39166667 
   4059.91666667   4059.91666667   4059.73333333   4059.67500000   4059.90000000   4060.12500000   4060.39166667   4060.36666667   4060.51666667   4060.55000000   4060.43333333   4060.61666667   4060.62500000   4060.81666667   4060.95833333   4061.24166667   4061.83333333   4061.72500000   4061.49166667   4061.70833333   4062.29166667   4062.50000000   4062.34166667   4062.60000000   4063.01666667 
   4063.09166667   4063.01666667   4063.50833333   4063.74166667   4063.77500000   4063.83333333   4063.95833333   4064.30000000   4064.31666667   4064.67500000   4064.49166667   4064.75833333   4064.74166667   4064.69166667   4064.86666667   4065.10833333   4065.51666667   4065.41666667   4065.30833333   4065.46666667   4065.45000000   4065.71666667   4066.00000000   4066.05000000   4066.29166667 
   4066.38333333   4066.38333333   4066.46666667   4066.57500000   4066.50833333   4066.67500000   4066.96666667   4067.23333333   4067.30833333   4067.46666667   4067.45833333   4067.45000000   4067.49166667   4067.45000000   4067.49166667   4067.50833333   4067.90833333   4068.10000000   4068.00833333   4068.23333333   4068.39166667   4068.40833333   4068.34166667   4068.65000000   4068.19166667 
   4068.29166667   4068.63333333   4068.98333333   4069.21666667   4069.19166667   4069.42500000   4069.50833333   4069.61666667   4069.48333333   4069.45000000   4069.50833333   4069.73333333   4069.80833333   4069.73333333   4069.72500000   4069.87500000   4069.85000000   4070.00833333   4070.13333333   4070.31666667   4070.54166667   4070.42500000   4070.43333333   4070.67500000   4070.94166667 
   4070.93333333   4070.70000000   4070.63333333   4070.32500000   4070.45000000   4070.45000000   4070.45833333   4070.88333333   4071.01666667   4071.41666667   4071.55833333   4071.79166667   4072.04166667   4072.16666667   4072.03333333   4071.91666667   4072.08333333   4071.97500000   4072.35000000   4072.80000000   4073.11666667   4073.31666667   4073.20000000   4073.02500000   4072.77500000 
   4072.85000000   4073.07500000   4073.05000000   4073.18333333   4073.38333333   4073.75000000   4073.72500000   4073.95000000   4074.35000000   4074.10000000   4074.59166667   4074.47500000   4074.65000000   4074.80833333   4074.79166667   4074.90833333   4075.21666667   4075.31666667   4075.03333333   4075.02500000   4074.91666667   4074.88333333   4074.91666667   4074.91666667   4074.84166667 
   4074.91666667   4074.97500000   4075.25000000   4075.32500000   4075.60000000   4075.39166667   4075.26666667   4075.66666667   4076.03333333   4076.38333333   4076.20833333   4076.19166667   4076.59166667   4076.58333333   4076.40000000   4076.62500000   4076.33333333   4076.51666667   4076.50000000   4076.41666667   4076.49166667   4076.63333333   4076.69166667   4076.70000000   4076.75833333 
   4076.65833333   4076.95833333   4076.90833333   4077.05833333   4077.10833333   4076.93333333   4077.07500000   4077.02500000   4076.97500000   4076.93333333   4076.96666667   4077.07500000   4077.36666667   4077.63333333   4077.48333333   4077.69166667   4077.78333333   4078.01666667   4077.95833333   4078.13333333   4078.20833333   4077.96666667   4078.05833333   4078.13333333   4078.25833333 
   4078.45833333   4078.43333333   4078.26666667   4078.05000000   4078.05833333   4077.92500000   4077.93333333   4077.75833333   4077.70000000   4077.51666667   4077.34166667   4077.31666667   4076.95833333   4076.55833333   4076.26666667   4075.81666667   4075.94166667   4076.25833333   4076.08333333   4076.31666667   4076.60833333   4076.70833333   4076.23333333   4076.33333333   4076.45833333 
   4076.56666667   4076.47500000   4076.45000000   4076.29166667   4076.28333333   4076.30000000   4076.21666667   4076.28333333   4076.34166667   4076.32500000   4076.43333333   4076.30833333   4076.20833333   4076.10000000   4076.08333333   4076.05833333   4076.39166667   4076.35000000   4076.39166667   4076.43333333   4076.34166667   4076.26666667   4076.13333333   4076.01666667   4075.84166667 
   4075.84166667   4076.00000000   4075.83333333   4076.05000000   4075.86666667   4075.70833333   4075.55000000   4075.30000000   4075.32500000   4075.21666667   4074.87500000   4074.80833333   4074.43333333   4074.27500000   4074.29166667   4074.29166667   4074.09166667   4074.07500000   4074.08333333   4074.10000000   4074.00833333   4074.09166667   4074.18333333   4074.28333333   4073.81666667 
   4073.95000000   4073.64166667   4073.48333333   4073.26666667   4073.05000000   4073.10833333   4072.86666667   4073.29166667   4072.78333333   4072.78333333   4072.78333333   4072.92500000   4072.95000000   4073.02500000   4072.79166667   4072.74166667   4072.55833333   4072.89166667   4072.76666667   4072.57500000   4072.85000000   4072.46666667   4072.30833333   4072.31666667   4072.22500000 
   4072.06666667   4071.74166667   4071.60833333   4071.38333333   4071.21666667   4070.91666667   4070.85000000   4070.96666667   4070.71666667   4070.71666667   4070.38333333   4070.39166667   4070.35833333   4070.40833333   4070.14166667   4069.74166667   4069.70000000   4069.57500000   4069.60000000   4069.41666667   4069.26666667   4069.01666667   4069.08333333   4069.25833333   4069.12500000 
   4069.36666667   4069.30000000   4069.06666667   4069.00000000   4068.94166667   4068.82500000   4068.97500000   4069.12500000   4068.78333333   4068.83333333   4068.82500000   4068.92500000   4068.90833333   4068.88333333   4069.10833333   4069.09166667   4068.82500000   4068.65000000   4068.71666667   4068.65000000   4068.37500000   4068.77500000   4068.45000000   4068.38333333   4068.36666667 
   4068.29166667   4068.28333333   4068.36666667   4068.08333333   4067.89166667   4067.82500000   4067.57500000   4067.60000000   4067.12500000   4067.51666667   4067.19166667   4066.97500000   4066.70000000   4066.70833333   4066.51666667   4066.22500000   4066.10000000   4066.10000000   4066.00000000   4065.79166667   4065.80833333   4066.13333333   4066.00833333   4065.54166667   4065.20000000 
   4065.08333333   4064.90833333   4064.85000000   4064.23333333   4063.69166667   4063.58333333   4063.64166667   4063.80833333   4063.60833333   4063.40833333   4063.08333333   4063.15833333   4062.92500000   4062.85000000   4062.85000000   4062.85833333   4062.82500000   4062.32500000   4062.33333333   4062.44166667   4062.30000000   4062.72500000   4062.25833333   4062.54166667   4062.22500000 
   4062.62500000   4061.83333333   4061.69166667   4061.59166667   4061.28333333   4061.21666667   4060.83333333   4061.02500000   4060.85000000   4060.75833333   4060.81666667   4060.83333333   4060.60833333   4060.64166667   4060.66666667   4060.49166667   4060.42500000   4060.35000000   4060.16666667   4060.28333333   4059.97500000   4059.65833333   4059.54166667   4059.76666667   4059.90000000 
   4059.98333333   4059.77500000   4059.63333333   4059.47500000   4058.65000000   4058.20833333   4057.55833333   4057.18333333   4056.73333333   4057.15833333   4057.17500000   4056.94166667   4057.09166667   4056.66666667   4056.75833333   4057.25833333   4056.84166667   4056.86666667   4056.75833333   4056.65000000   4056.29166667   4056.56666667   4056.48333333   4056.03333333   4056.42500000 
   4056.69166667   4056.10833333   4055.73333333   4055.65833333   4055.63333333   4055.50000000   4055.32500000   4054.90833333   4054.55833333   4054.85000000   4054.75833333   4054.45833333   4054.30833333   4054.37500000   4054.05833333   4054.05000000   4053.90833333   4053.87500000   4053.79166667   4053.65000000   4053.60000000   4053.75000000   4053.75000000   4053.60833333   4053.77500000 
   4054.03333333   4053.75000000   4053.56666667   4053.15833333   4052.60000000   4052.46666667   4052.51666667   4052.02500000   4051.54166667   4051.40000000   4051.15833333   4051.11666667   4051.15000000   4051.39166667   4051.34166667   4051.29166667   4051.32500000   4050.90000000   4050.28333333   4050.24166667   4049.68333333   4049.70833333   4049.87500000   4049.15000000   4049.72500000 
   4049.79166667   4049.65000000   4049.11666667   4048.80833333   4047.97500000   4047.75000000   4047.92500000   4047.64166667   4047.88333333   4048.08333333   4047.82500000   4047.67500000   4047.53333333   4047.11666667   4046.75000000   4047.10000000   4046.87500000   4046.29166667   4045.83333333   4045.54166667   4045.25000000   4045.30000000   4045.25000000   4045.42500000   4045.73333333 
   4045.93333333   4045.11666667   4045.05833333   4044.45000000   4043.96666667   4044.05000000   4043.68333333   4043.10833333   4042.66666667   4042.27500000   4041.73333333   4041.47500000   4041.18333333   4041.10000000   4041.04166667   4041.08333333   4040.92500000   4040.70000000   4040.65000000   4040.26666667   4039.85833333   4039.51666667   4038.82500000   4038.50833333   4038.32500000 
   4038.16666667   4037.90833333   4037.55833333   4037.17500000   4036.84166667   4036.17500000   4035.59166667   4035.48333333   4035.20000000   4034.97500000   4034.76666667   4033.87500000   4033.32500000   4033.15000000   4033.07500000   4033.22500000   4033.01666667   4032.79166667   4032.97500000   4032.97500000   4032.53333333   4031.70000000   4031.27500000   4030.36666667   4030.32500000 
   4030.48333333   4030.36666667   4029.39166667   4029.56666667   4029.25833333   4029.04166667   4028.75000000   4029.32500000   4029.16666667   4029.06666667   4028.38333333   4028.36666667   4027.92500000   4027.63333333   4027.55833333   4027.30000000   4027.89166667   4027.23333333   4026.93333333   4027.25000000   4027.25000000   4027.56666667   4027.12500000   4027.00833333   4027.26666667 
   4026.62500000   4025.92500000   4026.06666667   4025.41666667   4025.30000000   4024.26666667   4023.90000000   4023.70000000   4022.74166667   4021.86666667   4021.45000000   4021.49166667   4022.10000000   4021.09166667   4021.63333333   4021.84166667   4021.85000000   4022.46666667   4021.95000000   4022.40833333   4022.10000000   4021.76666667   4021.71666667   4021.60833333   4021.16666667 
   4020.41666667   4020.36666667   4020.35833333   4020.21666667   4019.70000000   4018.91666667   4018.62500000   4017.76666667   4017.58333333   4017.75833333   4017.34166667   4017.19166667   4016.63333333   4016.89166667   4016.20000000   4016.20000000   4016.31666667   4015.58333333   4015.60833333   4014.62500000   4014.40833333   4014.09166667   4014.00833333   4013.43333333   4013.39166667 
   4013.55833333   4013.15000000   4012.22500000   4011.35833333   4011.02500000   4011.09166667   4010.47500000   4009.75833333   4010.32500000   4009.77500000   4009.20833333   4009.03333333   4007.60833333   4007.23333333   4006.35833333   4006.65000000   4006.62500000   4006.96666667   4006.77500000   4006.28333333   4006.13333333   4006.35000000   4005.83333333   4005.97500000   4005.11666667 
   4004.43333333   4003.35833333   4003.01666667   4002.42500000   4001.89166667   4001.40833333   4000.57500000   4000.75833333   4000.09166667   3999.60833333   4000.00833333   3998.90000000   3999.03333333   3998.94166667   3998.86666667   3997.83333333   3997.45833333   3997.19166667   3997.54166667   3996.95833333   3996.02500000   3995.73333333   3995.44166667   3995.32500000   3995.10833333 
   3994.94166667   3994.25833333   3993.35000000   3992.62500000   3992.38333333   3991.99166667   3991.68333333   3991.78333333   3991.25833333   3990.28333333   3989.94166667   3988.85000000   3988.27500000   3987.58333333   3987.32500000   3987.14166667   3986.35000000   3986.94166667   3986.85000000   3985.87500000   3986.64166667   3986.26666667   3986.15000000   3986.44166667   3986.71666667 
   3985.18333333   3984.50833333   3983.50000000   3981.65833333   3980.97500000   3979.72500000   3978.53333333   3977.84166667   3977.30833333   3976.84166667   3976.13333333   3974.95000000   3974.24166667   3973.88333333   3973.20000000   3972.72500000   3972.62500000   3970.42500000   3970.38333333   3969.70000000   3969.54166667   3968.45000000   3968.21666667   3967.05833333   3967.00833333 
   3967.75833333   3967.19166667   3967.55833333   3966.48333333   3965.69166667   3965.55000000   3964.58333333   3964.40833333   3964.22500000   3964.06666667   3963.45833333   3962.32500000   3961.14166667   3960.94166667   3960.26666667   3960.19166667   3959.14166667   3959.10000000   3958.25000000   3958.35833333   3957.79166667   3957.79166667   3957.13333333   3956.70833333   3955.57500000 
   3954.86666667   3952.90000000   3951.87500000   3950.75833333   3950.16666667   3949.09166667   3948.19166667   3947.35833333   3946.91666667   3945.85000000   3946.45833333   3945.20000000   3945.17500000   3944.95833333   3943.89166667   3942.87500000   3942.27500000   3940.85833333   3940.75000000   3939.90833333   3938.67500000   3938.68333333   3937.71666667   3936.73333333   3935.55000000 
   3935.25833333   3934.15833333   3932.71666667   3932.88333333   3931.85833333   3931.04166667   3929.45000000   3928.17500000   3927.12500000   3926.87500000   3925.91666667   3925.16666667   3923.90000000   3922.40833333   3922.13333333   3920.65833333   3920.43333333   3919.62500000   3918.68333333   3919.15000000   3918.48333333   3918.84166667   3918.14166667   3916.84166667   3916.39166667 
   3915.69166667   3914.40000000   3912.58333333   3911.27500000   3910.20000000   3908.93333333   3907.27500000   3905.67500000   3905.16666667   3903.39166667   3902.06666667   3900.40000000   3899.90833333   3899.89166667   3898.24166667   3896.60833333   3895.50000000   3894.83333333   3894.28333333   3893.00833333   3893.47500000   3892.56666667   3891.22500000   3890.39166667   3889.85000000 
   3888.59166667   3887.35000000   3886.10000000   3884.62500000   3883.14166667   3881.59166667   3879.85833333   3878.55000000   3877.72500000   3877.80833333   3876.26666667   3875.74166667   3875.26666667   3874.05833333   3873.60000000   3872.25833333   3871.52500000   3870.35833333   3870.02500000   3869.81666667   3869.04166667   3868.88333333   3868.80833333   3868.38333333   3868.01666667 
   3866.73333333   3863.77500000   3862.66666667   3860.64166667   3859.13333333   3857.09166667   3853.99166667   3853.09166667   3851.60000000   3851.05000000   3849.97500000   3849.04166667   3848.15000000   3847.25000000   3844.75000000   3843.13333333   3842.14166667   3841.24166667   3839.85000000   3839.59166667   3838.50833333   3838.16666667   3836.25833333   3834.26666667   3833.66666667 
   3831.72500000   3830.62500000   3828.70000000   3827.38333333   3826.68333333   3824.59166667   3822.56666667   3820.67500000   3820.18333333   3819.56666667   3817.95000000   3816.63333333   3814.16666667   3810.90000000   3809.51666667   3808.01666667   3805.85833333   3804.35000000   3802.62500000   3801.81666667   3800.82500000   3800.39166667   3798.63333333   3796.70833333   3795.11666667 
   3793.89166667   3791.71666667   3788.95833333   3786.00833333   3785.19166667   3782.26666667   3781.04166667   3780.30000000   3778.35000000   3776.26666667   3774.02500000   3770.27500000   3768.97500000   3766.91666667   3765.36666667   3765.21666667   3763.90833333   3762.81666667   3761.45000000   3759.68333333   3757.45833333   3755.60833333   3753.95000000   3752.68333333   3750.69166667 
   3751.11666667   3748.74166667   3746.38333333   3743.84166667   3741.35000000   3739.30833333   3736.91666667   3734.32500000   3731.50000000   3729.61666667   3726.34166667   3725.68333333   3723.89166667   3722.40000000   3719.57500000   3717.08333333   3714.60000000   3713.58333333   3712.98333333   3709.67500000   3706.74166667   3706.42500000   3703.89166667   3702.20833333   3700.15000000 
   3698.03333333   3695.05833333   3693.23333333   3690.10000000   3689.55000000   3687.45000000   3683.80000000   3682.22500000   3677.28333333   3673.95833333   3672.50833333   3670.65000000   3668.48333333   3667.34166667   3665.37500000   3663.77500000   3661.02500000   3657.91666667   3655.60833333   3652.84166667   3650.37500000   3648.42500000   3645.51666667   3644.56666667   3643.20833333 
   3641.24166667   3637.60000000   3633.84166667   3631.50000000   3628.63333333   3624.37500000   3619.63333333   3617.28333333   3612.28333333   3611.35833333   3608.06666667   3603.80833333   3603.16666667   3600.90000000   3598.30833333   3594.82500000   3592.15833333   3588.99166667   3587.75833333   3585.84166667   3584.05000000   3581.71666667   3580.28333333   3576.43333333   3574.67500000 
   3571.90833333   3568.90000000   3565.10833333   3561.97500000   3558.57500000   3553.85833333   3551.60000000   3547.22500000   3543.32500000   3539.57500000   3534.45833333   3529.78333333   3524.82500000   3521.80000000   3517.10833333   3514.65833333   3511.90000000   3508.40000000   3505.43333333   3504.16666667   3502.10000000   3499.17500000   3496.48333333   3491.80833333   3491.74166667 
   3489.65000000   3486.40833333   3480.79166667   3476.07500000   3471.55833333   3467.98333333   3463.85000000   3460.23333333   3456.90000000   3452.78333333   3448.30000000   3444.09166667   3439.77500000   3436.23333333   3433.43333333   3429.90833333   3425.79166667   3422.81666667   3418.85000000   3415.85000000   3413.13333333   3410.09166667   3407.18333333   3406.20000000   3400.65833333 
   3397.08333333   3391.88333333   3386.15000000   3381.25833333   3376.56666667   3369.83333333   3364.75833333   3359.60833333   3357.64166667   3352.27500000   3346.79166667   3340.05833333   3336.41666667   3333.09166667   3327.79166667   3324.48333333   3320.11666667   3314.54166667   3311.30833333   3306.95000000   3303.02500000   3300.29166667   3294.45000000   3291.87500000   3289.68333333 
   3286.57500000   3280.15833333   3275.40833333   3271.05000000   3263.98333333   3258.31666667   3250.34166667   3245.67500000   3240.81666667   3236.22500000   3230.52500000   3224.99166667   3219.60833333   3215.16666667   3209.95833333   3205.86666667   3201.22500000   3195.70833333   3189.95833333   3184.65833333   3179.12500000   3174.37500000   3172.49166667   3168.05000000   3164.08333333 
   3160.20833333   3152.07500000   3147.70833333   3138.86666667   3133.57500000   3129.28333333   3124.67500000   3119.43333333   3114.39166667   3109.83333333   3102.75833333   3096.85000000   3092.60000000   3084.04166667   3077.31666667   3070.42500000   3064.01666667   3057.65833333   3052.25833333   3046.52500000   3043.01666667   3036.84166667   3031.15833333   3027.56666667   3020.91666667 
   3016.80833333   3009.35000000   3000.96666667   2994.90833333   2989.51666667   2982.75000000   2976.61666667   2967.70833333   2958.31666667   2952.50000000   2946.37500000   2939.60000000   2933.31666667   2928.06666667   2922.06666667   2916.95833333   2911.00000000   2904.04166667   2896.41666667   2889.25000000   2883.78333333   2877.97500000   2871.39166667   2867.20833333   2860.66666667 
   2856.28333333   2846.60833333   2837.53333333   2827.73333333   2819.02500000   2808.60833333   2802.48333333   2793.80000000   2786.63333333   2779.24166667   2774.73333333   2766.30000000   2758.00833333   2751.05000000   2741.21666667   2733.68333333   2727.79166667   2720.47500000   2712.44166667   2704.13333333   2698.44166667   2690.15000000   2681.40833333   2675.12500000   2671.18333333 
   2662.55833333   2653.02500000   2643.94166667   2633.91666667   2625.53333333   2618.05000000   2607.98333333   2599.11666667   2589.86666667   2582.24166667   2571.59166667   2564.61666667   2556.77500000   2546.93333333   2540.46666667   2529.13333333   2521.20833333   2511.83333333   2504.96666667   2499.66666667   2491.80833333   2484.51666667   2476.10833333   2467.84166667   2461.79166667 
   2453.47500000   2443.33333333   2433.13333333   2423.09166667   2413.81666667   2402.52500000   2394.33333333   2383.13333333   2374.36666667   2367.26666667   2357.35000000   2350.60000000   2339.55833333   2330.67500000   2321.47500000   2312.00000000   2306.91666667   2299.55000000   2290.79166667   2283.70833333   2276.36666667   2267.95000000   2258.60000000   2251.15833333   2243.05000000 
   2234.55000000   2223.44166667   2211.25000000   2200.19166667   2190.39166667   2179.73333333   2167.96666667   2158.34166667   2148.80000000   2138.41666667   2129.32500000   2121.59166667   2114.15833333   2101.52500000   2093.28333333   2084.78333333   2076.81666667   2070.07500000   2059.84166667   2053.74166667   2044.81666667   2036.99166667   2027.46666667   2020.04166667   2011.19166667 
   2002.91666667   1990.56666667   1979.40833333   1968.35000000   1956.98333333   1948.35000000   1938.79166667   1929.53333333   1918.06666667   1906.36666667   1898.77500000   1887.33333333   1877.64166667   1870.74166667   1859.67500000   1848.57500000   1841.72500000   1832.13333333   1822.08333333   1813.94166667   1806.44166667   1797.44166667   1788.87500000   1778.43333333   1770.20000000 
   1763.84166667   1751.16666667   1741.82500000   1731.62500000   1718.81666667   1705.55833333   1696.75000000   1688.23333333   1677.36666667   1668.98333333   1660.28333333   1652.27500000   1642.94166667   1635.70000000   1627.90833333   1620.28333333   1611.09166667   1600.73333333   1592.70833333   1586.06666667   1578.20833333   1572.27500000   1565.23333333   1555.28333333   1549.51666667 
   1542.25000000   1530.17500000   1518.00833333   1505.13333333   1493.74166667   1484.20000000   1470.69166667   1462.31666667   1452.10833333   1442.50000000   1435.04166667   1426.45000000   1414.68333333   1405.32500000   1398.22500000   1391.53333333   1383.58333333   1374.50833333   1366.87500000   1360.06666667   1351.95833333   1343.83333333   1337.30833333   1334.02500000   1329.65833333 
   1319.13333333   1308.00000000   1296.00000000   1287.43333333   1277.29166667   1267.19166667   1256.26666667   1244.92500000   1235.91666667   1228.54166667   1220.53333333   1210.95000000   1201.58333333   1193.73333333   1185.78333333   1179.42500000   1174.32500000   1165.58333333   1161.75000000   1153.32500000   1148.05833333   1145.10833333   1137.98333333   1132.27500000   1122.65833333 
   1119.45000000   1106.91666667   1101.14166667   1090.87500000   1084.54166667   1077.69166667   1068.64166667   1061.03333333   1053.70833333   1048.10833333   1039.63333333   1033.09166667   1025.04166667   1017.22500000   1010.17500000   1005.31666667    997.01666667    992.95000000    986.67500000    981.95833333    977.75833333    968.74166667    964.90000000    960.60000000    954.13333333 
    948.38333333    941.59166667    934.60000000    927.00833333    921.20000000    913.23333333    906.95833333    900.25833333    892.70833333    890.68333333    882.32500000    877.98333333    874.43333333    866.12500000    859.56666667    856.43333333    848.94166667    844.09166667    840.68333333    832.44166667    829.38333333    825.27500000    820.27500000    815.92500000    814.19166667 
    809.43333333    800.55000000    795.90833333    789.41666667    782.45833333    778.09166667    772.55000000    764.75833333    760.62500000    753.89166667    749.81666667    746.24166667    740.63333333    735.85833333    728.91666667    726.55000000    721.76666667    716.11666667    711.09166667    708.45000000    706.22500000    704.34166667    700.20000000    699.47500000    698.10000000 
    695.91666667    687.11666667    679.35000000    674.73333333    668.60000000    667.25000000    663.47500000    659.10833333    654.42500000    648.33333333    646.56666667    643.30000000    637.72500000    634.91666667    632.59166667    629.12500000    628.04166667    623.47500000    618.56666667    616.37500000    613.21666667    610.48333333    608.45000000    607.10000000    604.94166667 
    600.05000000    597.29166667    591.29166667    586.40000000    581.02500000    580.68333333    573.65833333    568.91666667    565.05833333    559.85000000    555.59166667    554.18333333    550.52500000    549.68333333    547.85833333    545.38333333    543.59166667    541.26666667    538.25833333    538.50000000    535.97500000    534.55000000    531.53333333    528.57500000    525.50833333 
    522.94166667    520.14166667    515.50833333    511.76666667    508.63333333    506.12500000    500.88333333    496.92500000    493.46666667    494.18333333    487.04166667    483.96666667    483.20833333    484.23333333    483.67500000    479.20000000    478.44166667    476.95000000    473.69166667    472.38333333    470.23333333    467.38333333    464.55000000    462.85000000    463.29166667 
    460.65833333    456.50000000    451.05000000    448.42500000    445.85833333    443.35833333    442.07500000    439.26666667    439.21666667    435.45833333    434.44166667    433.23333333    431.50833333    429.70000000    427.47500000    427.75000000    426.95000000    424.79166667    422.96666667    423.25000000    420.88333333    418.50000000    417.90833333    416.26666667    417.05000000 
    415.90833333    409.44166667    408.65833333    406.16666667    403.60000000    399.38333333    397.90833333    395.00000000    394.42500000    392.49166667    389.56666667    388.20000000    382.92500000    384.35000000    386.21666667    386.23333333    383.64166667    385.92500000    386.34166667    383.99166667    382.10000000    382.30833333    380.52500000    378.15833333    377.15833333 
    377.96666667    374.36666667    373.06666667    373.12500000    370.54166667    367.40833333    364.35000000    364.85833333    364.32500000    361.54166667    356.87500000    354.75000000    352.05000000    351.64166667    352.36666667    349.68333333    348.10833333    348.37500000    347.79166667    347.34166667    345.15000000    344.20000000    344.37500000    341.29166667    339.83333333 
    339.05000000    339.60833333    336.33333333    330.88333333    328.58333333    326.99166667    323.65833333    325.08333333    322.10000000    321.20000000    321.21666667    319.76666667    319.38333333    314.72500000    314.60000000    315.15833333    315.61666667    317.46666667    316.14166667    315.78333333    313.51666667    313.63333333    315.02500000    316.75833333    314.75833333 
    313.80000000    308.58333333    307.23333333    307.02500000    304.57500000    301.87500000    300.97500000    298.64166667    297.06666667    295.51666667    292.37500000    293.37500000    293.40833333    292.73333333    292.50833333    292.61666667    292.85000000    292.95833333    291.22500000    292.45000000    290.61666667    289.41666667    292.68333333    292.02500000    289.28333333 
    290.38333333    283.98333333    283.78333333    278.49166667    279.05000000    277.15833333    274.64166667    278.38333333    275.88333333    273.95000000    272.94166667    272.15833333    271.05833333    271.93333333    272.02500000    272.30000000    273.05000000    269.65833333    267.76666667    267.96666667    269.84166667    270.53333333    271.30000000    268.45000000    265.88333333 
    265.95000000    262.00833333    261.30000000    259.25000000    254.86666667    254.74166667    253.45833333    252.73333333    251.59166667    250.65000000    252.55833333    250.57500000    248.50833333    248.72500000    248.04166667    247.80833333    245.47500000    244.78333333    242.60000000    242.13333333    240.14166667    238.85833333    240.38333333    242.35833333    244.15000000 
    242.49166667    240.10833333    236.48333333    236.50000000    237.15000000    235.24166667    234.23333333    233.78333333    232.54166667    233.15000000    232.53333333    230.65833333    230.95000000    229.85000000    229.90833333    230.79166667    228.82500000    228.72500000    228.83333333    227.52500000    230.55833333    229.41666667    228.90000000    230.51666667    229.10000000 
    230.95833333    229.45000000    226.69166667    223.46666667    220.49166667    218.75000000    218.30000000    217.00000000    218.43333333    216.50000000    215.65000000    216.09166667    215.20000000    214.65833333    213.29166667    213.68333333    213.15000000    212.68333333    212.31666667    211.20000000    211.07500000    212.51666667    212.55833333    216.87500000    216.25000000 
    215.34166667    211.39166667    210.31666667    210.18333333    210.47500000    207.72500000    206.94166667    204.60000000    202.87500000    202.85833333    201.52500000    198.99166667    198.15000000    199.05000000    201.95833333    202.95000000    201.14166667    201.00000000    200.95833333    201.34166667    200.51666667    202.11666667    203.91666667    202.29166667    200.99166667 
    201.27500000    199.96666667    198.62500000    198.50833333    197.62500000    197.57500000    193.61666667    193.63333333    193.73333333    190.11666667    188.31666667    187.59166667    188.89166667    188.20833333    187.85833333    188.00833333    189.72500000    188.91666667    188.00000000    185.89166667    187.20000000    186.35000000    188.46666667    186.64166667    187.70833333 
    187.90000000    184.80000000    186.30833333    184.01666667    183.86666667    181.92500000    178.26666667    179.74166667    178.62500000    178.85000000    178.70833333    177.49166667    180.18333333    180.19166667    180.30000000    178.41666667    180.55833333    178.31666667    178.40833333    176.59166667    178.83333333    177.99166667    178.15833333    176.53333333    178.37500000 
    177.03333333    173.20000000    171.23333333    170.03333333    171.61666667    172.26666667    171.95833333    172.37500000    167.80000000    168.06666667    169.34166667    169.25000000    169.88333333    169.90833333    168.41666667    168.27500000    168.53333333    167.72500000    169.77500000    167.57500000    167.47500000    167.70000000    168.85000000    167.62500000    168.22500000 
    165.92500000    163.27500000    160.85000000    160.31666667    159.77500000    161.70833333    160.99166667    162.45833333    162.72500000    163.59166667    162.80833333    162.01666667    162.45833333    160.77500000    159.23333333    161.10833333    159.85000000    159.46666667    158.92500000    159.30000000    158.52500000    158.05000000    158.73333333    159.71666667    159.46666667 
    160.17500000    158.27500000    158.79166667    156.34166667    156.11666667    154.98333333    152.81666667    154.60000000    153.55000000    153.40000000    153.31666667    153.66666667    154.15000000    153.50833333    154.21666667    152.80000000    155.14166667    153.42500000    153.80833333    152.26666667    152.02500000    151.90000000    152.55833333    151.92500000    152.86666667 
    151.08333333    152.49166667    149.05833333    148.16666667    147.55833333    145.98333333    145.39166667    147.13333333    145.76666667    145.17500000    144.56666667    146.35000000    145.39166667    146.17500000    145.14166667    144.30833333    145.26666667    144.86666667    144.57500000    143.62500000    143.93333333    145.19166667    144.51666667    144.81666667    145.69166667 
    144.20833333    142.86666667    141.25833333    139.65000000    139.33333333    136.56666667    136.99166667    135.60000000    137.08333333    138.07500000    136.76666667    137.24166667    137.22500000    137.04166667    138.64166667    137.89166667    136.44166667    135.27500000    136.66666667    134.75833333    136.60833333    137.15000000    136.77500000    137.70833333    137.05833333 
    136.50833333    134.78333333    132.80000000    132.01666667    132.97500000    131.77500000    131.70833333    129.90833333    130.20833333    130.50833333    131.98333333    132.50000000    132.30833333    132.06666667    134.37500000    131.61666667    131.30000000    131.87500000    131.09166667    132.45000000    133.74166667    133.06666667    132.45833333    132.31666667    131.23333333 
    132.82500000    128.86666667    127.62500000    125.19166667    126.15000000    125.22500000    124.44166667    125.32500000    126.77500000    127.38333333    125.35833333    126.16666667    125.69166667    125.60000000    126.10000000    127.10833333    126.05833333    125.00833333    125.40833333    125.64166667    124.71666667    124.71666667    124.29166667    125.80000000    127.26666667 
    128.08333333    125.66666667    124.73333333    122.40833333    122.20000000    122.06666667    122.75000000    121.09166667    121.23333333    121.53333333    121.76666667    121.45833333    120.53333333    122.70000000    121.10000000    121.65000000    123.48333333    121.50000000    121.40833333    119.62500000    120.90833333    120.72500000    121.62500000    121.28333333    122.21666667 
    121.80000000    120.45000000    120.65000000    119.16666667    117.36666667    116.51666667    116.18333333    118.80833333    117.65833333    115.24166667    116.63333333    116.86666667    113.10833333    112.90833333    113.85000000    113.14166667    113.25833333    114.75833333    113.37500000    113.79166667    114.20833333    116.30000000    116.62500000    117.18333333    116.50833333 
    116.06666667    112.17500000    109.78333333    111.52500000    111.45000000    111.23333333    111.07500000    108.52500000    108.54166667    108.82500000    110.90833333    110.74166667    108.55000000    109.80833333    109.16666667    109.52500000    111.46666667    111.61666667    111.66666667    111.91666667    112.03333333    111.56666667    113.37500000    109.80833333    114.38333333 
    113.23333333    111.50000000    109.98333333    109.72500000    108.42500000    106.75833333    106.80833333    106.55000000    106.67500000    103.58333333    106.10833333    106.38333333    105.41666667    106.04166667    105.70833333    106.71666667    105.52500000    106.37500000    108.13333333    104.79166667    107.50833333    105.94166667    105.50833333    104.80000000    105.71666667 
    106.80000000    106.39166667    103.56666667    102.75833333    101.20833333    101.79166667    100.74166667    102.11666667    102.60833333    103.67500000    103.76666667    101.41666667    102.06666667    101.92500000    101.95000000    103.54166667    101.12500000    101.90000000    103.58333333    102.15833333    100.00000000    101.30833333    101.85833333    102.15000000    102.70000000 
    103.39166667    102.86666667    100.46666667     98.67500000     99.77500000     99.40000000     98.67500000     98.38333333     99.55833333     99.15833333     97.85000000     99.63333333    100.85000000     99.60000000    101.17500000    100.56666667     99.33333333    100.72500000     99.05000000    101.13333333     99.36666667     97.59166667     98.74166667     98.97500000    100.21666667 
     98.61666667     98.35833333     94.90833333     96.24166667     94.35000000     94.45000000     94.05833333     93.65833333     94.62500000     94.90000000     96.89166667     97.33333333     96.58333333     96.37500000     95.34166667     95.50000000     94.97500000     96.31666667     95.08333333     96.13333333     97.23333333     97.26666667     95.41666667     94.09166667     95.95000000 
     93.50833333     94.55833333     91.78333333     92.30000000     91.96666667     92.99166667     94.09166667     92.37500000     91.27500000     90.65000000     91.02500000     91.25000000     91.04166667     92.06666667     90.86666667     91.60833333     91.07500000     89.97500000     90.25000000     91.90833333     90.93333333     89.87500000     91.39166667     91.77500000     93.54166667 
