  0.00000000E+00 -6.76756667E+01 -7.94103333E+01 -8.75730000E+01 -9.45216667E+01 -9.76436667E+01 -1.00621000E+02 -1.04450333E+02 -1.05185333E+02 -1.07082667E+02 -1.09580667E+02 -1.09497333E+02 -1.09377667E+02 -1.09191333E+02 -1.07335333E+02 -1.07219667E+02 -1.07120667E+02 -1.09038000E+02 -1.09624333E+02 -1.09578667E+02 -1.10007333E+02 -1.10639333E+02 -1.11585000E+02 -1.10554333E+02 -1.10109667E+02 
 -1.11254333E+02 -1.12481000E+02 -1.11800333E+02 -1.14502667E+02 -1.16144000E+02 -1.15756000E+02 -1.14037000E+02 -1.15370000E+02 -1.14020000E+02 -1.15442000E+02 -1.16125333E+02 -1.16576667E+02 -1.17330333E+02 -1.15333667E+02 -1.15252667E+02 -1.16704333E+02 -1.16709667E+02 -1.16853333E+02 -1.16628667E+02 -1.15985333E+02 -1.15462333E+02 -1.15187333E+02 -1.15031000E+02 -1.16868000E+02 -1.16594000E+02 
 -1.16862667E+02 -1.18538667E+02 -1.19944667E+02 -1.19812333E+02 -1.18374333E+02 -1.19752000E+02 -1.19116000E+02 -1.17231333E+02 -1.18002667E+02 -1.17228667E+02 -1.17495667E+02 -1.18060000E+02 -1.20594000E+02 -1.20295000E+02 -1.20190000E+02 -1.19480000E+02 -1.20546333E+02 -1.22404667E+02 -1.22777333E+02 -1.20973667E+02 -1.19585333E+02 -1.20925667E+02 -1.19563333E+02 -1.20024333E+02 -1.21534333E+02 
 -1.21837000E+02 -1.22630000E+02 -1.24656333E+02 -1.23649667E+02 -1.26484333E+02 -1.28644000E+02 -1.27084000E+02 -1.26624000E+02 -1.26148667E+02 -1.24233333E+02 -1.25473333E+02 -1.26034667E+02 -1.27577667E+02 -1.27156333E+02 -1.24317667E+02 -1.24174333E+02 -1.26122333E+02 -1.25569000E+02 -1.25997000E+02 -1.23851333E+02 -1.24433000E+02 -1.25101333E+02 -1.25238667E+02 -1.24861000E+02 -1.24250333E+02 
 -1.24758667E+02 -1.27518333E+02 -1.28378333E+02 -1.27172000E+02 -1.29003667E+02 -1.27103333E+02 -1.30636667E+02 -1.29607667E+02 -1.29972000E+02 -1.29838000E+02 -1.28703667E+02 -1.28716333E+02 -1.28691667E+02 -1.27026333E+02 -1.29395667E+02 -1.28594333E+02 -1.29619000E+02 -1.32073667E+02 -1.31925667E+02 -1.31226333E+02 -1.33172000E+02 -1.32252333E+02 -1.31869000E+02 -1.33071667E+02 -1.33153000E+02 
 -1.36899667E+02 -1.36128333E+02 -1.37361000E+02 -1.37764000E+02 -1.38661000E+02 -1.39146333E+02 -1.40536333E+02 -1.39342667E+02 -1.39477667E+02 -1.38816333E+02 -1.40870000E+02 -1.40206000E+02 -1.37761000E+02 -1.39956333E+02 -1.38093333E+02 -1.39470333E+02 -1.38199000E+02 -1.38872000E+02 -1.40342333E+02 -1.39928667E+02 -1.40404667E+02 -1.40561333E+02 -1.40102667E+02 -1.40643667E+02 -1.39247000E+02 
 -1.37672333E+02 -1.39200000E+02 -1.41908333E+02 -1.42411000E+02 -1.42370667E+02 -1.42010667E+02 -1.43754000E+02 -1.44721333E+02 -1.43118333E+02 -1.42534333E+02 -1.41549667E+02 -1.42995333E+02 -1.43988667E+02 -1.43986000E+02 -1.44101667E+02 -1.41995333E+02 -1.41977333E+02 -1.42147333E+02 -1.41709667E+02 -1.43524667E+02 -1.44154333E+02 -1.45040333E+02 -1.44344333E+02 -1.47707667E+02 -1.45209000E+02 
 -1.46418333E+02 -1.45872667E+02 -1.47787333E+02 -1.49728667E+02 -1.49333667E+02 -1.50255000E+02 -1.51418333E+02 -1.49236667E+02 -1.51807667E+02 -1.52797333E+02 -1.53340000E+02 -1.53424333E+02 -1.55669000E+02 -1.52505333E+02 -1.55499667E+02 -1.53826667E+02 -1.53995667E+02 -1.54514667E+02 -1.54639667E+02 -1.54097333E+02 -1.55768000E+02 -1.56259333E+02 -1.54929000E+02 -1.55333667E+02 -1.56893333E+02 
 -1.53151333E+02 -1.55686333E+02 -1.53343000E+02 -1.54509000E+02 -1.55378333E+02 -1.55825333E+02 -1.55299000E+02 -1.55836667E+02 -1.55654667E+02 -1.56985667E+02 -1.57363333E+02 -1.58493667E+02 -1.57735667E+02 -1.56026000E+02 -1.56413667E+02 -1.55978000E+02 -1.54568000E+02 -1.57193667E+02 -1.56400333E+02 -1.58057000E+02 -1.60072667E+02 -1.60564333E+02 -1.60321667E+02 -1.60597333E+02 -1.61749667E+02 
 -1.60521000E+02 -1.65203000E+02 -1.66126333E+02 -1.66144000E+02 -1.68926667E+02 -1.69024667E+02 -1.68137667E+02 -1.70414333E+02 -1.70624667E+02 -1.71080667E+02 -1.72840333E+02 -1.71153667E+02 -1.69919333E+02 -1.72247000E+02 -1.69817333E+02 -1.68964000E+02 -1.68651333E+02 -1.70449000E+02 -1.70121667E+02 -1.70635333E+02 -1.70541667E+02 -1.69078333E+02 -1.69473333E+02 -1.70832333E+02 -1.71192333E+02 
 -1.69405333E+02 -1.72789333E+02 -1.75081667E+02 -1.74657667E+02 -1.75987667E+02 -1.73511333E+02 -1.73023667E+02 -1.74883333E+02 -1.76116333E+02 -1.76654667E+02 -1.77602000E+02 -1.77182667E+02 -1.77423667E+02 -1.76818000E+02 -1.79170667E+02 -1.77675667E+02 -1.78239667E+02 -1.77543667E+02 -1.78216000E+02 -1.75736000E+02 -1.77136333E+02 -1.77061000E+02 -1.78724333E+02 -1.79719000E+02 -1.77741667E+02 
 -1.78472667E+02 -1.80369667E+02 -1.83356000E+02 -1.82115000E+02 -1.83985000E+02 -1.81938333E+02 -1.84324333E+02 -1.82764333E+02 -1.83197333E+02 -1.86008667E+02 -1.85189333E+02 -1.82768000E+02 -1.83871000E+02 -1.84899667E+02 -1.84754667E+02 -1.83970000E+02 -1.84211667E+02 -1.84858333E+02 -1.83654667E+02 -1.83300000E+02 -1.84364667E+02 -1.85925000E+02 -1.88945333E+02 -1.89763000E+02 -1.88358000E+02 
 -1.90789667E+02 -1.89406667E+02 -1.92193000E+02 -1.92075333E+02 -1.93431000E+02 -1.95959333E+02 -1.94687333E+02 -1.93740000E+02 -1.92457000E+02 -1.94215667E+02 -1.94669000E+02 -1.94608667E+02 -1.96107333E+02 -1.98056000E+02 -2.00475000E+02 -1.98996667E+02 -1.98611333E+02 -1.99245333E+02 -1.99666667E+02 -2.01256667E+02 -2.01673333E+02 -2.01210000E+02 -2.01161000E+02 -1.99963333E+02 -1.96654000E+02 
 -2.01420667E+02 -2.02077333E+02 -2.04818333E+02 -2.08147333E+02 -2.07791667E+02 -2.08755667E+02 -2.06826000E+02 -2.06505333E+02 -2.05983667E+02 -2.05758667E+02 -2.05586667E+02 -2.06523333E+02 -2.07658000E+02 -2.07649667E+02 -2.06146667E+02 -2.07824667E+02 -2.08662000E+02 -2.08088333E+02 -2.08189333E+02 -2.07113667E+02 -2.06701000E+02 -2.07819667E+02 -2.08451000E+02 -2.08428667E+02 -2.09411333E+02 
 -2.08086000E+02 -2.12643333E+02 -2.13710667E+02 -2.14374000E+02 -2.15501000E+02 -2.16170000E+02 -2.17045333E+02 -2.18651667E+02 -2.18904000E+02 -2.23039000E+02 -2.25710333E+02 -2.23565667E+02 -2.24503000E+02 -2.24077000E+02 -2.26992667E+02 -2.26247000E+02 -2.26396000E+02 -2.26579000E+02 -2.26858333E+02 -2.29348000E+02 -2.27315667E+02 -2.26681667E+02 -2.25288000E+02 -2.28091000E+02 -2.28572000E+02 
 -2.28471000E+02 -2.32166000E+02 -2.33073667E+02 -2.31350000E+02 -2.35313333E+02 -2.33040333E+02 -2.36993667E+02 -2.37984000E+02 -2.38460667E+02 -2.37715667E+02 -2.40349000E+02 -2.38338667E+02 -2.36999000E+02 -2.38595000E+02 -2.36363000E+02 -2.36043000E+02 -2.34715667E+02 -2.33005000E+02 -2.33810333E+02 -2.34275333E+02 -2.37466333E+02 -2.36316667E+02 -2.37111667E+02 -2.37207333E+02 -2.36618000E+02 
 -2.33327000E+02 -2.38622667E+02 -2.41546000E+02 -2.43020667E+02 -2.41710667E+02 -2.40969333E+02 -2.45226333E+02 -2.44415333E+02 -2.44626667E+02 -2.46136333E+02 -2.46112000E+02 -2.45527000E+02 -2.45975333E+02 -2.46204667E+02 -2.46114667E+02 -2.47624333E+02 -2.47980000E+02 -2.47786000E+02 -2.48072333E+02 -2.46780333E+02 -2.49075000E+02 -2.46719333E+02 -2.47336000E+02 -2.47272667E+02 -2.49426333E+02 
 -2.46546000E+02 -2.50783333E+02 -2.49946333E+02 -2.50056000E+02 -2.53516667E+02 -2.54825000E+02 -2.56345667E+02 -2.59054333E+02 -2.61508333E+02 -2.62400000E+02 -2.65389667E+02 -2.67311667E+02 -2.66749667E+02 -2.66300667E+02 -2.65767000E+02 -2.63745000E+02 -2.65959667E+02 -2.65507000E+02 -2.66595667E+02 -2.68768000E+02 -2.67423000E+02 -2.69644667E+02 -2.71328333E+02 -2.70798333E+02 -2.68505000E+02 
 -2.69229000E+02 -2.72562000E+02 -2.72618000E+02 -2.74948000E+02 -2.74737667E+02 -2.75957000E+02 -2.78855667E+02 -2.79476667E+02 -2.79875667E+02 -2.81471667E+02 -2.84151667E+02 -2.85305333E+02 -2.85606333E+02 -2.85755667E+02 -2.86657000E+02 -2.86275667E+02 -2.86702667E+02 -2.88131667E+02 -2.88355667E+02 -2.91128667E+02 -2.94416000E+02 -2.93938333E+02 -2.95609000E+02 -2.93375333E+02 -2.92281667E+02 
 -2.92399000E+02 -2.94448000E+02 -2.96711333E+02 -2.99312333E+02 -3.00131333E+02 -3.01125667E+02 -3.04958667E+02 -3.07537333E+02 -3.08358333E+02 -3.07859000E+02 -3.06813000E+02 -3.09825333E+02 -3.11174667E+02 -3.11344667E+02 -3.13299000E+02 -3.13331333E+02 -3.11758667E+02 -3.11119333E+02 -3.09957000E+02 -3.10556333E+02 -3.11004333E+02 -3.13126667E+02 -3.12594667E+02 -3.14527667E+02 -3.15400667E+02 
 -3.14905333E+02 -3.19937667E+02 -3.21467667E+02 -3.19517667E+02 -3.22431000E+02 -3.23839000E+02 -3.22968667E+02 -3.26326333E+02 -3.28194333E+02 -3.28277333E+02 -3.30468333E+02 -3.32408333E+02 -3.32774667E+02 -3.33518667E+02 -3.34114333E+02 -3.33913000E+02 -3.35798667E+02 -3.36094667E+02 -3.34925000E+02 -3.36313333E+02 -3.38283000E+02 -3.39240333E+02 -3.38243333E+02 -3.38013667E+02 -3.38400667E+02 
 -3.37098000E+02 -3.41584667E+02 -3.42531333E+02 -3.45013333E+02 -3.48535333E+02 -3.48751000E+02 -3.49982000E+02 -3.52633000E+02 -3.53352333E+02 -3.53212000E+02 -3.53898667E+02 -3.54603667E+02 -3.56829667E+02 -3.59714667E+02 -3.60121333E+02 -3.61495000E+02 -3.61234000E+02 -3.63471000E+02 -3.60932333E+02 -3.63064667E+02 -3.63138667E+02 -3.62627000E+02 -3.64559000E+02 -3.67092667E+02 -3.66029333E+02 
 -3.67664000E+02 -3.70568333E+02 -3.73029000E+02 -3.74680000E+02 -3.73898000E+02 -3.75577333E+02 -3.78338667E+02 -3.78210667E+02 -3.79188667E+02 -3.79388000E+02 -3.78337000E+02 -3.77566000E+02 -3.80069000E+02 -3.80499000E+02 -3.83264000E+02 -3.84540333E+02 -3.84864333E+02 -3.84348333E+02 -3.87346667E+02 -3.91246333E+02 -3.89943667E+02 -3.90261667E+02 -3.89963000E+02 -3.91103667E+02 -3.88202667E+02 
 -3.91441000E+02 -3.97174000E+02 -3.99649333E+02 -4.04711667E+02 -4.07509667E+02 -4.08258333E+02 -4.10407333E+02 -4.09604333E+02 -4.11112667E+02 -4.12084333E+02 -4.12647667E+02 -4.15867333E+02 -4.17700333E+02 -4.18162667E+02 -4.18932333E+02 -4.17394000E+02 -4.18200000E+02 -4.17666667E+02 -4.19249333E+02 -4.19012667E+02 -4.18118000E+02 -4.20184667E+02 -4.21988667E+02 -4.23021667E+02 -4.24156667E+02 
 -4.23485333E+02 -4.28755333E+02 -4.30652667E+02 -4.33639667E+02 -4.34782667E+02 -4.36172333E+02 -4.37459667E+02 -4.38533667E+02 -4.38802333E+02 -4.43027333E+02 -4.42228000E+02 -4.45636667E+02 -4.45940333E+02 -4.46054333E+02 -4.48807000E+02 -4.50166333E+02 -4.49488000E+02 -4.50859667E+02 -4.54938333E+02 -4.55953667E+02 -4.54274000E+02 -4.57503667E+02 -4.59908333E+02 -4.61631333E+02 -4.63320667E+02 
 -4.64318333E+02 -4.68351667E+02 -4.70808333E+02 -4.73451667E+02 -4.76102667E+02 -4.78818667E+02 -4.79849333E+02 -4.83213000E+02 -4.85213000E+02 -4.85581000E+02 -4.89334667E+02 -4.88506667E+02 -4.90615667E+02 -4.93624667E+02 -4.97800667E+02 -4.99135333E+02 -5.00902333E+02 -5.02870333E+02 -5.05643333E+02 -5.00854000E+02 -5.02908000E+02 -5.02242000E+02 -5.06519333E+02 -5.08751333E+02 -5.09847667E+02 
 -5.12242000E+02 -5.16267333E+02 -5.19239667E+02 -5.23163667E+02 -5.24337667E+02 -5.28108333E+02 -5.29103333E+02 -5.32462667E+02 -5.35315667E+02 -5.36509000E+02 -5.38576667E+02 -5.40722000E+02 -5.43519667E+02 -5.44889667E+02 -5.47583000E+02 -5.47493333E+02 -5.51868667E+02 -5.51095667E+02 -5.51634333E+02 -5.54638000E+02 -5.55068000E+02 -5.54710667E+02 -5.57322333E+02 -5.57965667E+02 -5.58185000E+02 
 -5.58969333E+02 -5.61298000E+02 -5.66389000E+02 -5.66241667E+02 -5.70671000E+02 -5.72270333E+02 -5.74877333E+02 -5.77134333E+02 -5.80702667E+02 -5.82627000E+02 -5.83288667E+02 -5.86167000E+02 -5.88624667E+02 -5.88009667E+02 -5.89087333E+02 -5.92125333E+02 -5.93462667E+02 -5.93838667E+02 -5.96773667E+02 -5.99766667E+02 -6.01081333E+02 -6.05986000E+02 -6.07167333E+02 -6.06177667E+02 -6.10401000E+02 
 -6.12032333E+02 -6.14170000E+02 -6.20065667E+02 -6.23765333E+02 -6.23312333E+02 -6.28716333E+02 -6.29724333E+02 -6.34506000E+02 -6.34548667E+02 -6.41410000E+02 -6.41242333E+02 -6.43939333E+02 -6.44538000E+02 -6.46023667E+02 -6.49598667E+02 -6.53414333E+02 -6.54678667E+02 -6.56889000E+02 -6.59175000E+02 -6.61505000E+02 -6.65410667E+02 -6.67758333E+02 -6.72759000E+02 -6.71553000E+02 -6.75836000E+02 
 -6.76312000E+02 -6.80626000E+02 -6.85877000E+02 -6.88055333E+02 -6.89988667E+02 -6.94016667E+02 -6.96189333E+02 -6.98344000E+02 -7.02036000E+02 -7.07712667E+02 -7.11603667E+02 -7.14132667E+02 -7.18469667E+02 -7.21275333E+02 -7.22165333E+02 -7.23500000E+02 -7.26337667E+02 -7.30752333E+02 -7.36572667E+02 -7.35418333E+02 -7.40105333E+02 -7.41633667E+02 -7.43524333E+02 -7.43529333E+02 -7.44840667E+02 
 -7.49204000E+02 -7.50038000E+02 -7.57476333E+02 -7.61426667E+02 -7.61611000E+02 -7.65792667E+02 -7.69546333E+02 -7.73087667E+02 -7.75290667E+02 -7.81031667E+02 -7.82330333E+02 -7.87437000E+02 -7.92308000E+02 -7.96806667E+02 -7.97216333E+02 -8.03017000E+02 -8.04554000E+02 -8.06813000E+02 -8.07982000E+02 -8.09785000E+02 -8.12143000E+02 -8.14349667E+02 -8.15119667E+02 -8.18753333E+02 -8.20053333E+02 
 -8.21340000E+02 -8.25331333E+02 -8.30002333E+02 -8.32906667E+02 -8.37672000E+02 -8.40819333E+02 -8.45633333E+02 -8.49786000E+02 -8.55636000E+02 -8.58647000E+02 -8.60776000E+02 -8.64808000E+02 -8.68434333E+02 -8.73850333E+02 -8.75140000E+02 -8.78313333E+02 -8.79755667E+02 -8.86420000E+02 -8.86763000E+02 -8.91460667E+02 -8.91011667E+02 -8.94664333E+02 -8.96847000E+02 -8.98905667E+02 -9.01547000E+02 
 -9.04275333E+02 -9.11271333E+02 -9.14695000E+02 -9.20279667E+02 -9.25207667E+02 -9.29317667E+02 -9.34445333E+02 -9.38243667E+02 -9.41802333E+02 -9.45968000E+02 -9.51916000E+02 -9.57426333E+02 -9.60779000E+02 -9.64467333E+02 -9.69236667E+02 -9.73455000E+02 -9.77040000E+02 -9.81805667E+02 -9.85981000E+02 -9.90672000E+02 -9.93527667E+02 -9.97376333E+02 -9.99551333E+02 -1.00136067E+03 -1.00463167E+03 
 -1.00689733E+03 -1.01301167E+03 -1.01854167E+03 -1.02197700E+03 -1.02583400E+03 -1.03206333E+03 -1.03403033E+03 -1.03834967E+03 -1.04286000E+03 -1.04717833E+03 -1.04760100E+03 -1.05272400E+03 -1.05709800E+03 -1.06459067E+03 -1.06868467E+03 -1.07201500E+03 -1.07700567E+03 -1.08099800E+03 -1.08686500E+03 -1.09148167E+03 -1.09393400E+03 -1.09726733E+03 -1.10338967E+03 -1.10618567E+03 -1.10907533E+03 
 -1.11206233E+03 -1.12057133E+03 -1.12718700E+03 -1.13371833E+03 -1.14193700E+03 -1.14954300E+03 -1.15342367E+03 -1.15654267E+03 -1.16043633E+03 -1.16274167E+03 -1.16910200E+03 -1.17489267E+03 -1.17940433E+03 -1.18410467E+03 -1.18625267E+03 -1.19189733E+03 -1.19933967E+03 -1.20522567E+03 -1.21133767E+03 -1.21448633E+03 -1.22067433E+03 -1.22639200E+03 -1.23258867E+03 -1.23615433E+03 -1.24281967E+03 
 -1.24748400E+03 -1.25476233E+03 -1.26041500E+03 -1.26483900E+03 -1.26767300E+03 -1.27236100E+03 -1.27732133E+03 -1.28449733E+03 -1.28816500E+03 -1.29520733E+03 -1.30109333E+03 -1.30856333E+03 -1.31727667E+03 -1.32240267E+03 -1.32472200E+03 -1.33161467E+03 -1.33813667E+03 -1.34376667E+03 -1.34796367E+03 -1.35649033E+03 -1.36228567E+03 -1.36604467E+03 -1.37085733E+03 -1.37537567E+03 -1.37840133E+03 
 -1.38194500E+03 -1.38879533E+03 -1.39645233E+03 -1.40530933E+03 -1.40969867E+03 -1.41793467E+03 -1.42707933E+03 -1.43192500E+03 -1.43999400E+03 -1.44359133E+03 -1.45192000E+03 -1.45904000E+03 -1.46529600E+03 -1.47089933E+03 -1.47594700E+03 -1.48524400E+03 -1.49066367E+03 -1.49783100E+03 -1.50064000E+03 -1.50965233E+03 -1.51527867E+03 -1.52448467E+03 -1.53022367E+03 -1.53715733E+03 -1.54051833E+03 
 -1.54884433E+03 -1.55924067E+03 -1.56720867E+03 -1.58079100E+03 -1.58811267E+03 -1.59267433E+03 -1.60123400E+03 -1.60820433E+03 -1.61414900E+03 -1.61934767E+03 -1.62833967E+03 -1.63923333E+03 -1.64696567E+03 -1.65295400E+03 -1.66046600E+03 -1.66683600E+03 -1.67493300E+03 -1.68184667E+03 -1.68922800E+03 -1.69612467E+03 -1.70329667E+03 -1.71134233E+03 -1.71810433E+03 -1.72336600E+03 -1.73031600E+03 
 -1.73509867E+03 -1.74371900E+03 -1.75002600E+03 -1.75820100E+03 -1.76414900E+03 -1.77357533E+03 -1.78205200E+03 -1.79150767E+03 -1.79730033E+03 -1.80464800E+03 -1.81095867E+03 -1.81706867E+03 -1.82609733E+03 -1.83066533E+03 -1.83772300E+03 -1.84299933E+03 -1.85148400E+03 -1.85641567E+03 -1.86196667E+03 -1.87009433E+03 -1.88040800E+03 -1.88380233E+03 -1.89173200E+03 -1.89726533E+03 -1.90432567E+03 
 -1.91018933E+03 -1.91915633E+03 -1.92876467E+03 -1.93883367E+03 -1.94722067E+03 -1.95507900E+03 -1.96460833E+03 -1.97139433E+03 -1.98183167E+03 -1.99006567E+03 -1.99836833E+03 -2.00430467E+03 -2.01266433E+03 -2.02327633E+03 -2.03086700E+03 -2.03998633E+03 -2.04586767E+03 -2.05548567E+03 -2.06236900E+03 -2.06897700E+03 -2.07950400E+03 -2.08632500E+03 -2.09050833E+03 -2.09934267E+03 -2.10860100E+03 
 -2.11545533E+03 -2.12545800E+03 -2.13622400E+03 -2.14423233E+03 -2.15466900E+03 -2.16633433E+03 -2.17627633E+03 -2.18252700E+03 -2.19081433E+03 -2.19850733E+03 -2.20917633E+03 -2.21953800E+03 -2.22711500E+03 -2.23537033E+03 -2.24246933E+03 -2.25289233E+03 -2.26412833E+03 -2.27065633E+03 -2.27909367E+03 -2.28810967E+03 -2.29615067E+03 -2.30270267E+03 -2.31061600E+03 -2.31438533E+03 -2.32185867E+03 
 -2.33057300E+03 -2.34345800E+03 -2.35578167E+03 -2.36457433E+03 -2.37727200E+03 -2.38434133E+03 -2.39603400E+03 -2.40727633E+03 -2.41605133E+03 -2.42801200E+03 -2.43852233E+03 -2.44551233E+03 -2.45376500E+03 -2.46035033E+03 -2.46872933E+03 -2.47989967E+03 -2.49090467E+03 -2.49945333E+03 -2.50804433E+03 -2.51880433E+03 -2.52870067E+03 -2.53744867E+03 -2.54401233E+03 -2.55112900E+03 -2.55860967E+03 
 -2.56780133E+03 -2.58005567E+03 -2.59048400E+03 -2.59871300E+03 -2.61039567E+03 -2.62241267E+03 -2.63267467E+03 -2.64335933E+03 -2.64908333E+03 -2.66094600E+03 -2.66836700E+03 -2.67784867E+03 -2.68718100E+03 -2.69744700E+03 -2.70830667E+03 -2.71890100E+03 -2.72903633E+03 -2.74080133E+03 -2.75022967E+03 -2.76253067E+03 -2.77119500E+03 -2.78214967E+03 -2.79131700E+03 -2.79895600E+03 -2.80735967E+03 
 -2.81668800E+03 -2.82991067E+03 -2.84014167E+03 -2.85036533E+03 -2.86026500E+03 -2.87324733E+03 -2.88376533E+03 -2.89593167E+03 -2.90726200E+03 -2.91646100E+03 -2.92769667E+03 -2.93875100E+03 -2.95063733E+03 -2.96129233E+03 -2.97242767E+03 -2.98085833E+03 -2.99153933E+03 -3.00309967E+03 -3.01205667E+03 -3.02111667E+03 -3.02873600E+03 -3.03896333E+03 -3.05131167E+03 -3.06257333E+03 -3.07481767E+03 
 -3.08464767E+03 -3.09522867E+03 -3.10696133E+03 -3.11780033E+03 -3.12689500E+03 -3.13905000E+03 -3.14885500E+03 -3.16142333E+03 -3.17130233E+03 -3.18135067E+03 -3.19355433E+03 -3.20127967E+03 -3.21360533E+03 -3.22303600E+03 -3.23419400E+03 -3.24381167E+03 -3.25310133E+03 -3.25957533E+03 -3.26726900E+03 -3.27851933E+03 -3.28864200E+03 -3.29647100E+03 -3.30951567E+03 -3.31904967E+03 -3.33063500E+03 
 -3.33980300E+03 -3.35166133E+03 -3.36308333E+03 -3.37458333E+03 -3.38648233E+03 -3.39842900E+03 -3.40912900E+03 -3.42065933E+03 -3.43122633E+03 -3.44156100E+03 -3.45063933E+03 -3.46599200E+03 -3.47687867E+03 -3.48992033E+03 -3.50004867E+03 -3.50964200E+03 -3.52024600E+03 -3.53003533E+03 -3.54131667E+03 -3.55398600E+03 -3.56437667E+03 -3.57504400E+03 -3.58549267E+03 -3.59227733E+03 -3.60521433E+03 
 -3.61537000E+03 -3.62747400E+03 -3.63897400E+03 -3.64886133E+03 -3.65898700E+03 -3.67253833E+03 -3.68326867E+03 -3.69490800E+03 -3.70569767E+03 -3.71665267E+03 -3.72779433E+03 -3.73936433E+03 -3.75044900E+03 -3.76255133E+03 -3.77439300E+03 -3.78885333E+03 -3.79960767E+03 -3.81052733E+03 -3.82104100E+03 -3.82993067E+03 -3.84285333E+03 -3.85248933E+03 -3.86050067E+03 -3.86961267E+03 -3.88163267E+03 
 -3.89118600E+03 -3.90597867E+03 -3.92122633E+03 -3.93022200E+03 -3.94228800E+03 -3.95671333E+03 -3.96861633E+03 -3.97954800E+03 -3.99284133E+03 -4.00243200E+03 -4.01319967E+03 -4.02377100E+03 -4.03256633E+03 -4.04487367E+03 -4.05705467E+03 -4.06712967E+03 -4.07628067E+03 -4.08806933E+03 -4.09696933E+03 -4.10687267E+03 -4.11382833E+03 -4.12218600E+03 -4.13434933E+03 -4.14405733E+03 -4.15249500E+03 
 -4.16223800E+03 -4.17609233E+03 -4.18691967E+03 -4.20170900E+03 -4.20888233E+03 -4.21961633E+03 -4.23116500E+03 -4.24316500E+03 -4.25328900E+03 -4.26299600E+03 -4.27357900E+03 -4.28604733E+03 -4.29628533E+03 -4.30404267E+03 -4.31544700E+03 -4.32548800E+03 -4.33512800E+03 -4.34299567E+03 -4.35310000E+03 -4.36266600E+03 -4.37287767E+03 -4.38293133E+03 -4.39269300E+03 -4.40357000E+03 -4.41197233E+03 
 -4.42375767E+03 -4.43467300E+03 -4.44504533E+03 -4.45772867E+03 -4.46586333E+03 -4.47604567E+03 -4.48836900E+03 -4.49717000E+03 -4.50567667E+03 -4.51746433E+03 -4.52602400E+03 -4.53473500E+03 -4.54333067E+03 -4.55353900E+03 -4.56312167E+03 -4.57539767E+03 -4.58393667E+03 -4.59234467E+03 -4.60088333E+03 -4.60960733E+03 -4.61938233E+03 -4.62811367E+03 -4.63760033E+03 -4.64650800E+03 -4.65675667E+03 
 -4.66483633E+03 -4.67473333E+03 -4.68719667E+03 -4.69822733E+03 -4.70830467E+03 -4.72059600E+03 -4.72955700E+03 -4.74130800E+03 -4.75042400E+03 -4.75874933E+03 -4.76749100E+03 -4.77917633E+03 -4.78883167E+03 -4.79922800E+03 -4.81117767E+03 -4.81965367E+03 -4.83154933E+03 -4.84064667E+03 -4.85050833E+03 -4.85972933E+03 -4.86726133E+03 -4.87525133E+03 -4.88384700E+03 -4.89296633E+03 -4.89819133E+03 
 -4.90659767E+03 -4.91590500E+03 -4.92577567E+03 -4.93505300E+03 -4.94505600E+03 -4.95443433E+03 -4.96368300E+03 -4.97074733E+03 -4.98049100E+03 -4.99017867E+03 -4.99717533E+03 -5.00651800E+03 -5.01521567E+03 -5.02494000E+03 -5.03384900E+03 -5.04188367E+03 -5.04981367E+03 -5.05793100E+03 -5.06538100E+03 -5.07421967E+03 -5.08194767E+03 -5.09093133E+03 -5.09870933E+03 -5.10628233E+03 -5.11533000E+03 
 -5.12185200E+03 -5.13303300E+03 -5.14063800E+03 -5.14909767E+03 -5.15874433E+03 -5.16672033E+03 -5.17590267E+03 -5.18310600E+03 -5.19148300E+03 -5.19912433E+03 -5.20714467E+03 -5.21526067E+03 -5.22256567E+03 -5.23200333E+03 -5.23967233E+03 -5.24890967E+03 -5.25751900E+03 -5.26353633E+03 -5.27255800E+03 -5.27912567E+03 -5.28619000E+03 -5.29398100E+03 -5.29884767E+03 -5.30634933E+03 -5.31327767E+03 
 -5.31994933E+03 -5.32749967E+03 -5.33514000E+03 -5.34231467E+03 -5.34927700E+03 -5.35784433E+03 -5.36302033E+03 -5.37002267E+03 -5.37762533E+03 -5.38460033E+03 -5.39068333E+03 -5.39610467E+03 -5.40352233E+03 -5.41065267E+03 -5.41671633E+03 -5.42470867E+03 -5.43341967E+03 -5.43954867E+03 -5.44424667E+03 -5.45160700E+03 -5.45789200E+03 -5.46506100E+03 -5.47114600E+03 -5.47451933E+03 -5.48311367E+03 
 -5.48865900E+03 -5.49787233E+03 -5.50381367E+03 -5.51042500E+03 -5.51751400E+03 -5.52389100E+03 -5.53140667E+03 -5.53574800E+03 -5.54144000E+03 -5.54625833E+03 -5.55171367E+03 -5.55842467E+03 -5.56423233E+03 -5.56945167E+03 -5.57584733E+03 -5.58230200E+03 -5.58943500E+03 -5.59339933E+03 -5.59956767E+03 -5.60450633E+03 -5.61012767E+03 -5.61707033E+03 -5.62234600E+03 -5.62977300E+03 -5.63542133E+03 
 -5.64094467E+03 -5.64709333E+03 -5.65313500E+03 -5.66026800E+03 -5.66633333E+03 -5.67256767E+03 -5.67839567E+03 -5.68342100E+03 -5.68797733E+03 -5.69554800E+03 -5.70242100E+03 -5.70882733E+03 -5.71626167E+03 -5.72149900E+03 -5.72713233E+03 -5.73247433E+03 -5.73880067E+03 -5.74233200E+03 -5.74718433E+03 -5.75192633E+03 -5.75680633E+03 -5.76105667E+03 -5.76753900E+03 -5.77366833E+03 -5.77902400E+03 
 -5.78482900E+03 -5.79082700E+03 -5.79682367E+03 -5.80149067E+03 -5.80744167E+03 -5.81184767E+03 -5.81523967E+03 -5.82067933E+03 -5.82471700E+03 -5.82727733E+03 -5.83218167E+03 -5.83676000E+03 -5.84186933E+03 -5.84506500E+03 -5.84993433E+03 -5.85465400E+03 -5.85856600E+03 -5.86307633E+03 -5.86898600E+03 -5.87180333E+03 -5.87635567E+03 -5.88133167E+03 -5.88588500E+03 -5.89025967E+03 -5.89485667E+03 
 -5.89856067E+03 -5.90525900E+03 -5.90973200E+03 -5.91409267E+03 -5.91877633E+03 -5.92266833E+03 -5.92704433E+03 -5.93166333E+03 -5.93680133E+03 -5.94132400E+03 -5.94506333E+03 -5.94944433E+03 -5.95415133E+03 -5.95819167E+03 -5.96324000E+03 -5.96660600E+03 -5.97062333E+03 -5.97366167E+03 -5.97512133E+03 -5.97916900E+03 -5.98248733E+03 -5.98634433E+03 -5.99029200E+03 -5.99294733E+03 -5.99746067E+03 
 -5.99979500E+03 -6.00381133E+03 -6.00774433E+03 -6.01208567E+03 -6.01590600E+03 -6.01840867E+03 -6.02348867E+03 -6.02685467E+03 -6.02937867E+03 -6.03345433E+03 -6.03649300E+03 -6.04052100E+03 -6.04462533E+03 -6.04648700E+03 -6.05103733E+03 -6.05350267E+03 -6.05632800E+03 -6.05943633E+03 -6.06404200E+03 -6.06638400E+03 -6.06960133E+03 -6.07249167E+03 -6.07618100E+03 -6.07763167E+03 -6.08127867E+03 
 -6.08440600E+03 -6.08842700E+03 -6.09085467E+03 -6.09374467E+03 -6.09777167E+03 -6.10216133E+03 -6.10403700E+03 -6.10783667E+03 -6.10981067E+03 -6.11329767E+03 -6.11749167E+03 -6.11946733E+03 -6.12217400E+03 -6.12462633E+03 -6.12720233E+03 -6.12802733E+03 -6.13029967E+03 -6.13277200E+03 -6.13563700E+03 -6.13682000E+03 -6.13931200E+03 -6.14060833E+03 -6.14342667E+03 -6.14549433E+03 -6.14796833E+03 
 -6.15062600E+03 -6.15251533E+03 -6.15564367E+03 -6.15839400E+03 -6.16051800E+03 -6.16451733E+03 -6.16602833E+03 -6.16840567E+03 -6.17089167E+03 -6.17285367E+03 -6.17429567E+03 -6.17658267E+03 -6.18014033E+03 -6.18199367E+03 -6.18432067E+03 -6.18622433E+03 -6.18726600E+03 -6.18959467E+03 -6.19207433E+03 -6.19444400E+03 -6.19679900E+03 -6.19915300E+03 -6.20047467E+03 -6.20206200E+03 -6.20592200E+03 
 -6.20716033E+03 -6.20927633E+03 -6.21175533E+03 -6.21349800E+03 -6.21666100E+03 -6.21874833E+03 -6.22132033E+03 -6.22399533E+03 -6.22666967E+03 -6.22847900E+03 -6.23116167E+03 -6.23174833E+03 -6.23373833E+03 -6.23511600E+03 -6.23705167E+03 -6.24010167E+03 -6.24090133E+03 -6.24171400E+03 -6.24368167E+03 -6.24601000E+03 -6.24823000E+03 -6.24930867E+03 -6.25194100E+03 -6.25245233E+03 -6.25272667E+03 
 -6.25402833E+03 -6.25669533E+03 -6.25833667E+03 -6.25934433E+03 -6.26169400E+03 -6.26315900E+03 -6.26536167E+03 -6.26862833E+03 -6.26994800E+03 -6.27143933E+03 -6.27375567E+03 -6.27481267E+03 -6.27661300E+03 -6.27778433E+03 -6.27942633E+03 -6.28104233E+03 -6.28214800E+03 -6.28340100E+03 -6.28500200E+03 -6.28682800E+03 -6.28776433E+03 -6.29064200E+03 -6.29018833E+03 -6.29167600E+03 -6.29257767E+03 
 -6.29335867E+03 -6.29486467E+03 -6.29666967E+03 -6.29720300E+03 -6.29930500E+03 -6.29944533E+03 -6.30146967E+03 -6.30276800E+03 -6.30396800E+03 -6.30512633E+03 -6.30648067E+03 -6.30793600E+03 -6.31071900E+03 -6.31155167E+03 -6.31216767E+03 -6.31345000E+03 -6.31443333E+03 -6.31458200E+03 -6.31676267E+03 -6.31848433E+03 -6.31853100E+03 -6.32004933E+03 -6.32200933E+03 -6.32177300E+03 -6.32347900E+03 
 -6.32418967E+03 -6.32562800E+03 -6.32604367E+03 -6.32627800E+03 -6.32746167E+03 -6.32893067E+03 -6.32980900E+03 -6.33111233E+03 -6.33177133E+03 -6.33160300E+03 -6.33338767E+03 -6.33346033E+03 -6.33492633E+03 -6.33620933E+03 -6.33804667E+03 -6.33913900E+03 -6.34058667E+03 -6.34016600E+03 -6.34233900E+03 -6.34411833E+03 -6.34371300E+03 -6.34489967E+03 -6.34611367E+03 -6.34735667E+03 -6.34714000E+03 
 -6.34727567E+03 -6.35005167E+03 -6.35035067E+03 -6.35124533E+03 -6.35174267E+03 -6.35155000E+03 -6.35256800E+03 -6.35229733E+03 -6.35338133E+03 -6.35419167E+03 -6.35479600E+03 -6.35558433E+03 -6.35663200E+03 -6.35455300E+03 -6.35606567E+03 -6.35699833E+03 -6.35829967E+03 -6.35822500E+03 -6.35889533E+03 -6.35923300E+03 -6.36035033E+03 -6.36041800E+03 -6.36199200E+03 -6.36273733E+03 -6.36355933E+03 
 -6.36378000E+03 -6.36435700E+03 -6.36538100E+03 -6.36588400E+03 -6.36621900E+03 -6.36731533E+03 -6.36754367E+03 -6.36897100E+03 -6.36966667E+03 -6.37014233E+03 -6.37125300E+03 -6.37158200E+03 -6.37296400E+03 -6.37543200E+03 -6.37554667E+03 -6.37602300E+03 -6.37728600E+03 -6.37750000E+03 -6.37779033E+03 -6.37913900E+03 -6.37894933E+03 -6.38025500E+03 -6.38108700E+03 -6.38271167E+03 -6.38319967E+03 
 -6.38361933E+03 -6.38434333E+03 -6.38484700E+03 -6.38520167E+03 -6.38555367E+03 -6.38608533E+03 -6.38658700E+03 -6.38782433E+03 -6.38793500E+03 -6.38929667E+03 -6.39029767E+03 -6.39082067E+03 -6.39133067E+03 -6.39164900E+03 -6.39256533E+03 -6.39279100E+03 -6.39310133E+03 -6.39417567E+03 -6.39504500E+03 -6.39609767E+03 -6.39743800E+03 -6.39657567E+03 -6.39723833E+03 -6.39823900E+03 -6.39872367E+03 
 -6.39926133E+03 -6.40030067E+03 -6.40091667E+03 -6.40126667E+03 -6.40162233E+03 -6.40217067E+03 -6.40396767E+03 -6.40563900E+03 -6.40571700E+03 -6.40548667E+03 -6.40594100E+03 -6.40638400E+03 -6.40697200E+03 -6.40727000E+03 -6.40737933E+03 -6.40750067E+03 -6.40871800E+03 -6.40917333E+03 -6.40941833E+03 -6.40955433E+03 -6.41010633E+03 -6.41020133E+03 -6.41074467E+03 -6.41179500E+03 -6.41116267E+03 
 -6.41139967E+03 -6.41154333E+03 -6.41329233E+03 -6.41336200E+03 -6.41450067E+03 -6.41450200E+03 -6.41494500E+03 -6.41608333E+03 -6.41599700E+03 -6.41675367E+03 -6.41724967E+03 -6.41823800E+03 -6.41890167E+03 -6.41870600E+03 -6.41942233E+03 -6.41904900E+03 -6.42032000E+03 -6.42004933E+03 -6.41962133E+03 -6.41990233E+03 -6.42016367E+03 -6.42079733E+03 -6.42190700E+03 -6.42225767E+03 -6.42233200E+03 
 -6.42236600E+03 -6.42325300E+03 -6.42374300E+03 -6.42384667E+03 -6.42427600E+03 -6.42551267E+03 -6.42582000E+03 -6.42587867E+03 -6.42691433E+03 -6.42729700E+03 -6.42765500E+03 -6.42765167E+03 -6.42800533E+03 -6.42847633E+03 -6.42765933E+03 -6.42782400E+03 -6.42756967E+03 -6.42880400E+03 -6.42866100E+03 -6.42812700E+03 -6.42840400E+03 -6.42900667E+03 -6.42879967E+03 -6.43027800E+03 -6.43030833E+03 
 -6.43045200E+03 -6.43154633E+03 -6.43306533E+03 -6.43354267E+03 -6.43364300E+03 -6.43381267E+03 -6.43448100E+03 -6.43514433E+03 -6.43597233E+03 -6.43623067E+03 -6.43673433E+03 -6.43738900E+03 -6.43862200E+03 -6.43847467E+03 -6.43919867E+03 -6.43945533E+03 -6.43876400E+03 -6.43957467E+03 -6.44049400E+03 -6.44130433E+03 -6.44082267E+03 -6.44122533E+03 -6.44107333E+03 -6.44169667E+03 -6.44205900E+03 
 -6.44109500E+03 -6.44086700E+03 -6.44167100E+03 -6.44191633E+03 -6.44240400E+03 -6.44214133E+03 -6.44326333E+03 -6.44308500E+03 -6.44369200E+03 -6.44294200E+03 -6.44328733E+03 -6.44397233E+03 -6.44366600E+03 -6.44303333E+03 -6.44399900E+03 -6.44427900E+03 -6.44432567E+03 -6.44477333E+03 -6.44531867E+03 -6.44579400E+03 -6.44660600E+03 -6.44677233E+03 -6.44718100E+03 -6.44661000E+03 -6.44711733E+03 
 -6.44776800E+03 -6.44722867E+03 -6.44776200E+03 -6.44954800E+03 -6.44907033E+03 -6.44896033E+03 -6.44956200E+03 -6.45116367E+03 -6.45060633E+03 -6.45012367E+03 -6.45104067E+03 -6.45105800E+03 -6.45171467E+03 -6.45163100E+03 -6.45223733E+03 -6.45259867E+03 -6.45246833E+03 -6.45374300E+03 -6.45398200E+03 -6.45476300E+03 -6.45569733E+03 -6.45526700E+03 -6.45479100E+03 -6.45482433E+03 -6.45634167E+03 
 -6.45642000E+03 -6.45731267E+03 -6.45735867E+03 -6.45787667E+03 -6.45829533E+03 -6.45938800E+03 -6.45888900E+03 -6.45957500E+03 -6.46009933E+03 -6.46065933E+03 -6.46032333E+03 -6.46045267E+03 -6.46138867E+03 -6.46198733E+03 -6.46211267E+03 -6.46234767E+03 -6.46226400E+03 -6.46157200E+03 -6.46195800E+03 -6.46181067E+03 -6.46142333E+03 -6.46167567E+03 -6.46248300E+03 -6.46241033E+03 -6.46254833E+03 
 -6.46228200E+03 -6.46343533E+03 -6.46353133E+03 -6.46308433E+03 -6.46318167E+03 -6.46309033E+03 -6.46348033E+03 -6.46449800E+03 -6.46372067E+03 -6.46465667E+03 -6.46455533E+03 -6.46450800E+03 -6.46546467E+03 -6.46627667E+03 -6.46617100E+03 -6.46697267E+03 -6.46607100E+03 -6.46669867E+03 -6.46707367E+03 -6.46789967E+03 -6.46751267E+03 -6.46823967E+03 -6.46761900E+03 -6.46748300E+03 -6.46820800E+03 
 -6.46793000E+03 -6.46878300E+03 -6.46864767E+03 -6.46862067E+03 -6.46976433E+03 -6.46929167E+03 -6.46980567E+03 -6.47067267E+03 -6.47016367E+03 -6.47001767E+03 -6.47079333E+03 -6.47128233E+03 -6.47159867E+03 -6.47127433E+03 -6.47126267E+03 -6.47115200E+03 -6.47150100E+03 -6.47075867E+03 -6.47041567E+03 -6.47097233E+03 -6.47192767E+03 -6.47240333E+03 -6.47222933E+03 -6.47192567E+03 -6.47222267E+03 
 -6.47198567E+03 -6.47272100E+03 -6.47346833E+03 -6.47349000E+03 -6.47244633E+03 -6.47351900E+03 -6.47411367E+03 -6.47490733E+03 -6.47441433E+03 -6.47441567E+03 -6.47424167E+03 -6.47423267E+03 -6.47440067E+03 -6.47503833E+03 -6.47469233E+03 -6.47482133E+03 -6.47452100E+03 -6.47547167E+03 -6.47578267E+03 -6.47541100E+03 -6.47562567E+03 -6.47588133E+03 -6.47600333E+03 -6.47652567E+03 -6.47692433E+03 
 -6.47684100E+03 -6.47722900E+03 -6.47763833E+03 -6.47740433E+03 -6.47741533E+03 -6.47850233E+03 -6.47865900E+03 -6.47848567E+03 -6.47889633E+03 -6.47935700E+03 -6.47862400E+03 -6.47876933E+03 -6.47924733E+03 -6.47892000E+03 -6.47936867E+03 -6.47854267E+03 -6.47932400E+03 -6.47957000E+03 -6.47891667E+03 -6.47946400E+03 -6.48011800E+03 -6.48104467E+03 -6.48074500E+03 -6.48057233E+03 -6.48121800E+03 
 -6.48151833E+03 -6.48152167E+03 -6.48123967E+03 -6.48172933E+03 -6.48135400E+03 -6.48168033E+03 -6.48178600E+03 -6.48170167E+03 -6.48280200E+03 -6.48312567E+03 -6.48286867E+03 -6.48369100E+03 -6.48321600E+03 -6.48279267E+03 -6.48326567E+03 -6.48411600E+03 -6.48397933E+03 -6.48355100E+03 -6.48422367E+03 -6.48394867E+03 -6.48469067E+03 -6.48464267E+03 -6.48487900E+03 -6.48549233E+03 -6.48647200E+03 
 -6.48619167E+03 -6.48518300E+03 -6.48479000E+03 -6.48521367E+03 -6.48487267E+03 -6.48541733E+03 -6.48586833E+03 -6.48553533E+03 -6.48653400E+03 -6.48668600E+03 -6.48614867E+03 -6.48623767E+03 -6.48598533E+03 -6.48579367E+03 -6.48539733E+03 -6.48644300E+03 -6.48646200E+03 -6.48628600E+03 -6.48662567E+03 -6.48579633E+03 -6.48603833E+03 -6.48636200E+03 -6.48588767E+03 -6.48609100E+03 -6.48722367E+03 
 -6.48730100E+03 -6.48585100E+03 -6.48560533E+03 -6.48568367E+03 -6.48549100E+03 -6.48496667E+03 -6.48495700E+03 -6.48401133E+03 -6.48580800E+03 -6.48574867E+03 -6.48542800E+03 -6.48500433E+03 -6.48514967E+03 -6.48513267E+03 -6.48528600E+03 -6.48535833E+03 -6.48447867E+03 -6.48460667E+03 -6.48528267E+03 -6.48410900E+03 -6.48397233E+03 -6.48386667E+03 -6.48400567E+03 -6.48432333E+03 -6.48470300E+03 
 -6.48391500E+03 -6.48364100E+03 -6.48369600E+03 -6.48418733E+03 -6.48366433E+03 -6.48261133E+03 -6.48257133E+03 -6.48238967E+03 -6.48240667E+03 -6.48236233E+03 -6.48154600E+03 -6.48085667E+03 -6.48182000E+03 -6.48077467E+03 -6.48046533E+03 -6.48131133E+03 -6.48130400E+03 -6.48068033E+03 -6.48046800E+03 -6.48094900E+03 -6.48151733E+03 -6.48138767E+03 -6.48112100E+03 -6.48122867E+03 -6.48153567E+03 
 -6.48088267E+03 -6.47994067E+03 -6.48056000E+03 -6.48073500E+03 -6.48067467E+03 -6.48043700E+03 -6.48087233E+03 -6.48017233E+03 -6.48044333E+03 -6.48032967E+03 -6.48029233E+03 -6.47983000E+03 -6.48000733E+03 -6.48013467E+03 -6.47962333E+03 -6.47957367E+03 -6.47947167E+03 -6.47881800E+03 -6.47875333E+03 -6.47869633E+03 -6.47897933E+03 -6.47892800E+03 -6.47834067E+03 -6.47932367E+03 -6.47870667E+03 
 -6.47825900E+03 -6.47709300E+03 -6.47736733E+03 -6.47700067E+03 -6.47641267E+03 -6.47693800E+03 -6.47641667E+03 -6.47656167E+03 -6.47546933E+03 -6.47519933E+03 -6.47564200E+03 -6.47519633E+03 -6.47504733E+03 -6.47565833E+03 -6.47491700E+03 -6.47460400E+03 -6.47458867E+03 -6.47401533E+03 -6.47340900E+03 -6.47314233E+03 -6.47302867E+03 -6.47331700E+03 -6.47334633E+03 -6.47347200E+03 -6.47448367E+03 
 -6.47384200E+03 -6.47243133E+03 -6.47229500E+03 -6.47203433E+03 -6.47216567E+03 -6.47149800E+03 -6.47183933E+03 -6.47109000E+03 -6.47123167E+03 -6.47042700E+03 -6.47085933E+03 -6.47085067E+03 -6.47174800E+03 -6.47058500E+03 -6.47075700E+03 -6.47084133E+03 -6.47058433E+03 -6.46999967E+03 -6.47061433E+03 -6.46962133E+03 -6.46931400E+03 -6.46949333E+03 -6.46927467E+03 -6.46928533E+03 -6.46963433E+03 
 -6.46879067E+03 -6.46880100E+03 -6.46888133E+03 -6.46812567E+03 -6.46800433E+03 -6.46884633E+03 -6.46774467E+03 -6.46754233E+03 -6.46752333E+03 -6.46666900E+03 -6.46628467E+03 -6.46629633E+03 -6.46630900E+03 -6.46533733E+03 -6.46432133E+03 -6.46513433E+03 -6.46621833E+03 -6.46578567E+03 -6.46557967E+03 -6.46472367E+03 -6.46507067E+03 -6.46408200E+03 -6.46380733E+03 -6.46485833E+03 -6.46535267E+03 
 -6.46484333E+03 -6.46407733E+03 -6.46253633E+03 -6.46331367E+03 -6.46162967E+03 -6.46143767E+03 -6.46119433E+03 -6.46063900E+03 -6.46019800E+03 -6.45968933E+03 -6.46062133E+03 -6.45930200E+03 -6.45887567E+03 -6.45855500E+03 -6.45875733E+03 -6.45936100E+03 -6.45913767E+03 -6.45889733E+03 -6.45844400E+03 -6.45837733E+03 -6.45858667E+03 -6.45863567E+03 -6.45878367E+03 -6.45853300E+03 -6.45818300E+03 
 -6.45886800E+03 -6.45869767E+03 -6.45734167E+03 -6.45725067E+03 -6.45800033E+03 -6.45772000E+03 -6.45766600E+03 -6.45735867E+03 -6.45632167E+03 -6.45644200E+03 -6.45627700E+03 -6.45644567E+03 -6.45584700E+03 -6.45611967E+03 -6.45593367E+03 -6.45557000E+03 -6.45559067E+03 -6.45556100E+03 -6.45474500E+03 -6.45522333E+03 -6.45456100E+03 -6.45444267E+03 -6.45450500E+03 -6.45440100E+03 -6.45366033E+03 
 -6.45320933E+03 -6.45275600E+03 -6.45222733E+03 -6.45072933E+03 -6.45178433E+03 -6.45151500E+03 -6.45173433E+03 -6.45184867E+03 -6.45271333E+03 -6.45208767E+03 -6.45155467E+03 -6.45013767E+03 -6.45061567E+03 -6.45043133E+03 -6.45009667E+03 -6.44999833E+03 -6.45005033E+03 -6.44970633E+03 -6.44989467E+03 -6.45033033E+03 -6.45003600E+03 -6.44986767E+03 -6.44937167E+03 -6.44859467E+03 -6.44894800E+03 
 -6.44867133E+03 -6.44819233E+03 -6.44731433E+03 -6.44632867E+03 -6.44649400E+03 -6.44525733E+03 -6.44656433E+03 -6.44723900E+03 -6.44724767E+03 -6.44521133E+03 -6.44586367E+03 -6.44449800E+03 -6.44427233E+03 -6.44426133E+03 -6.44346067E+03 -6.44259600E+03 -6.44273100E+03 -6.44301967E+03 -6.44185500E+03 -6.44240000E+03 -6.44200800E+03 -6.44177300E+03 -6.44189200E+03 -6.44150500E+03 -6.44143633E+03 
 -6.44183600E+03 -6.44193833E+03 -6.44143533E+03 -6.44085067E+03 -6.44124900E+03 -6.43936900E+03 -6.44010800E+03 -6.44005100E+03 -6.44020733E+03 -6.43953767E+03 -6.43933500E+03 -6.43871767E+03 -6.43824800E+03 -6.43779900E+03 -6.43692333E+03 -6.43737933E+03 -6.43759700E+03 -6.43789067E+03 -6.43706667E+03 -6.43616900E+03 -6.43599167E+03 -6.43546000E+03 -6.43561067E+03 -6.43476733E+03 -6.43496033E+03 
 -6.43480767E+03 -6.43351567E+03 -6.43401333E+03 -6.43398033E+03 -6.43318300E+03 -6.43255367E+03 -6.43281633E+03 -6.43111167E+03 -6.43105467E+03 -6.43134833E+03 -6.43173367E+03 -6.43120300E+03 -6.43067300E+03 -6.43039200E+03 -6.43046900E+03 -6.42986467E+03 -6.42912533E+03 -6.42814833E+03 -6.42832467E+03 -6.42865733E+03 -6.42807700E+03 -6.42834867E+03 -6.42679433E+03 -6.42757900E+03 -6.42737667E+03 
 -6.42685500E+03 -6.42622700E+03 -6.42639967E+03 -6.42493700E+03 -6.42459500E+03 -6.42438467E+03 -6.42409433E+03 -6.42243433E+03 -6.42153700E+03 -6.42134167E+03 -6.42127900E+03 -6.42116433E+03 -6.41936200E+03 -6.41987133E+03 -6.41936533E+03 -6.41879100E+03 -6.41759533E+03 -6.41733400E+03 -6.41654600E+03 -6.41708733E+03 -6.41643900E+03 -6.41514700E+03 -6.41514300E+03 -6.41617367E+03 -6.41597967E+03 
 -6.41677067E+03 -6.41509633E+03 -6.41521667E+03 -6.41465967E+03 -6.41445700E+03 -6.41478333E+03 -6.41385133E+03 -6.41254700E+03 -6.41231900E+03 -6.41055133E+03 -6.41106200E+03 -6.41108267E+03 -6.41224467E+03 -6.41163500E+03 -6.41066800E+03 -6.41064833E+03 -6.40966133E+03 -6.40964300E+03 -6.40976767E+03 -6.40868967E+03 -6.40830500E+03 -6.40887633E+03 -6.40796467E+03 -6.40816500E+03 -6.40732133E+03 
 -6.40784500E+03 -6.40555367E+03 -6.40490800E+03 -6.40461900E+03 -6.40411533E+03 -6.40412833E+03 -6.40417900E+03 -6.40345867E+03 -6.40302167E+03 -6.40237567E+03 -6.40153600E+03 -6.40187933E+03 -6.40145467E+03 -6.40153200E+03 -6.40038033E+03 -6.39983467E+03 -6.39843533E+03 -6.39824233E+03 -6.39814700E+03 -6.39922033E+03 -6.39780533E+03 -6.39859333E+03 -6.39854267E+03 -6.39867267E+03 -6.39674467E+03 
 -6.39670200E+03 -6.39527433E+03 -6.39449200E+03 -6.39320067E+03 -6.39300500E+03 -6.39256300E+03 -6.39209633E+03 -6.39166633E+03 -6.39001967E+03 -6.38961133E+03 -6.39014333E+03 -6.38918867E+03 -6.38859400E+03 -6.38719767E+03 -6.38647067E+03 -6.38543467E+03 -6.38477100E+03 -6.38488067E+03 -6.38442067E+03 -6.38357800E+03 -6.38347767E+03 -6.38222300E+03 -6.38185967E+03 -6.38183367E+03 -6.37946467E+03 
 -6.37952667E+03 -6.37839100E+03 -6.37702100E+03 -6.37664633E+03 -6.37520167E+03 -6.37451467E+03 -6.37584933E+03 -6.37343000E+03 -6.37210967E+03 -6.37195100E+03 -6.37193067E+03 -6.37186300E+03 -6.37262233E+03 -6.37167067E+03 -6.37062167E+03 -6.36897567E+03 -6.36872400E+03 -6.36762400E+03 -6.36765967E+03 -6.36727067E+03 -6.36592600E+03 -6.36493533E+03 -6.36433733E+03 -6.36527200E+03 -6.36464567E+03 
 -6.36397033E+03 -6.36354400E+03 -6.36251067E+03 -6.36184067E+03 -6.36200467E+03 -6.36100500E+03 -6.36118133E+03 -6.36099567E+03 -6.36006000E+03 -6.35952533E+03 -6.35866500E+03 -6.35845733E+03 -6.35726900E+03 -6.35605500E+03 -6.35567967E+03 -6.35506167E+03 -6.35485200E+03 -6.35331900E+03 -6.35367667E+03 -6.35331633E+03 -6.35201500E+03 -6.35155933E+03 -6.35122800E+03 -6.35036467E+03 -6.34946133E+03 
 -6.34972933E+03 -6.34829500E+03 -6.34609000E+03 -6.34597333E+03 -6.34511700E+03 -6.34404967E+03 -6.34351467E+03 -6.34226733E+03 -6.34228833E+03 -6.34197333E+03 -6.34189167E+03 -6.34106933E+03 -6.34094200E+03 -6.33886933E+03 -6.33888767E+03 -6.33943700E+03 -6.33844900E+03 -6.33743300E+03 -6.33713667E+03 -6.33518367E+03 -6.33477033E+03 -6.33392733E+03 -6.33299667E+03 -6.33168333E+03 -6.33158433E+03 
 -6.33084867E+03 -6.32862800E+03 -6.32663400E+03 -6.32670233E+03 -6.32470300E+03 -6.32415767E+03 -6.32365967E+03 -6.32278867E+03 -6.32237167E+03 -6.32152967E+03 -6.32101267E+03 -6.31934467E+03 -6.31886467E+03 -6.31823100E+03 -6.31735267E+03 -6.31673833E+03 -6.31619233E+03 -6.31600033E+03 -6.31507067E+03 -6.31554867E+03 -6.31499400E+03 -6.31458333E+03 -6.31290000E+03 -6.31320633E+03 -6.31233533E+03 
 -6.31237067E+03 -6.30929600E+03 -6.30838500E+03 -6.30590067E+03 -6.30387500E+03 -6.30238333E+03 -6.30156467E+03 -6.30076700E+03 -6.29996200E+03 -6.29988067E+03 -6.29907600E+03 -6.29797967E+03 -6.29746400E+03 -6.29640467E+03 -6.29623267E+03 -6.29521100E+03 -6.29414967E+03 -6.29378167E+03 -6.29315667E+03 -6.29280133E+03 -6.29226300E+03 -6.29136933E+03 -6.29150433E+03 -6.29053100E+03 -6.28910400E+03 
 -6.28774000E+03 -6.28665167E+03 -6.28639167E+03 -6.28478933E+03 -6.28357967E+03 -6.28318433E+03 -6.28246600E+03 -6.27989633E+03 -6.27944167E+03 -6.27726600E+03 -6.27734967E+03 -6.27587467E+03 -6.27472267E+03 -6.27362100E+03 -6.27272400E+03 -6.27249233E+03 -6.27178733E+03 -6.27085233E+03 -6.27162067E+03 -6.27023767E+03 -6.26862433E+03 -6.26879200E+03 -6.26768433E+03 -6.26575033E+03 -6.26497100E+03 
 -6.26376400E+03 -6.26144767E+03 -6.26000567E+03 -6.25979367E+03 -6.25723300E+03 -6.25533733E+03 -6.25452100E+03 -6.25284033E+03 -6.25276633E+03 -6.25044867E+03 -6.24784233E+03 -6.24799833E+03 -6.24631167E+03 -6.24566167E+03 -6.24641900E+03 -6.24507233E+03 -6.24443900E+03 -6.24399167E+03 -6.24293967E+03 -6.24286633E+03 -6.24220133E+03 -6.24153367E+03 -6.24016967E+03 -6.24005833E+03 -6.23814667E+03 
 -6.23842600E+03 -6.23612267E+03 -6.23483433E+03 -6.23192067E+03 -6.23061433E+03 -6.22894300E+03 -6.22767167E+03 -6.22677967E+03 -6.22461967E+03 -6.22196700E+03 -6.22139233E+03 -6.22041867E+03 -6.21924433E+03 -6.21844800E+03 -6.21612400E+03 -6.21504667E+03 -6.21343500E+03 -6.21171367E+03 -6.20987667E+03 -6.20825933E+03 -6.20647700E+03 -6.20389333E+03 -6.20313633E+03 -6.20115233E+03 -6.20064800E+03 
 -6.20048367E+03 -6.19841333E+03 -6.19676933E+03 -6.19544800E+03 -6.19305867E+03 -6.19185033E+03 -6.19047467E+03 -6.18937700E+03 -6.18677300E+03 -6.18330700E+03 -6.18423533E+03 -6.18154267E+03 -6.18000833E+03 -6.17988733E+03 -6.17839567E+03 -6.17824400E+03 -6.17681000E+03 -6.17425500E+03 -6.17316800E+03 -6.17195500E+03 -6.17111600E+03 -6.17096000E+03 -6.16991600E+03 -6.16849000E+03 -6.16761533E+03 
 -6.16607967E+03 -6.16369800E+03 -6.16102133E+03 -6.15909033E+03 -6.15855167E+03 -6.15669233E+03 -6.15606600E+03 -6.15612100E+03 -6.15422267E+03 -6.15290900E+03 -6.15298367E+03 -6.15144533E+03 -6.15001967E+03 -6.14930733E+03 -6.14709300E+03 -6.14676000E+03 -6.14687633E+03 -6.14586200E+03 -6.14396733E+03 -6.14396733E+03 -6.14190233E+03 -6.14106733E+03 -6.13927300E+03 -6.13747900E+03 -6.13714067E+03 
 -6.13582500E+03 -6.13354467E+03 -6.13145100E+03 -6.12886200E+03 -6.12565133E+03 -6.12276667E+03 -6.12133533E+03 -6.11964300E+03 -6.11596467E+03 -6.11530400E+03 -6.11246667E+03 -6.11151867E+03 -6.10955600E+03 -6.10866067E+03 -6.10715667E+03 -6.10588267E+03 -6.10489567E+03 -6.10380000E+03 -6.10184233E+03 -6.10139533E+03 -6.09865700E+03 -6.09659100E+03 -6.09604133E+03 -6.09503600E+03 -6.09399667E+03 
 -6.09211500E+03 -6.08959933E+03 -6.08495733E+03 -6.08384033E+03 -6.08112933E+03 -6.07848767E+03 -6.07580100E+03 -6.07370033E+03 -6.07117900E+03 -6.07068067E+03 -6.06845433E+03 -6.06556667E+03 -6.06081933E+03 -6.05947667E+03 -6.05711000E+03 -6.05618467E+03 -6.05487667E+03 -6.05414367E+03 -6.05181167E+03 -6.04879200E+03 -6.04626333E+03 -6.04543500E+03 -6.04376333E+03 -6.04245633E+03 -6.04077533E+03 
 -6.03974233E+03 -6.03694467E+03 -6.03361333E+03 -6.03212400E+03 -6.02677800E+03 -6.02459433E+03 -6.02182567E+03 -6.01939167E+03 -6.01711000E+03 -6.01297833E+03 -6.01184400E+03 -6.00897900E+03 -6.00629700E+03 -6.00412267E+03 -6.00136500E+03 -6.00040800E+03 -5.99929100E+03 -5.99573467E+03 -5.99175833E+03 -5.99103967E+03 -5.98883100E+03 -5.98811833E+03 -5.98600433E+03 -5.98357767E+03 -5.98031400E+03 
 -5.97954967E+03 -5.97744233E+03 -5.97372633E+03 -5.97027200E+03 -5.96870800E+03 -5.96547300E+03 -5.96290433E+03 -5.95832567E+03 -5.95577900E+03 -5.95186367E+03 -5.95035833E+03 -5.94687100E+03 -5.94444567E+03 -5.94175633E+03 -5.93818167E+03 -5.93686500E+03 -5.93469667E+03 -5.93139033E+03 -5.92873300E+03 -5.92616200E+03 -5.92186433E+03 -5.91906033E+03 -5.91782700E+03 -5.91508933E+03 -5.91291800E+03 
 -5.91123667E+03 -5.90708833E+03 -5.90496767E+03 -5.90096533E+03 -5.89678800E+03 -5.89072000E+03 -5.88906700E+03 -5.88486067E+03 -5.88309033E+03 -5.87985933E+03 -5.87558900E+03 -5.87255200E+03 -5.86965067E+03 -5.86501933E+03 -5.86344767E+03 -5.86196067E+03 -5.85866867E+03 -5.85712067E+03 -5.85482533E+03 -5.85343467E+03 -5.85024667E+03 -5.84794167E+03 -5.84476333E+03 -5.84093633E+03 -5.83807467E+03 
 -5.83561800E+03 -5.82871900E+03 -5.82429733E+03 -5.82093233E+03 -5.81719133E+03 -5.81435200E+03 -5.80989100E+03 -5.80679000E+03 -5.80309000E+03 -5.79807133E+03 -5.79210100E+03 -5.78537500E+03 -5.78145067E+03 -5.77760667E+03 -5.77294567E+03 -5.76978800E+03 -5.76603933E+03 -5.76351800E+03 -5.75929867E+03 -5.75362133E+03 -5.74910333E+03 -5.74756900E+03 -5.74507633E+03 -5.74262100E+03 -5.73991467E+03 
 -5.73643000E+03 -5.73149100E+03 -5.72722900E+03 -5.72318900E+03 -5.71875600E+03 -5.71490767E+03 -5.70999500E+03 -5.70457233E+03 -5.69835967E+03 -5.69287967E+03 -5.68935833E+03 -5.68475267E+03 -5.68260333E+03 -5.67834300E+03 -5.67345133E+03 -5.66924600E+03 -5.66538967E+03 -5.66386000E+03 -5.65981367E+03 -5.65388967E+03 -5.65149433E+03 -5.64807433E+03 -5.64309267E+03 -5.63865500E+03 -5.63312000E+03 
 -5.63191933E+03 -5.62542867E+03 -5.62014267E+03 -5.61302700E+03 -5.60877167E+03 -5.60487967E+03 -5.60040233E+03 -5.59422600E+03 -5.59300100E+03 -5.58814533E+03 -5.58264333E+03 -5.58099033E+03 -5.57453467E+03 -5.57201433E+03 -5.56664633E+03 -5.56089333E+03 -5.55854767E+03 -5.55333567E+03 -5.54877600E+03 -5.54349000E+03 -5.53878067E+03 -5.53338033E+03 -5.53084500E+03 -5.52785467E+03 -5.52456833E+03 
 -5.51880800E+03 -5.51231233E+03 -5.50678100E+03 -5.49908267E+03 -5.49193000E+03 -5.48866033E+03 -5.48138500E+03 -5.47444300E+03 -5.46801267E+03 -5.46081000E+03 -5.45486900E+03 -5.45044933E+03 -5.44545233E+03 -5.44038100E+03 -5.43380267E+03 -5.42853333E+03 -5.42427433E+03 -5.41947600E+03 -5.41321467E+03 -5.40588867E+03 -5.39956200E+03 -5.39362533E+03 -5.38866400E+03 -5.38217233E+03 -5.37601267E+03 
 -5.37100533E+03 -5.36542200E+03 -5.35997267E+03 -5.35321167E+03 -5.34691667E+03 -5.34212933E+03 -5.33604667E+03 -5.32837533E+03 -5.32317100E+03 -5.31568500E+03 -5.30749900E+03 -5.30250400E+03 -5.29559100E+03 -5.29001333E+03 -5.28593167E+03 -5.27812000E+03 -5.27394700E+03 -5.26834767E+03 -5.26442467E+03 -5.25778633E+03 -5.25175733E+03 -5.24470900E+03 -5.23851000E+03 -5.23115967E+03 -5.22281000E+03 
 -5.21667467E+03 -5.20896867E+03 -5.20145067E+03 -5.19245600E+03 -5.18350800E+03 -5.17690100E+03 -5.16741533E+03 -5.15920300E+03 -5.15237533E+03 -5.14538167E+03 -5.13829633E+03 -5.12698567E+03 -5.12181167E+03 -5.11721067E+03 -5.11091533E+03 -5.10294700E+03 -5.09507533E+03 -5.08835300E+03 -5.08160900E+03 -5.07499900E+03 -5.07007233E+03 -5.06099300E+03 -5.05391467E+03 -5.04640233E+03 -5.04113233E+03 
 -5.03565833E+03 -5.02440567E+03 -5.01495533E+03 -5.00656100E+03 -4.99780867E+03 -4.98887000E+03 -4.98080033E+03 -4.97094933E+03 -4.96177967E+03 -4.95553567E+03 -4.94660400E+03 -4.93771100E+03 -4.93033767E+03 -4.92293833E+03 -4.91408867E+03 -4.90499533E+03 -4.89715833E+03 -4.89047433E+03 -4.88385500E+03 -4.87337633E+03 -4.86563267E+03 -4.86042800E+03 -4.85139267E+03 -4.84029833E+03 -4.83293567E+03 
 -4.82553200E+03 -4.81742067E+03 -4.80664200E+03 -4.79745733E+03 -4.79073567E+03 -4.78116800E+03 -4.77152767E+03 -4.76095500E+03 -4.75200667E+03 -4.74299233E+03 -4.73179467E+03 -4.72300933E+03 -4.71152000E+03 -4.70181867E+03 -4.69292100E+03 -4.68440400E+03 -4.67544533E+03 -4.66777700E+03 -4.65862600E+03 -4.65473167E+03 -4.64589067E+03 -4.63750900E+03 -4.62946667E+03 -4.62164400E+03 -4.60974900E+03 
 -4.60171033E+03 -4.59005567E+03 -4.57809500E+03 -4.56701667E+03 -4.55579633E+03 -4.54715967E+03 -4.53831067E+03 -4.52684533E+03 -4.52080200E+03 -4.50876167E+03 -4.50039067E+03 -4.49153367E+03 -4.48033333E+03 -4.47259033E+03 -4.46463067E+03 -4.45184500E+03 -4.44167333E+03 -4.43300233E+03 -4.42350533E+03 -4.41140333E+03 -4.40217933E+03 -4.39279867E+03 -4.38352233E+03 -4.37295167E+03 -4.36478067E+03 
 -4.35398400E+03 -4.34062433E+03 -4.32927233E+03 -4.31897400E+03 -4.30622367E+03 -4.29668133E+03 -4.28450700E+03 -4.27060233E+03 -4.25976600E+03 -4.24782400E+03 -4.23706100E+03 -4.22788867E+03 -4.21665433E+03 -4.20569633E+03 -4.19487067E+03 -4.18413500E+03 -4.17107900E+03 -4.15869733E+03 -4.14822200E+03 -4.13815667E+03 -4.12517300E+03 -4.11460367E+03 -4.10501933E+03 -4.09362133E+03 -4.08586333E+03 
 -4.07645433E+03 -4.06156533E+03 -4.04715733E+03 -4.03357200E+03 -4.02046367E+03 -4.00584400E+03 -3.99611667E+03 -3.98431433E+03 -3.96975933E+03 -3.95734900E+03 -3.94485200E+03 -3.93371333E+03 -3.92319233E+03 -3.90975900E+03 -3.89679300E+03 -3.88295900E+03 -3.87035167E+03 -3.85819100E+03 -3.84586200E+03 -3.83414600E+03 -3.82117267E+03 -3.80803933E+03 -3.79554033E+03 -3.78414167E+03 -3.77472533E+03 
 -3.76133900E+03 -3.74499333E+03 -3.73173967E+03 -3.71691700E+03 -3.70319333E+03 -3.69214467E+03 -3.67758100E+03 -3.66178333E+03 -3.64650900E+03 -3.63324767E+03 -3.62084133E+03 -3.60713367E+03 -3.59543667E+03 -3.58223533E+03 -3.56829100E+03 -3.55561933E+03 -3.54231100E+03 -3.52960900E+03 -3.51727400E+03 -3.50551400E+03 -3.49318500E+03 -3.47919067E+03 -3.46571700E+03 -3.45283100E+03 -3.44240167E+03 
 -3.43091867E+03 -3.41609867E+03 -3.40121167E+03 -3.38491833E+03 -3.36959733E+03 -3.35156833E+03 -3.33884500E+03 -3.32473533E+03 -3.31136067E+03 -3.29379433E+03 -3.27987900E+03 -3.26541100E+03 -3.25506500E+03 -3.23936567E+03 -3.22744300E+03 -3.21306000E+03 -3.19874133E+03 -3.18439600E+03 -3.17248700E+03 -3.15983400E+03 -3.14661300E+03 -3.13519967E+03 -3.12355100E+03 -3.11242833E+03 -3.09888700E+03 
 -3.08580867E+03 -3.06953667E+03 -3.05314800E+03 -3.03621000E+03 -3.02101533E+03 -3.00641600E+03 -2.99132767E+03 -2.97842400E+03 -2.96575667E+03 -2.94982867E+03 -2.93628967E+03 -2.92643800E+03 -2.90977267E+03 -2.89427500E+03 -2.87653867E+03 -2.86238800E+03 -2.85118267E+03 -2.83299400E+03 -2.82050300E+03 -2.80482733E+03 -2.78894800E+03 -2.77802433E+03 -2.76469767E+03 -2.75057000E+03 -2.73684267E+03 
 -2.72252600E+03 -2.70726767E+03 -2.68992467E+03 -2.67462067E+03 -2.65913467E+03 -2.64507000E+03 -2.63068000E+03 -2.61420667E+03 -2.59834100E+03 -2.58545000E+03 -2.56949200E+03 -2.55598100E+03 -2.53971200E+03 -2.52879367E+03 -2.51384267E+03 -2.49868567E+03 -2.48339600E+03 -2.46873033E+03 -2.45640000E+03 -2.43982567E+03 -2.42832300E+03 -2.41899800E+03 -2.40563833E+03 -2.39624800E+03 -2.38339700E+03 
 -2.37121733E+03 -2.34982367E+03 -2.33635967E+03 -2.32090633E+03 -2.30457667E+03 -2.29149867E+03 -2.27623767E+03 -2.26180067E+03 -2.25017700E+03 -2.23369333E+03 -2.21946467E+03 -2.20306533E+03 -2.18817767E+03 -2.17290433E+03 -2.16074767E+03 -2.14598733E+03 -2.12878433E+03 -2.11771833E+03 -2.10596900E+03 -2.09269200E+03 -2.08045133E+03 -2.06863067E+03 -2.05596367E+03 -2.04239233E+03 -2.03015633E+03 
 -2.02022033E+03 -2.00491067E+03 -1.99087100E+03 -1.97470433E+03 -1.95967867E+03 -1.94201000E+03 -1.92984067E+03 -1.91621067E+03 -1.90438600E+03 -1.88933167E+03 -1.87899000E+03 -1.86567833E+03 -1.85109400E+03 -1.83976667E+03 -1.82758500E+03 -1.81689900E+03 -1.80272967E+03 -1.79080433E+03 -1.77913667E+03 -1.76660700E+03 -1.75787000E+03 -1.74673700E+03 -1.73286467E+03 -1.72034467E+03 -1.71113100E+03 
 -1.69757567E+03 -1.68484933E+03 -1.67243600E+03 -1.65955133E+03 -1.64653333E+03 -1.63313833E+03 -1.62350467E+03 -1.61109700E+03 -1.59863567E+03 -1.58534700E+03 -1.57489200E+03 -1.56241100E+03 -1.54964033E+03 -1.53649233E+03 -1.52505267E+03 -1.51567267E+03 -1.50544933E+03 -1.49582733E+03 -1.48426933E+03 -1.47655667E+03 -1.46548333E+03 -1.45792300E+03 -1.44849333E+03 -1.43964000E+03 -1.42866500E+03 
 -1.41977667E+03 -1.40829067E+03 -1.39484533E+03 -1.38159067E+03 -1.36811767E+03 -1.35725033E+03 -1.34403467E+03 -1.33095933E+03 -1.32405567E+03 -1.31462133E+03 -1.30534500E+03 -1.29823000E+03 -1.28592933E+03 -1.27415100E+03 -1.26372433E+03 -1.25198800E+03 -1.24339700E+03 -1.23129833E+03 -1.22137500E+03 -1.21320667E+03 -1.20443833E+03 -1.19715167E+03 -1.18915800E+03 -1.18360033E+03 -1.17618767E+03 
 -1.16758100E+03 -1.15590067E+03 -1.14541000E+03 -1.13824200E+03 -1.12759233E+03 -1.11839567E+03 -1.10721067E+03 -1.09706033E+03 -1.09033367E+03 -1.08135400E+03 -1.07050467E+03 -1.06073600E+03 -1.05317833E+03 -1.04381833E+03 -1.03616467E+03 -1.02561667E+03 -1.01943100E+03 -1.01256367E+03 -1.00613167E+03 -9.97864000E+02 -9.90994667E+02 -9.83861000E+02 -9.78596000E+02 -9.72086333E+02 -9.64588667E+02 
 -9.57866667E+02 -9.50946000E+02 -9.41898000E+02 -9.32859667E+02 -9.24310333E+02 -9.17626333E+02 -9.09687000E+02 -9.01536667E+02 -8.94668333E+02 -8.86564667E+02 -8.78854333E+02 -8.72836000E+02 -8.67324333E+02 -8.58226333E+02 -8.53790000E+02 -8.47017000E+02 -8.44638000E+02 -8.39909333E+02 -8.32701667E+02 -8.27544667E+02 -8.23673333E+02 -8.22040000E+02 -8.14563667E+02 -8.09435000E+02 -8.04847000E+02 
 -7.98917000E+02 -7.91221667E+02 -7.85581333E+02 -7.79432000E+02 -7.70792333E+02 -7.66285333E+02 -7.57834333E+02 -7.52691667E+02 -7.47534333E+02 -7.44320333E+02 -7.38527667E+02 -7.30271333E+02 -7.26861667E+02 -7.20318333E+02 -7.18734000E+02 -7.13652667E+02 -7.10303667E+02 -7.04960333E+02 -6.97877667E+02 -6.93792333E+02 -6.89120333E+02 -6.86471667E+02 -6.80986000E+02 -6.76588000E+02 -6.76413000E+02 
 -6.72052000E+02 -6.65389333E+02 -6.59727333E+02 -6.55114667E+02 -6.50390667E+02 -6.43792667E+02 -6.39909333E+02 -6.33191000E+02 -6.29776333E+02 -6.28044000E+02 -6.25092667E+02 -6.20147000E+02 -6.16234000E+02 -6.14241333E+02 -6.09509667E+02 -6.04763000E+02 -6.03083000E+02 -5.98730000E+02 -5.92403333E+02 -5.89558000E+02 -5.86611000E+02 -5.84862333E+02 -5.82793333E+02 -5.79350667E+02 -5.76763667E+02 
 -5.73362333E+02 -5.68856333E+02 -5.62170667E+02 -5.58521000E+02 -5.53905000E+02 -5.49401333E+02 -5.45085667E+02 -5.37954333E+02 -5.35710333E+02 -5.30817667E+02 -5.30558333E+02 -5.24539667E+02 -5.23835000E+02 -5.19900333E+02 -5.19899667E+02 -5.15588667E+02 -5.13477667E+02 -5.10856667E+02 -5.08346000E+02 -5.09987667E+02 -5.07221000E+02 -5.01637000E+02 -4.98122000E+02 -4.97633667E+02 -4.96580333E+02 
 -4.98492000E+02 -4.93325667E+02 -4.88942000E+02 -4.84576667E+02 -4.80903333E+02 -4.80889333E+02 -4.75484333E+02 -4.74393667E+02 -4.73063000E+02 -4.70960000E+02 -4.68262333E+02 -4.66028667E+02 -4.62567333E+02 -4.60718667E+02 -4.58158667E+02 -4.54554000E+02 -4.52978000E+02 -4.50014333E+02 -4.49355000E+02 -4.46685667E+02 -4.45450333E+02 -4.42250667E+02 -4.41318000E+02 -4.38351000E+02 -4.37171000E+02 
 -4.35769333E+02 -4.31873667E+02 -4.26908000E+02 -4.25272667E+02 -4.21587000E+02 -4.17574667E+02 -4.18324000E+02 -4.16769333E+02 -4.14819667E+02 -4.11720000E+02 -4.12864667E+02 -4.07924000E+02 -4.07933000E+02 -4.05673333E+02 -4.02598000E+02 -4.03708667E+02 -4.02095333E+02 -4.00922333E+02 -4.00473333E+02 -3.98892333E+02 -3.98212667E+02 -3.99068000E+02 -3.99564333E+02 -4.00305333E+02 -3.99315667E+02 
 -3.99658000E+02 -3.96183667E+02 -3.92311667E+02 -3.91535000E+02 -3.85416667E+02 -3.82420000E+02 -3.80652667E+02 -3.81419000E+02 -3.78807000E+02 -3.78310333E+02 -3.76846000E+02 -3.74698000E+02 -3.75209333E+02 -3.71217000E+02 -3.72423667E+02 -3.71077000E+02 -3.69146000E+02 -3.69365333E+02 -3.66435333E+02 -3.64919333E+02 -3.67044667E+02 -3.64770667E+02 -3.61994000E+02 -3.60118333E+02 -3.61291667E+02 
 -3.60948333E+02 -3.56049667E+02 -3.52825333E+02 -3.52371333E+02 -3.50126000E+02 -3.45713333E+02 -3.42534333E+02 -3.43163667E+02 -3.37742667E+02 -3.37589000E+02 -3.39633667E+02 -3.38946333E+02 -3.39717667E+02 -3.35299667E+02 -3.33294000E+02 -3.31930000E+02 -3.32009667E+02 -3.31950000E+02 -3.30974000E+02 -3.31274000E+02 -3.31254000E+02 -3.30360667E+02 -3.30236667E+02 -3.31215000E+02 -3.29050667E+02 
 -3.25797000E+02 -3.22173667E+02 -3.18540000E+02 -3.16564333E+02 -3.14139000E+02 -3.11256333E+02 -3.11463333E+02 -3.06541000E+02 -3.06310333E+02 -3.06254667E+02 -3.07010000E+02 -3.05324667E+02 -3.04175333E+02 -3.06190333E+02 -3.05374333E+02 -3.07025667E+02 -3.03737000E+02 -3.02704667E+02 -3.01672000E+02 -3.01078333E+02 -3.00020000E+02 -3.00534000E+02 -3.02796333E+02 -3.01239333E+02 -3.01627667E+02 
 -2.98506667E+02 -2.95155667E+02 -2.91877000E+02 -2.91775667E+02 -2.89745667E+02 -2.90300333E+02 -2.87811333E+02 -2.85355000E+02 -2.83755667E+02 -2.84776667E+02 -2.83002667E+02 -2.84076333E+02 -2.85042667E+02 -2.85367000E+02 -2.84939667E+02 -2.87408667E+02 -2.87922333E+02 -2.88155000E+02 -2.87217000E+02 -2.85510000E+02 -2.81969333E+02 -2.78077000E+02 -2.79186667E+02 -2.81054333E+02 -2.79581000E+02 
 -2.79613333E+02 -2.77245000E+02 -2.76012000E+02 -2.71399333E+02 -2.70738333E+02 -2.72790333E+02 -2.69888667E+02 -2.68835333E+02 -2.69053000E+02 -2.69427333E+02 -2.67541333E+02 -2.67664333E+02 -2.66638000E+02 -2.65666333E+02 -2.63834667E+02 -2.65190667E+02 -2.64140000E+02 -2.62374333E+02 -2.64594000E+02 -2.63369333E+02 -2.61139667E+02 -2.61549667E+02 -2.61884667E+02 -2.60474000E+02 -2.64006667E+02 
 -2.64118333E+02 -2.60823333E+02 -2.58699000E+02 -2.54273333E+02 -2.51744000E+02 -2.51191667E+02 -2.52780333E+02 -2.53725000E+02 -2.51864333E+02 -2.49453667E+02 -2.48790333E+02 -2.45912000E+02 -2.46658667E+02 -2.47312667E+02 -2.47905000E+02 -2.47479000E+02 -2.47249667E+02 -2.47232000E+02 -2.48126000E+02 -2.47433667E+02 -2.46800667E+02 -2.45014000E+02 -2.43466000E+02 -2.41525333E+02 -2.43112000E+02 
 -2.41788333E+02 -2.37832000E+02 -2.37258000E+02 -2.37315667E+02 -2.33564667E+02 -2.33743667E+02 -2.32301333E+02 -2.31952667E+02 -2.32960333E+02 -2.32010000E+02 -2.32082333E+02 -2.31195333E+02 -2.28141333E+02 -2.27559333E+02 -2.27710667E+02 -2.27789000E+02 -2.29730333E+02 -2.25276333E+02 -2.25711000E+02 -2.25298333E+02 -2.27013667E+02 -2.25090333E+02 -2.26231333E+02 -2.26356667E+02 -2.25843333E+02 
 -2.27049000E+02 -2.22128333E+02 -2.21674333E+02 -2.20340333E+02 -2.19248000E+02 -2.18560333E+02 -2.20789000E+02 -2.18400333E+02 -2.16935333E+02 -2.18304333E+02 -2.15276000E+02 -2.16335000E+02 -2.18293333E+02 -2.14260000E+02 -2.14608000E+02 -2.12004333E+02 -2.14261667E+02 -2.13650667E+02 -2.13830000E+02 -2.14883667E+02 -2.15736667E+02 -2.14401667E+02 -2.13440333E+02 -2.14520333E+02 -2.14564333E+02 
 -2.17224000E+02 -2.10773667E+02 -2.11836333E+02 -2.10983333E+02 -2.10211333E+02 -2.07666667E+02 -2.05104333E+02 -2.05544667E+02 -2.06739667E+02 -2.06459000E+02 -2.06973000E+02 -2.08513000E+02 -2.08660000E+02 -2.07313000E+02 -2.08553667E+02 -2.07423333E+02 -2.06734000E+02 -2.05854000E+02 -2.04924667E+02 -2.05430667E+02 -2.05199667E+02 -2.06686333E+02 -2.05995333E+02 -2.05815333E+02 -2.03973667E+02 
 -2.02334333E+02 -1.97691333E+02 -1.97196000E+02 -1.95626667E+02 -1.93910667E+02 -1.93280333E+02 -1.92179333E+02 -1.92020333E+02 -1.91860000E+02 -1.91837000E+02 -1.93385000E+02 -1.93211667E+02 -1.95383333E+02 -1.93506667E+02 -1.93389333E+02 -1.92581333E+02 -1.92364000E+02 -1.90476000E+02 -1.91521000E+02 -1.91643000E+02 -1.90601000E+02 -1.90714667E+02 -1.91166000E+02 -1.92483000E+02 -1.90739333E+02 
 -1.89717333E+02 -1.85333000E+02 -1.85746000E+02 -1.84408333E+02 -1.85989333E+02 -1.82559000E+02 -1.83384667E+02 -1.80809667E+02 -1.76490667E+02 -1.77957000E+02 -1.78716000E+02 -1.78249000E+02 -1.80325333E+02 -1.78756333E+02 -1.78097000E+02 -1.77994667E+02 -1.77535667E+02 -1.77840333E+02 -1.76177000E+02 -1.74996000E+02 -1.75358333E+02 -1.77666333E+02 -1.75447000E+02 -1.75638333E+02 -1.74775000E+02 
 -1.75664000E+02 -1.74933667E+02 -1.72835000E+02 -1.73627000E+02 -1.73423000E+02 -1.72481000E+02 -1.71505000E+02 -1.71523333E+02 -1.72053333E+02 -1.70326000E+02 -1.72535333E+02 -1.68476667E+02 -1.68537667E+02 -1.68180000E+02 -1.66257667E+02 -1.66423333E+02 -1.66780333E+02 -1.66077000E+02 -1.66685667E+02 -1.66184667E+02 -1.64979000E+02 -1.65889000E+02 -1.66014000E+02 -1.65206000E+02 -1.66823000E+02 
 -1.65682000E+02 -1.62385333E+02 -1.62950667E+02 -1.62879000E+02 -1.63497667E+02 -1.64169667E+02 -1.63689000E+02 -1.63880667E+02 -1.64173333E+02 -1.63102000E+02 -1.62865000E+02 -1.63300000E+02 -1.62314333E+02 -1.63505000E+02 -1.61580667E+02 -1.61690333E+02 -1.60730000E+02 -1.61097667E+02 -1.60155333E+02 -1.58874000E+02 -1.59372333E+02 -1.58316000E+02 -1.58315667E+02 -1.58701667E+02 -1.60987667E+02 
 -1.59444000E+02 -1.58643667E+02 -1.57693000E+02 -1.58249000E+02 -1.57082667E+02 -1.56027333E+02 -1.55807667E+02 -1.55645667E+02 -1.55339000E+02 -1.55152333E+02 -1.53495000E+02 -1.54546333E+02 -1.52852333E+02 -1.54313667E+02 -1.54280000E+02 -1.51592333E+02 -1.53841000E+02 -1.52553667E+02 -1.52167000E+02 -1.51961333E+02 -1.51704667E+02 -1.50400333E+02 -1.50844333E+02 -1.51444333E+02 -1.52498333E+02 
 -1.52748000E+02 -1.51146667E+02 -1.51928667E+02 -1.45604000E+02 -1.47633667E+02 -1.47480333E+02 -1.48511667E+02 -1.49743667E+02 -1.51485667E+02 -1.50186000E+02 -1.49337333E+02 -1.49628333E+02 -1.47744667E+02 -1.48407333E+02 -1.47072000E+02 -1.48818667E+02 -1.48388333E+02 -1.47297667E+02 -1.44855333E+02 -1.43866000E+02 -1.46671333E+02 -1.45964667E+02 -1.43634000E+02 -1.42844333E+02 -1.43661000E+02 
 -1.44132000E+02 -1.42586000E+02 -1.41584333E+02 -1.41562000E+02 -1.42494333E+02 -1.41093333E+02 -1.41811000E+02 -1.40940667E+02 -1.39350667E+02 -1.41523667E+02 -1.38991333E+02 -1.38347667E+02 -1.38190333E+02 -1.38682000E+02 -1.38468000E+02 -1.38021000E+02 -1.39272333E+02 -1.41846000E+02 -1.41043667E+02 -1.39887333E+02 -1.39322667E+02 -1.39703333E+02 -1.36376000E+02 -1.38258667E+02 -1.36996667E+02 
 -1.36987333E+02 -1.34936667E+02 -1.34336000E+02 -1.32929333E+02 -1.33113333E+02 -1.33585000E+02 -1.32874000E+02 -1.32910333E+02 -1.32466000E+02 -1.32425333E+02 -1.32355333E+02 -1.31355333E+02 -1.33201667E+02 -1.30759333E+02 -1.32414000E+02 -1.31715000E+02 -1.30697000E+02 -1.30916000E+02 -1.31372667E+02 -1.30629333E+02 -1.31949000E+02 -1.30945000E+02 -1.32023000E+02 -1.33737333E+02 -1.34853333E+02 
 -1.33060667E+02 -1.31911333E+02 -1.29221000E+02 -1.30478333E+02 -1.29358000E+02 -1.29174667E+02 -1.29408000E+02 -1.28323000E+02 -1.25838333E+02 -1.27818667E+02 -1.27381000E+02 -1.27650000E+02 -1.27130333E+02 -1.26547000E+02 -1.25392333E+02 -1.26526667E+02 -1.27875000E+02 -1.28419000E+02 -1.27010667E+02 -1.26997333E+02 -1.27743000E+02 -1.30768333E+02 -1.29923000E+02 -1.30064000E+02 -1.29098333E+02 
 -1.26933667E+02 -1.23431333E+02 -1.21962333E+02 -1.22957000E+02 -1.21004667E+02 -1.20401333E+02 -1.20670000E+02 -1.19943000E+02 -1.20972000E+02 -1.21114333E+02 -1.22587667E+02 -1.22165000E+02 -1.21690667E+02 -1.19042667E+02 -1.19303667E+02 -1.21265000E+02 -1.20744333E+02 -1.22338333E+02 -1.19265667E+02 -1.19808333E+02 -1.19693000E+02 -1.20819000E+02 -1.21103333E+02 -1.20069000E+02 -1.23571667E+02 
 -1.23033667E+02 -1.19336000E+02 -1.19667667E+02 -1.19221333E+02 -1.17405333E+02 -1.17937333E+02 -1.20144333E+02 -1.20119000E+02 -1.19708333E+02 -1.18321333E+02 -1.16514000E+02 -1.15647000E+02 -1.16021000E+02 -1.15113000E+02 -1.15887333E+02 -1.15917667E+02 -1.16753333E+02 -1.18041333E+02 -1.16840333E+02 -1.17039000E+02 -1.17625667E+02 -1.18361667E+02 -1.19255667E+02 -1.17408667E+02 -1.14038333E+02 
 -1.15312333E+02 -1.13193667E+02 -1.13950000E+02 -1.15207667E+02 -1.15578000E+02 -1.13838333E+02 -1.12893667E+02 -1.12371333E+02 -1.11426667E+02 -1.12319333E+02 -1.10401667E+02 -1.12158333E+02 -1.13927000E+02 -1.16128000E+02 -1.14089667E+02 -1.12138000E+02 -1.11731667E+02 -1.11585667E+02 -1.14720333E+02 -1.10527000E+02 -1.11414333E+02 -1.12089667E+02 -1.11635000E+02 -1.08876333E+02 -1.10224000E+02 
 -1.09652333E+02 -1.07809333E+02 -1.05054333E+02 -1.07110667E+02 -1.06466000E+02 -1.08687333E+02 -1.05228000E+02 -1.05511667E+02 -1.05046000E+02 -1.05286667E+02 -1.05825667E+02 -1.03805667E+02 -1.06139000E+02 -1.07349667E+02 -1.05829333E+02 -1.06070000E+02 -1.09744000E+02 -1.09116333E+02 -1.08806333E+02 -1.07951000E+02 -1.08396000E+02 -1.08851333E+02 -1.08181667E+02 -1.06630000E+02 -1.05467000E+02 
