      0.00000000      1.00000000      2.50833333      4.00833333      5.05833333      6.05000000      6.97500000      7.55000000      7.66666667      8.20000000      8.64166667      8.43333333      8.35833333      8.34166667      8.45833333      8.61666667      8.42500000      8.65000000      9.49166667      9.50833333      9.82500000      9.70000000      9.55000000      9.60833333      9.20000000 
      9.39166667      9.55833333      9.82500000      9.87500000     10.42500000      9.95000000      9.99166667      9.98333333      9.90000000      9.88333333     10.45833333     10.25000000     10.16666667      9.57500000     10.41666667     10.57500000     10.57500000     10.47500000     10.40833333     10.39166667     10.19166667     10.30000000     10.28333333     10.70833333     10.54166667 
     10.31666667     10.61666667     10.77500000     10.64166667     10.10833333     10.30000000     10.45000000     10.22500000     10.43333333     10.27500000     10.35000000     10.24166667     10.98333333     10.78333333     10.95833333     10.70833333     11.10000000     11.34166667     11.33333333     11.14166667     11.20833333     10.98333333     11.19166667     10.88333333     11.48333333 
     11.75833333     11.84166667     11.60833333     12.10000000     12.53333333     12.76666667     12.58333333     12.30833333     12.74166667     12.44166667     12.35833333     12.25000000     12.56666667     12.75000000     12.04166667     12.40000000     12.45000000     12.52500000     12.19166667     11.98333333     12.12500000     12.14166667     12.15000000     12.06666667     12.31666667 
     12.32500000     12.55833333     12.18333333     12.48333333     12.40833333     12.39166667     12.98333333     12.74166667     12.80000000     12.78333333     12.55000000     12.76666667     12.67500000     12.64166667     12.59166667     12.76666667     12.76666667     13.10000000     13.44166667     13.72500000     13.77500000     13.58333333     13.65000000     13.79166667     13.94166667 
     14.39166667     13.78333333     14.75000000     14.98333333     14.85000000     14.82500000     15.30000000     14.80000000     15.11666667     14.87500000     15.01666667     15.25000000     14.66666667     15.37500000     14.95833333     15.29166667     14.85833333     15.01666667     15.11666667     15.15833333     15.05833333     15.05000000     14.97500000     15.28333333     15.18333333 
     14.95833333     15.07500000     15.60000000     15.71666667     15.41666667     15.47500000     15.88333333     16.15833333     15.47500000     15.42500000     15.05000000     15.45000000     16.05833333     15.72500000     16.08333333     15.75000000     16.20833333     15.60833333     15.91666667     15.85000000     16.18333333     16.22500000     16.66666667     16.81666667     16.22500000 
     16.38333333     16.34166667     16.65833333     16.72500000     16.91666667     17.12500000     17.96666667     17.40000000     17.08333333     17.67500000     17.95000000     18.45000000     19.36666667     18.81666667     19.31666667     18.90000000     18.61666667     18.75833333     19.00833333     19.09166667     19.10833333     19.05833333     18.65000000     18.96666667     18.95833333 
     18.60000000     18.37500000     17.99166667     18.00833333     18.66666667     18.53333333     18.64166667     19.08333333     19.30833333     18.99166667     19.36666667     19.18333333     19.10000000     18.40833333     18.42500000     19.04166667     18.92500000     19.25000000     19.32500000     18.96666667     19.70000000     19.65833333     19.45833333     19.50000000     20.26666667 
     20.13333333     20.43333333     21.58333333     21.55000000     21.73333333     21.56666667     21.93333333     22.10000000     22.35000000     22.53333333     22.94166667     22.77500000     22.98333333     22.95833333     22.37500000     22.79166667     22.29166667     22.85000000     22.47500000     22.43333333     22.79166667     22.07500000     22.15000000     22.75000000     22.64166667 
     23.04166667     22.84166667     23.35000000     23.31666667     23.08333333     23.15000000     22.97500000     23.42500000     23.65833333     24.14166667     24.50833333     24.60833333     24.10000000     23.89166667     24.50000000     24.27500000     24.28333333     24.21666667     24.13333333     23.98333333     23.73333333     23.79166667     24.33333333     24.63333333     24.40000000 
     24.55000000     24.60000000     24.88333333     24.79166667     25.50833333     25.94166667     26.24166667     25.64166667     25.49166667     26.47500000     26.46666667     25.90000000     26.92500000     26.91666667     26.40000000     25.75833333     26.47500000     26.80833333     25.92500000     25.79166667     25.78333333     26.36666667     26.81666667     27.37500000     27.18333333 
     27.48333333     26.80000000     28.24166667     28.80833333     28.05000000     28.50833333     27.87500000     27.52500000     27.61666667     28.33333333     28.73333333     28.47500000     29.44166667     29.51666667     29.20000000     29.08333333     29.88333333     29.92500000     30.04166667     30.65833333     30.83333333     30.59166667     30.60833333     29.88333333     29.74166667 
     30.00833333     30.10000000     30.78333333     31.64166667     31.97500000     32.06666667     32.26666667     31.90000000     31.42500000     31.60833333     31.80833333     32.18333333     32.25000000     32.35000000     32.00833333     32.00833333     32.31666667     31.76666667     32.40833333     31.94166667     31.95833333     31.79166667     31.92500000     31.92500000     31.83333333 
     32.20000000     32.85833333     33.20000000     34.06666667     34.34166667     34.56666667     34.49166667     35.26666667     35.00000000     36.21666667     37.05000000     36.91666667     36.96666667     36.83333333     37.59166667     37.95833333     37.73333333     37.97500000     37.87500000     37.71666667     37.51666667     37.92500000     37.80000000     37.65000000     37.70000000 
     37.87500000     38.30833333     38.90833333     39.35833333     39.26666667     39.47500000     40.84166667     41.10000000     41.35000000     40.75833333     40.92500000     40.80833333     40.68333333     40.40833333     40.12500000     40.40833333     40.05833333     39.41666667     39.55000000     39.71666667     40.28333333     40.50000000     40.50000000     39.88333333     40.08333333 
     40.25833333     40.69166667     41.00833333     42.03333333     41.51666667     41.65000000     42.27500000     42.32500000     42.85000000     43.09166667     43.21666667     43.71666667     43.03333333     43.50833333     43.39166667     44.57500000     45.00833333     44.13333333     44.71666667     44.00833333     44.47500000     44.06666667     44.33333333     43.31666667     44.07500000 
     44.02500000     44.60833333     44.64166667     44.50833333     45.14166667     45.56666667     46.05833333     47.00833333     47.17500000     47.85833333     48.89166667     49.60000000     49.41666667     49.72500000     49.32500000     49.01666667     49.51666667     49.74166667     50.16666667     50.32500000     50.31666667     50.23333333     51.46666667     51.49166667     51.19166667 
     51.09166667     51.61666667     51.73333333     52.35833333     52.90000000     53.01666667     53.51666667     53.16666667     53.32500000     54.16666667     55.13333333     54.32500000     55.18333333     55.57500000     56.20833333     57.24166667     56.50833333     57.69166667     57.74166667     58.16666667     58.44166667     59.36666667     59.15833333     59.21666667     59.33333333 
     59.00833333     59.74166667     60.45833333     60.80000000     61.35000000     61.64166667     62.14166667     63.40833333     63.40000000     62.80833333     62.42500000     63.50833333     63.82500000     64.15000000     63.97500000     64.55833333     64.94166667     64.43333333     63.93333333     63.75833333     63.66666667     64.59166667     64.71666667     65.00000000     65.32500000 
     65.52500000     66.21666667     66.81666667     67.21666667     67.78333333     68.42500000     68.63333333     69.43333333     70.50000000     69.50000000     70.81666667     71.16666667     72.00000000     72.20000000     72.97500000     73.25000000     73.22500000     73.40000000     72.97500000     73.91666667     74.18333333     74.92500000     74.28333333     73.95000000     73.89166667 
     74.00000000     74.75000000     75.63333333     76.02500000     77.12500000     77.06666667     77.90833333     78.47500000     78.75833333     78.95833333     78.74166667     78.51666667     79.97500000     80.40833333     79.98333333     80.81666667     82.09166667     82.70833333     82.43333333     82.45000000     81.93333333     82.16666667     83.05833333     84.15833333     83.79166667 
     84.60833333     84.75833333     84.73333333     85.51666667     86.09166667     86.51666667     86.60000000     87.60000000     87.50000000     87.94166667     87.03333333     87.92500000     89.34166667     88.57500000     89.19166667     90.28333333     90.05833333     89.98333333     90.60000000     91.07500000     91.66666667     92.10833333     91.93333333     92.44166667     92.47500000 
     93.40000000     94.58333333     96.64166667     97.46666667     98.47500000     99.40833333     99.97500000    100.05000000    100.26666667    100.61666667    100.05000000    101.15000000    103.20000000    101.60833333    102.08333333    102.25000000    102.97500000    102.40000000    102.62500000    103.58333333    103.30833333    104.28333333    104.17500000    104.71666667    105.56666667 
    105.43333333    106.83333333    107.45833333    108.40833333    109.00000000    109.50833333    108.90833333    109.75833333    110.18333333    111.84166667    111.46666667    111.95000000    112.48333333    113.79166667    114.21666667    113.63333333    113.86666667    114.26666667    114.97500000    114.65833333    116.01666667    116.61666667    117.35833333    117.97500000    119.78333333 
    120.55000000    121.42500000    122.24166667    123.25000000    123.87500000    124.74166667    125.55000000    126.21666667    126.37500000    127.50833333    128.80833333    128.89166667    129.67500000    130.64166667    131.70833333    132.50833333    132.85000000    134.01666667    134.08333333    133.09166667    134.39166667    134.81666667    135.66666667    136.75833333    137.84166667 
    139.35000000    139.99166667    141.04166667    141.95833333    142.42500000    143.19166667    143.90833333    145.74166667    147.10000000    148.33333333    148.20833333    149.99166667    150.21666667    151.54166667    152.37500000    152.71666667    154.87500000    155.25833333    155.12500000    155.64166667    155.35833333    156.48333333    157.05000000    157.86666667    158.04166667 
    159.34166667    160.06666667    161.05833333    160.87500000    161.78333333    163.85000000    165.35833333    165.60000000    167.51666667    167.86666667    168.55000000    170.30833333    170.83333333    172.00833333    171.57500000    172.63333333    174.39166667    173.82500000    175.45833333    175.57500000    175.75833333    178.25000000    178.68333333    180.34166667    181.13333333 
    182.19166667    182.70000000    183.92500000    185.15000000    185.53333333    185.90833333    187.13333333    188.60833333    190.60000000    192.62500000    193.34166667    194.76666667    196.33333333    195.97500000    197.71666667    198.52500000    198.81666667    200.49166667    201.01666667    202.56666667    203.82500000    204.81666667    206.65833333    206.80000000    207.71666667 
    208.90833333    210.50000000    212.68333333    212.68333333    213.86666667    215.26666667    215.87500000    217.50000000    218.51666667    221.10833333    223.80000000    224.81666667    226.12500000    227.10000000    227.10833333    228.57500000    228.94166667    229.95833333    231.53333333    232.61666667    233.96666667    235.11666667    235.75000000    236.53333333    237.48333333 
    240.16666667    239.84166667    243.30000000    244.62500000    245.30833333    247.56666667    248.69166667    250.30000000    252.01666667    253.56666667    255.30833333    257.80000000    258.00000000    260.33333333    261.37500000    263.23333333    264.28333333    265.05000000    266.52500000    266.31666667    266.42500000    268.10000000    269.38333333    271.66666667    271.77500000 
    272.78333333    275.16666667    276.43333333    278.83333333    280.81666667    281.89166667    284.45000000    286.67500000    288.86666667    290.62500000    291.53333333    293.18333333    295.08333333    297.50833333    298.67500000    298.69166667    300.55000000    302.71666667    302.70833333    304.65833333    305.48333333    306.78333333    308.67500000    308.94166667    310.82500000 
    311.05000000    314.53333333    316.32500000    318.80000000    320.09166667    322.94166667    324.87500000    326.34166667    327.63333333    330.30000000    332.77500000    334.78333333    336.62500000    338.24166667    339.65000000    341.45833333    343.67500000    345.78333333    346.82500000    349.80833333    351.40833333    354.09166667    354.37500000    356.10000000    356.99166667 
    358.09166667    361.29166667    363.49166667    365.65833333    366.45833333    368.89166667    370.25000000    373.55833333    375.89166667    376.96666667    376.46666667    378.73333333    381.31666667    385.48333333    386.20000000    388.65833333    390.87500000    393.13333333    396.91666667    400.15000000    402.03333333    403.25833333    405.56666667    406.62500000    406.92500000 
    408.54166667    412.23333333    415.17500000    418.59166667    421.51666667    425.12500000    428.03333333    430.59166667    432.19166667    433.97500000    437.74166667    438.73333333    440.37500000    443.08333333    445.12500000    449.28333333    451.91666667    455.75833333    458.41666667    460.14166667    462.25833333    466.09166667    469.50000000    471.77500000    474.40833333 
    477.18333333    479.45833333    484.09166667    486.53333333    489.50833333    491.01666667    493.32500000    495.68333333    498.68333333    502.53333333    504.08333333    508.45000000    512.25833333    515.21666667    516.19166667    521.46666667    524.50000000    526.83333333    529.03333333    533.54166667    534.78333333    539.66666667    540.45000000    543.08333333    545.25833333 
    548.94166667    551.06666667    554.35833333    558.75000000    560.76666667    564.25833333    569.93333333    571.75833333    574.83333333    576.94166667    581.00000000    585.29166667    588.63333333    592.02500000    594.22500000    596.45833333    600.22500000    603.89166667    606.83333333    610.39166667    613.30000000    617.60000000    621.85000000    622.88333333    626.52500000 
    631.18333333    634.64166667    639.64166667    644.91666667    650.54166667    651.27500000    656.07500000    660.42500000    663.67500000    667.53333333    672.52500000    678.06666667    682.68333333    685.64166667    688.30000000    691.34166667    696.65833333    700.53333333    704.30000000    708.91666667    713.12500000    717.70000000    719.97500000    724.06666667    728.78333333 
    731.12500000    736.04166667    738.40000000    743.96666667    746.30833333    752.13333333    755.55000000    760.37500000    763.01666667    767.94166667    771.65833333    773.55833333    780.44166667    780.72500000    784.70833333    787.53333333    791.21666667    795.34166667    799.19166667    803.30833333    809.30833333    810.93333333    815.35833333    819.49166667    821.53333333 
    825.90833333    830.70000000    836.95833333    841.05000000    844.85833333    850.22500000    856.00000000    858.81666667    864.96666667    869.68333333    874.24166667    877.06666667    880.65833333    886.18333333    891.15833333    895.90000000    900.41666667    906.65000000    909.51666667    913.12500000    918.37500000    922.66666667    925.53333333    930.26666667    935.72500000 
    938.42500000    945.04166667    950.03333333    954.86666667    961.11666667    966.55833333    971.45000000    976.02500000    979.99166667    984.47500000    990.18333333    995.89166667   1001.95833333   1007.09166667   1011.55000000   1016.65833333   1022.49166667   1025.10000000   1032.10000000   1036.15000000   1041.47500000   1043.30833333   1048.63333333   1051.26666667   1055.30833333 
   1061.36666667   1068.80833333   1075.83333333   1080.93333333   1086.89166667   1090.65000000   1098.60833333   1103.95833333   1111.55833333   1117.04166667   1125.12500000   1128.27500000   1132.18333333   1137.96666667   1142.51666667   1148.31666667   1155.08333333   1160.05833333   1163.85000000   1170.15833333   1175.84166667   1180.51666667   1186.80000000   1188.62500000   1193.35000000 
   1200.37500000   1205.98333333   1212.35000000   1215.30833333   1223.20833333   1230.28333333   1235.61666667   1241.84166667   1245.99166667   1254.15833333   1256.80833333   1261.30000000   1269.17500000   1273.66666667   1279.90000000   1285.00833333   1293.25833333   1299.65833333   1305.54166667   1310.78333333   1316.96666667   1323.98333333   1328.90000000   1333.70833333   1340.10000000 
   1345.61666667   1352.98333333   1359.73333333   1365.15000000   1371.95833333   1380.64166667   1383.32500000   1391.44166667   1396.73333333   1403.36666667   1409.92500000   1417.57500000   1425.99166667   1432.26666667   1436.71666667   1443.05000000   1449.05833333   1456.30000000   1461.81666667   1466.40000000   1471.75833333   1476.95000000   1485.33333333   1492.61666667   1498.98333333 
   1506.57500000   1511.55833333   1518.84166667   1525.41666667   1532.10833333   1540.40833333   1545.90833333   1554.87500000   1560.08333333   1565.05833333   1573.90000000   1577.99166667   1586.42500000   1592.36666667   1598.31666667   1603.76666667   1608.58333333   1613.95000000   1618.63333333   1626.40833333   1633.73333333   1637.66666667   1645.44166667   1652.39166667   1658.60833333 
   1664.40000000   1670.27500000   1678.82500000   1684.40000000   1692.10833333   1698.93333333   1704.23333333   1712.50833333   1719.66666667   1726.56666667   1730.86666667   1739.88333333   1746.78333333   1755.60833333   1761.84166667   1766.88333333   1773.56666667   1779.68333333   1786.93333333   1795.07500000   1801.39166667   1810.39166667   1815.87500000   1819.78333333   1829.63333333 
   1835.06666667   1842.92500000   1850.55000000   1857.90000000   1862.96666667   1873.67500000   1880.60833333   1886.26666667   1891.25833333   1898.60833333   1905.80833333   1915.53333333   1920.32500000   1928.95000000   1936.12500000   1945.15833333   1954.88333333   1958.90833333   1966.18333333   1971.62500000   1981.81666667   1987.11666667   1992.45000000   2000.32500000   2006.46666667 
   2014.39166667   2023.83333333   2032.22500000   2038.53333333   2046.95833333   2057.46666667   2063.95833333   2071.15833333   2080.10833333   2085.34166667   2093.65833333   2099.69166667   2106.18333333   2116.15000000   2122.35000000   2129.94166667   2135.39166667   2143.78333333   2148.11666667   2154.73333333   2161.25833333   2165.65833333   2172.49166667   2180.15833333   2185.44166667 
   2191.73333333   2202.10000000   2207.78333333   2219.56666667   2223.30833333   2229.31666667   2238.08333333   2245.50000000   2253.60000000   2257.77500000   2266.15000000   2272.66666667   2281.18333333   2284.66666667   2293.26666667   2300.66666667   2304.76666667   2310.30000000   2319.70000000   2325.46666667   2332.49166667   2337.70833333   2342.64166667   2353.69166667   2357.37500000 
   2366.26666667   2373.39166667   2381.29166667   2387.97500000   2394.52500000   2401.48333333   2411.14166667   2418.29166667   2423.98333333   2432.70833333   2436.29166667   2442.60833333   2447.60000000   2454.16666667   2460.66666667   2471.46666667   2475.21666667   2482.55000000   2486.95000000   2493.03333333   2499.06666667   2502.39166667   2510.75833333   2515.82500000   2524.78333333 
   2528.85833333   2534.33333333   2545.55833333   2553.68333333   2560.41666667   2569.65833333   2576.50000000   2584.27500000   2590.82500000   2597.49166667   2601.57500000   2611.52500000   2618.51666667   2625.04166667   2633.25833333   2638.20833333   2646.83333333   2653.67500000   2660.38333333   2668.55833333   2671.55000000   2677.40000000   2684.53333333   2690.14166667   2694.34166667 
   2699.88333333   2705.20000000   2713.55000000   2719.86666667   2726.55000000   2734.27500000   2742.36666667   2745.09166667   2751.69166667   2759.91666667   2763.99166667   2771.11666667   2777.64166667   2783.35000000   2790.82500000   2797.62500000   2802.78333333   2807.30000000   2811.30000000   2820.22500000   2823.29166667   2831.65833333   2838.04166667   2839.62500000   2846.85833333 
   2851.46666667   2860.83333333   2865.10833333   2871.19166667   2877.60833333   2881.96666667   2890.99166667   2895.47500000   2901.35000000   2905.44166667   2911.65000000   2919.24166667   2922.48333333   2930.86666667   2934.12500000   2943.56666667   2948.05000000   2952.48333333   2961.77500000   2965.31666667   2971.18333333   2976.99166667   2977.35833333   2982.58333333   2990.77500000 
   2994.09166667   3000.24166667   3005.61666667   3010.56666667   3016.71666667   3023.60000000   3026.70000000   3032.05000000   3036.04166667   3042.54166667   3047.60000000   3048.96666667   3054.12500000   3058.39166667   3063.72500000   3070.34166667   3076.61666667   3083.18333333   3084.28333333   3090.20833333   3095.38333333   3101.24166667   3105.39166667   3106.80833333   3114.60833333 
   3118.68333333   3127.85000000   3128.90000000   3136.50833333   3141.00000000   3145.03333333   3151.75833333   3155.55833333   3157.85000000   3160.43333333   3165.37500000   3170.88333333   3171.95000000   3175.82500000   3181.81666667   3186.32500000   3193.70833333   3195.27500000   3199.95000000   3203.14166667   3210.36666667   3215.39166667   3218.04166667   3225.62500000   3227.34166667 
   3231.92500000   3237.90000000   3243.22500000   3245.74166667   3251.23333333   3256.25833333   3261.20000000   3266.71666667   3269.06666667   3275.17500000   3281.14166667   3285.03333333   3291.27500000   3294.70000000   3300.35000000   3305.30000000   3309.60833333   3310.15833333   3313.74166667   3317.89166667   3320.99166667   3325.83333333   3331.95000000   3336.78333333   3339.02500000 
   3343.55000000   3349.60833333   3354.51666667   3356.58333333   3363.03333333   3365.00000000   3366.22500000   3374.49166667   3375.75000000   3377.34166667   3381.24166667   3382.83333333   3388.45000000   3389.90833333   3393.09166667   3398.63333333   3400.20833333   3404.91666667   3410.56666667   3412.75833333   3415.10000000   3419.91666667   3422.67500000   3425.10000000   3429.25000000 
   3431.38333333   3438.42500000   3444.80833333   3446.39166667   3449.04166667   3452.85833333   3454.94166667   3458.47500000   3463.65000000   3468.25000000   3469.39166667   3473.24166667   3477.05000000   3480.08333333   3484.41666667   3486.60833333   3489.20000000   3490.68333333   3493.65833333   3497.92500000   3499.10000000   3503.11666667   3506.76666667   3508.46666667   3512.05000000 
   3514.83333333   3518.37500000   3519.63333333   3523.53333333   3529.72500000   3528.36666667   3533.95000000   3537.46666667   3537.01666667   3542.19166667   3543.25000000   3546.91666667   3550.48333333   3549.75833333   3554.57500000   3557.23333333   3558.69166667   3561.35833333   3567.78333333   3567.33333333   3569.24166667   3573.02500000   3576.52500000   3576.16666667   3580.40000000 
   3584.14166667   3587.75000000   3591.03333333   3592.24166667   3596.98333333   3601.45000000   3600.31666667   3605.11666667   3605.80000000   3608.57500000   3611.53333333   3612.80000000   3615.20833333   3619.15000000   3620.97500000   3621.53333333   3622.39166667   3624.15000000   3628.20833333   3627.13333333   3630.70833333   3629.90833333   3633.21666667   3635.24166667   3638.27500000 
   3638.81666667   3641.09166667   3643.55000000   3647.11666667   3646.57500000   3651.17500000   3651.37500000   3654.00833333   3656.50000000   3658.79166667   3658.35833333   3662.11666667   3663.95833333   3665.98333333   3668.45833333   3671.53333333   3670.10000000   3672.12500000   3673.33333333   3675.26666667   3678.59166667   3680.12500000   3679.73333333   3680.87500000   3686.26666667 
   3685.67500000   3688.80000000   3691.40000000   3692.66666667   3696.11666667   3696.52500000   3699.62500000   3701.99166667   3703.11666667   3705.32500000   3709.15000000   3707.20833333   3710.05833333   3710.17500000   3711.42500000   3714.55000000   3715.64166667   3714.57500000   3717.73333333   3720.24166667   3723.73333333   3723.30833333   3726.00833333   3726.68333333   3725.46666667 
   3727.55000000   3732.01666667   3731.27500000   3732.73333333   3734.35833333   3733.80000000   3737.20000000   3740.70833333   3742.17500000   3742.18333333   3744.66666667   3744.81666667   3747.90833333   3749.66666667   3751.23333333   3751.95833333   3751.92500000   3752.33333333   3753.80833333   3756.44166667   3757.06666667   3761.46666667   3757.80833333   3762.30833333   3761.85000000 
   3762.21666667   3765.20000000   3766.38333333   3766.52500000   3770.85833333   3767.79166667   3771.06666667   3770.94166667   3771.88333333   3773.55000000   3773.95833333   3774.35000000   3779.15833333   3780.25833333   3779.72500000   3780.36666667   3782.12500000   3780.40833333   3783.95833333   3787.40833333   3785.34166667   3786.88333333   3790.81666667   3788.18333333   3790.86666667 
   3791.95833333   3794.72500000   3794.48333333   3793.19166667   3795.03333333   3796.45000000   3796.77500000   3798.56666667   3799.40000000   3797.09166667   3800.25833333   3799.99166667   3802.39166667   3801.95000000   3806.00833333   3805.74166667   3808.02500000   3805.54166667   3808.33333333   3811.38333333   3809.13333333   3810.40833333   3812.70833333   3813.59166667   3812.86666667 
   3811.27500000   3817.34166667   3817.34166667   3818.53333333   3819.31666667   3818.00833333   3819.55833333   3817.60000000   3817.37500000   3818.40833333   3819.19166667   3820.20000000   3822.27500000   3817.81666667   3821.83333333   3822.35833333   3823.67500000   3821.88333333   3823.88333333   3823.81666667   3825.47500000   3824.08333333   3827.34166667   3827.73333333   3828.87500000 
   3829.17500000   3829.87500000   3832.00000000   3831.52500000   3831.69166667   3832.68333333   3832.12500000   3833.67500000   3834.76666667   3835.25000000   3836.32500000   3835.68333333   3837.51666667   3842.00833333   3840.64166667   3841.59166667   3843.66666667   3842.16666667   3841.80833333   3843.79166667   3841.70833333   3844.50833333   3844.95833333   3849.15833333   3848.37500000 
   3848.68333333   3850.80833333   3849.95000000   3849.84166667   3849.30000000   3850.09166667   3850.52500000   3853.86666667   3853.03333333   3855.27500000   3856.75000000   3856.50833333   3855.33333333   3855.70000000   3857.85833333   3857.99166667   3858.71666667   3858.65000000   3859.15000000   3860.28333333   3863.62500000   3860.22500000   3862.11666667   3865.18333333   3865.11666667 
   3865.48333333   3867.48333333   3868.06666667   3867.17500000   3867.01666667   3867.15000000   3870.64166667   3873.60000000   3873.25000000   3871.13333333   3870.92500000   3871.85000000   3873.26666667   3873.60000000   3873.45833333   3872.93333333   3874.92500000   3874.98333333   3875.26666667   3876.01666667   3876.52500000   3874.88333333   3875.16666667   3878.08333333   3875.91666667 
   3875.86666667   3875.47500000   3879.71666667   3878.80833333   3880.83333333   3879.18333333   3880.77500000   3882.35833333   3881.70833333   3882.84166667   3883.30000000   3885.20000000   3886.14166667   3884.84166667   3885.66666667   3884.52500000   3887.32500000   3887.26666667   3886.27500000   3885.76666667   3884.80833333   3885.90000000   3888.12500000   3888.60000000   3888.05000000 
   3887.51666667   3890.30000000   3890.20000000   3889.46666667   3890.03333333   3892.07500000   3893.42500000   3893.93333333   3894.99166667   3895.47500000   3895.35833333   3894.90833333   3895.00000000   3896.00000000   3894.13333333   3894.61666667   3893.39166667   3896.53333333   3896.58333333   3893.60833333   3894.91666667   3895.28333333   3894.56666667   3897.47500000   3896.18333333 
   3896.20000000   3897.44166667   3900.60833333   3901.70833333   3900.98333333   3901.70833333   3902.20833333   3902.88333333   3904.53333333   3904.70833333   3904.57500000   3905.31666667   3907.15000000   3906.70833333   3908.08333333   3908.19166667   3905.85833333   3906.83333333   3908.65000000   3910.72500000   3908.12500000   3909.04166667   3908.72500000   3910.05833333   3911.45833333 
   3909.70833333   3909.71666667   3911.17500000   3911.36666667   3911.98333333   3910.46666667   3912.75000000   3913.05833333   3913.96666667   3911.67500000   3912.12500000   3913.31666667   3913.00000000   3910.85833333   3913.80833333   3914.17500000   3913.75833333   3913.41666667   3914.54166667   3914.98333333   3916.87500000   3916.39166667   3917.39166667   3915.35000000   3916.05833333 
   3917.92500000   3916.45000000   3916.17500000   3919.45000000   3918.70833333   3917.96666667   3919.05000000   3922.71666667   3920.42500000   3919.03333333   3920.85000000   3920.45833333   3922.40000000   3921.57500000   3922.38333333   3922.46666667   3921.85833333   3924.52500000   3924.46666667   3925.62500000   3928.05833333   3925.97500000   3924.50000000   3924.59166667   3927.91666667 
   3927.68333333   3928.87500000   3928.85833333   3929.53333333   3929.28333333   3931.52500000   3931.01666667   3932.20833333   3932.05833333   3932.86666667   3931.70833333   3931.29166667   3934.38333333   3934.55000000   3935.20000000   3934.65833333   3934.11666667   3932.32500000   3933.25000000   3932.45833333   3931.50833333   3931.64166667   3934.25000000   3933.49166667   3934.35000000 
   3933.60833333   3936.40833333   3936.07500000   3934.61666667   3935.05833333   3933.86666667   3934.90000000   3937.50000000   3935.79166667   3937.99166667   3937.10000000   3936.27500000   3938.20000000   3939.76666667   3938.75833333   3940.72500000   3937.63333333   3938.71666667   3938.55000000   3941.17500000   3939.55000000   3941.59166667   3939.51666667   3938.48333333   3939.81666667 
   3939.36666667   3942.18333333   3942.05000000   3942.00833333   3944.25000000   3942.10000000   3943.66666667   3945.39166667   3943.20000000   3943.02500000   3945.19166667   3946.42500000   3946.50000000   3945.35000000   3945.72500000   3945.45000000   3946.87500000   3944.07500000   3942.41666667   3943.65833333   3945.72500000   3946.55833333   3946.29166667   3945.72500000   3946.28333333 
   3946.44166667   3948.21666667   3950.07500000   3948.95833333   3946.09166667   3948.51666667   3949.43333333   3950.66666667   3949.19166667   3949.48333333   3949.20833333   3949.52500000   3949.39166667   3950.71666667   3949.77500000   3950.30833333   3948.80833333   3951.18333333   3951.42500000   3949.77500000   3950.15833333   3950.40000000   3950.34166667   3951.63333333   3952.71666667 
   3952.45833333   3954.04166667   3953.36666667   3952.93333333   3953.10833333   3954.88333333   3954.61666667   3954.68333333   3954.65000000   3955.71666667   3953.48333333   3954.26666667   3955.30833333   3954.15000000   3955.15000000   3952.80000000   3954.90000000   3955.39166667   3953.78333333   3955.20000000   3956.16666667   3958.94166667   3957.65833333   3957.09166667   3958.74166667 
   3959.55833333   3959.19166667   3957.65833333   3959.10000000   3957.40000000   3958.21666667   3958.25833333   3957.10000000   3959.86666667   3960.26666667   3959.15000000   3961.30000000   3959.31666667   3958.35833333   3959.20000000   3961.12500000   3960.74166667   3960.15000000   3962.24166667   3961.23333333   3961.67500000   3962.27500000   3961.75833333   3963.74166667   3966.83333333 
   3964.91666667   3961.89166667   3961.00000000   3961.56666667   3960.78333333   3961.77500000   3962.77500000   3961.41666667   3964.19166667   3964.34166667   3963.85833333   3964.10833333   3963.09166667   3962.94166667   3961.75000000   3963.70000000   3963.21666667   3963.31666667   3963.69166667   3962.00000000   3962.49166667   3962.90833333   3961.50000000   3961.53333333   3964.25000000 
   3965.22500000   3961.06666667   3961.63333333   3961.59166667   3961.25000000   3960.05833333   3960.42500000   3957.81666667   3962.90000000   3963.00000000   3962.10833333   3960.91666667   3961.51666667   3961.76666667   3961.82500000   3961.57500000   3959.52500000   3960.83333333   3962.60833333   3959.70833333   3959.85833333   3959.85833333   3959.99166667   3960.78333333   3961.39166667 
   3958.30833333   3957.94166667   3959.10833333   3960.02500000   3958.65833333   3956.98333333   3957.43333333   3956.90000000   3957.37500000   3957.57500000   3955.93333333   3953.88333333   3956.45000000   3954.86666667   3953.90833333   3956.08333333   3956.33333333   3954.97500000   3954.05833333   3955.26666667   3956.62500000   3956.33333333   3955.13333333   3956.15000000   3957.04166667 
   3955.52500000   3953.13333333   3954.04166667   3954.65833333   3954.74166667   3954.25000000   3955.20833333   3952.89166667   3953.73333333   3953.74166667   3953.60833333   3952.88333333   3953.42500000   3953.68333333   3953.09166667   3954.05833333   3952.95000000   3951.90833333   3952.80000000   3952.83333333   3953.41666667   3953.25000000   3951.98333333   3954.24166667   3953.06666667 
   3952.00833333   3948.71666667   3949.89166667   3949.65833333   3947.53333333   3949.88333333   3948.25000000   3949.14166667   3946.32500000   3945.70000000   3946.92500000   3945.39166667   3945.84166667   3948.16666667   3946.02500000   3946.10833333   3947.50833333   3945.89166667   3944.96666667   3944.40000000   3943.43333333   3944.31666667   3944.33333333   3945.35833333   3948.45000000 
   3947.36666667   3943.07500000   3943.59166667   3942.85000000   3943.24166667   3941.90833333   3942.98333333   3940.87500000   3941.93333333   3939.90000000   3940.79166667   3941.16666667   3943.73333333   3940.70833333   3941.27500000   3941.56666667   3940.80833333   3939.86666667   3942.32500000   3939.93333333   3938.96666667   3940.02500000   3939.69166667   3939.21666667   3940.59166667 
   3938.80833333   3938.75000000   3939.86666667   3937.56666667   3938.05833333   3940.96666667   3938.79166667   3938.69166667   3939.27500000   3937.40000000   3935.81666667   3937.10000000   3937.24166667   3934.63333333   3931.35000000   3933.92500000   3936.34166667   3935.95000000   3935.99166667   3933.37500000   3933.95833333   3932.73333333   3932.19166667   3934.73333333   3936.15000000 
   3933.99166667   3933.92500000   3929.30000000   3932.72500000   3928.54166667   3929.56666667   3929.97500000   3928.65000000   3928.94166667   3927.14166667   3929.95833333   3927.05833333   3926.25000000   3924.83333333   3925.61666667   3927.63333333   3926.34166667   3926.23333333   3926.17500000   3925.82500000   3926.70833333   3926.87500000   3927.53333333   3926.85833333   3926.06666667 
   3927.62500000   3927.49166667   3924.07500000   3924.31666667   3925.98333333   3925.05000000   3925.00000000   3924.56666667   3922.05833333   3923.16666667   3923.59166667   3923.90000000   3922.66666667   3924.43333333   3924.47500000   3923.25000000   3923.80000000   3923.21666667   3921.17500000   3922.55000000   3922.10000000   3922.19166667   3921.65833333   3922.29166667   3920.74166667 
   3919.94166667   3919.19166667   3918.10000000   3914.52500000   3917.50833333   3916.79166667   3916.60833333   3917.38333333   3920.12500000   3919.77500000   3918.20833333   3915.42500000   3916.90000000   3917.49166667   3916.16666667   3916.03333333   3916.44166667   3915.36666667   3915.66666667   3916.77500000   3917.00000000   3917.54166667   3916.34166667   3914.14166667   3915.81666667 
   3915.55833333   3914.41666667   3913.44166667   3911.20833333   3912.96666667   3909.75833333   3912.16666667   3914.24166667   3914.66666667   3909.98333333   3911.71666667   3908.83333333   3908.74166667   3909.25833333   3907.05000000   3906.14166667   3907.39166667   3908.40000000   3905.78333333   3907.28333333   3906.75833333   3906.65833333   3907.63333333   3907.26666667   3906.40000000 
   3907.20833333   3906.80833333   3905.68333333   3904.60000000   3906.01666667   3902.95833333   3904.84166667   3903.49166667   3904.28333333   3902.56666667   3902.12500000   3901.55000000   3900.44166667   3900.28333333   3898.45833333   3899.55833333   3900.65833333   3902.47500000   3900.64166667   3899.26666667   3899.55833333   3897.86666667   3898.58333333   3896.78333333   3897.80000000 
   3897.90000000   3894.45000000   3896.72500000   3896.57500000   3894.97500000   3893.95000000   3895.75000000   3893.25833333   3891.74166667   3892.77500000   3894.40833333   3893.60833333   3892.92500000   3891.60833333   3892.55000000   3892.32500000   3891.63333333   3889.45000000   3890.02500000   3891.26666667   3890.69166667   3890.94166667   3887.16666667   3889.33333333   3889.65833333 
   3888.73333333   3885.84166667   3888.15833333   3884.86666667   3885.45000000   3885.43333333   3885.72500000   3882.28333333   3881.51666667   3882.66666667   3881.98333333   3882.74166667   3877.97500000   3880.60000000   3881.20833333   3880.95833333   3878.81666667   3877.80833333   3875.48333333   3877.31666667   3876.50000000   3873.83333333   3873.69166667   3877.06666667   3876.98333333 
   3877.77500000   3874.05000000   3875.09166667   3875.44166667   3874.83333333   3876.18333333   3874.84166667   3872.10000000   3873.60833333   3869.20000000   3872.29166667   3871.75000000   3874.99166667   3874.95833333   3871.45833333   3871.77500000   3868.25833333   3869.10833333   3868.92500000   3866.81666667   3867.89166667   3868.49166667   3866.93333333   3868.87500000   3867.34166667 
   3869.34166667   3864.09166667   3862.13333333   3862.57500000   3862.29166667   3863.22500000   3864.47500000   3862.43333333   3861.36666667   3860.38333333   3859.23333333   3860.75000000   3859.53333333   3861.79166667   3859.97500000   3859.99166667   3856.44166667   3857.01666667   3857.44166667   3859.64166667   3856.12500000   3858.68333333   3857.84166667   3859.25833333   3855.70000000 
   3856.30000000   3854.27500000   3853.14166667   3851.30833333   3851.90833333   3851.10000000   3850.92500000   3851.97500000   3848.10833333   3848.30833333   3851.20000000   3849.59166667   3848.81666667   3846.65833333   3845.70000000   3843.69166667   3842.59166667   3843.85833333   3843.89166667   3843.46666667   3843.65000000   3842.20833333   3840.50000000   3842.02500000   3836.16666667 
   3837.59166667   3836.60000000   3833.22500000   3834.07500000   3831.83333333   3831.71666667   3836.50833333   3830.23333333   3828.93333333   3830.11666667   3830.40000000   3830.45833333   3833.26666667   3830.20833333   3829.68333333   3827.18333333   3827.64166667   3825.66666667   3825.99166667   3826.90833333   3822.19166667   3822.29166667   3821.55000000   3824.45833333   3823.00000000 
   3822.16666667   3821.67500000   3819.34166667   3818.60833333   3821.85000000   3819.29166667   3819.59166667   3818.89166667   3818.26666667   3818.04166667   3817.20833333   3816.63333333   3815.80833333   3813.34166667   3812.80000000   3811.88333333   3813.13333333   3810.64166667   3812.01666667   3812.22500000   3808.29166667   3809.70833333   3808.80000000   3808.76666667   3808.46666667 
   3810.21666667   3807.91666667   3802.76666667   3803.15833333   3801.80833333   3802.06666667   3801.02500000   3799.55833333   3800.02500000   3800.95000000   3799.87500000   3799.14166667   3800.62500000   3796.61666667   3797.03333333   3799.85833333   3797.67500000   3795.30833333   3796.50833333   3793.94166667   3793.67500000   3791.63333333   3791.75833333   3791.11666667   3792.65833333 
   3790.89166667   3786.64166667   3783.56666667   3786.19166667   3782.59166667   3782.02500000   3783.78333333   3781.17500000   3780.95833333   3779.63333333   3779.48333333   3778.28333333   3778.74166667   3777.76666667   3775.80000000   3775.42500000   3774.91666667   3775.61666667   3772.14166667   3774.03333333   3773.98333333   3773.81666667   3770.38333333   3770.74166667   3770.92500000 
   3771.66666667   3768.10000000   3766.95833333   3763.54166667   3760.94166667   3761.02500000   3761.51666667   3760.00000000   3759.09166667   3758.98333333   3758.99166667   3757.15833333   3756.46666667   3756.10833333   3755.69166667   3755.45000000   3755.07500000   3753.78333333   3754.98333333   3753.33333333   3751.75833333   3751.75000000   3753.30000000   3752.45833333   3750.31666667 
   3749.40000000   3744.69166667   3745.65000000   3743.15833333   3743.72500000   3743.29166667   3742.90833333   3738.79166667   3740.35833333   3736.25833333   3738.08333333   3736.50000000   3736.85000000   3736.20000000   3733.85833333   3734.40000000   3731.52500000   3732.90000000   3731.59166667   3730.40000000   3730.41666667   3730.93333333   3729.93333333   3726.35833333   3726.18333333 
   3724.22500000   3721.83333333   3719.73333333   3721.14166667   3717.57500000   3715.03333333   3714.71666667   3714.82500000   3715.59166667   3712.70833333   3710.13333333   3711.33333333   3709.95000000   3707.83333333   3710.50833333   3707.81666667   3708.64166667   3707.99166667   3706.20833333   3707.31666667   3706.07500000   3704.20000000   3704.10833333   3704.98333333   3701.08333333 
   3702.74166667   3698.86666667   3698.50833333   3693.92500000   3694.00833333   3692.77500000   3692.61666667   3692.59166667   3689.33333333   3685.54166667   3684.45833333   3684.11666667   3683.60833333   3682.89166667   3680.94166667   3681.87500000   3679.95000000   3678.75000000   3677.27500000   3675.26666667   3674.34166667   3672.08333333   3670.72500000   3667.67500000   3666.35000000 
   3669.24166667   3665.28333333   3663.00833333   3663.52500000   3660.73333333   3659.39166667   3658.14166667   3658.94166667   3655.88333333   3650.72500000   3654.55000000   3649.55000000   3649.31666667   3648.84166667   3647.87500000   3649.45833333   3647.87500000   3644.55000000   3644.70000000   3641.82500000   3641.95833333   3640.47500000   3641.55833333   3638.56666667   3639.85833333 
   3637.47500000   3634.64166667   3631.20833333   3629.16666667   3630.05000000   3627.93333333   3628.81666667   3629.18333333   3625.27500000   3624.40000000   3626.02500000   3625.19166667   3624.49166667   3624.55000000   3620.38333333   3621.18333333   3622.47500000   3619.86666667   3617.37500000   3618.78333333   3617.11666667   3616.46666667   3614.96666667   3613.25000000   3612.52500000 
   3612.39166667   3608.15833333   3607.65833333   3604.40833333   3600.37500000   3598.88333333   3599.29166667   3597.51666667   3593.25833333   3593.44166667   3590.15833333   3590.40833333   3588.35833333   3587.61666667   3586.94166667   3584.93333333   3583.45000000   3584.60000000   3582.60000000   3583.28333333   3579.35000000   3575.98333333   3576.35000000   3576.66666667   3574.58333333 
   3572.89166667   3569.96666667   3566.37500000   3568.50833333   3564.37500000   3561.89166667   3560.11666667   3556.75833333   3555.49166667   3555.27500000   3552.92500000   3551.95000000   3545.45000000   3545.74166667   3543.49166667   3542.40000000   3540.46666667   3541.11666667   3538.93333333   3535.30833333   3534.36666667   3531.58333333   3531.21666667   3529.42500000   3529.95000000 
   3528.01666667   3525.44166667   3524.66666667   3523.33333333   3517.50833333   3516.18333333   3513.86666667   3511.70000000   3510.89166667   3507.23333333   3506.63333333   3502.88333333   3501.16666667   3500.40000000   3497.18333333   3496.75000000   3496.81666667   3492.83333333   3488.03333333   3488.75833333   3486.96666667   3485.15833333   3484.90000000   3483.03333333   3480.65833333 
   3480.80000000   3477.36666667   3474.69166667   3472.85000000   3471.93333333   3468.80833333   3466.22500000   3461.87500000   3459.98333333   3455.06666667   3455.43333333   3450.15833333   3449.40833333   3445.52500000   3442.38333333   3445.01666667   3443.50833333   3438.51666667   3437.26666667   3433.27500000   3431.93333333   3429.07500000   3425.29166667   3424.45000000   3423.37500000 
   3423.04166667   3417.13333333   3417.19166667   3414.73333333   3410.31666667   3404.43333333   3403.71666667   3399.85833333   3398.20833333   3395.42500000   3392.19166667   3389.66666667   3387.98333333   3383.30000000   3383.57500000   3383.15833333   3380.51666667   3379.35833333   3376.72500000   3377.23333333   3373.65833333   3372.70000000   3369.20000000   3366.50000000   3364.14166667 
   3361.65833333   3355.66666667   3352.68333333   3351.43333333   3348.26666667   3345.46666667   3340.65833333   3338.23333333   3336.77500000   3333.06666667   3326.93333333   3321.72500000   3318.70000000   3315.90000000   3310.87500000   3308.69166667   3306.19166667   3305.53333333   3301.41666667   3296.80833333   3293.05000000   3292.30000000   3291.66666667   3289.00833333   3286.61666667 
   3285.03333333   3279.97500000   3276.62500000   3273.45000000   3268.28333333   3266.59166667   3263.18333333   3260.65000000   3254.15833333   3248.26666667   3247.46666667   3244.28333333   3244.24166667   3242.29166667   3236.16666667   3232.89166667   3230.29166667   3230.35000000   3226.00833333   3222.34166667   3221.89166667   3218.91666667   3212.84166667   3212.28333333   3206.66666667 
   3207.40833333   3200.60833333   3196.70000000   3189.15833333   3187.34166667   3185.35000000   3180.69166667   3176.64166667   3176.50833333   3173.76666667   3167.96666667   3168.18333333   3163.85833333   3161.80000000   3156.80000000   3149.55000000   3151.45833333   3148.05833333   3142.90000000   3140.15000000   3135.19166667   3130.70833333   3127.16666667   3127.55833333   3124.90833333 
   3120.08333333   3115.34166667   3111.20833333   3106.75000000   3098.24166667   3098.39166667   3093.90000000   3087.84166667   3081.63333333   3074.30000000   3072.04166667   3069.10833333   3065.93333333   3061.47500000   3057.41666667   3051.94166667   3052.94166667   3046.74166667   3043.71666667   3038.05833333   3030.84166667   3030.25000000   3026.10833333   3021.66666667   3016.36666667 
   3011.99166667   3008.25000000   3004.22500000   3001.01666667   2994.20000000   2990.28333333   2984.34166667   2980.19166667   2978.94166667   2970.62500000   2965.64166667   2961.25833333   2955.86666667   2952.32500000   2947.36666667   2942.61666667   2941.01666667   2934.00000000   2933.71666667   2928.80833333   2924.08333333   2918.61666667   2913.80000000   2911.08333333   2903.40833333 
   2899.57500000   2893.45000000   2889.00000000   2881.65000000   2875.01666667   2872.08333333   2864.29166667   2858.50000000   2856.00833333   2850.10000000   2847.34166667   2836.37500000   2832.49166667   2830.40000000   2827.20833333   2818.88333333   2814.95833333   2810.12500000   2804.23333333   2801.05000000   2797.65833333   2790.51666667   2786.70000000   2779.35000000   2776.85000000 
   2773.94166667   2764.20833333   2758.85000000   2751.42500000   2745.94166667   2740.27500000   2733.90000000   2726.21666667   2721.40833333   2715.96666667   2711.37500000   2703.60000000   2699.84166667   2694.25000000   2690.68333333   2682.32500000   2678.06666667   2673.71666667   2667.72500000   2660.30000000   2654.25833333   2653.40833333   2645.49166667   2639.05833333   2633.65833333 
   2628.12500000   2621.51666667   2614.04166667   2610.34166667   2604.30000000   2597.50000000   2592.30833333   2583.15000000   2579.08333333   2571.16666667   2565.31666667   2559.31666667   2551.78333333   2544.55000000   2539.50000000   2532.91666667   2527.22500000   2519.85000000   2517.52500000   2514.75833333   2508.33333333   2501.63333333   2495.72500000   2493.30833333   2483.19166667 
   2476.53333333   2469.03333333   2460.04166667   2453.52500000   2446.42500000   2441.19166667   2434.14166667   2425.95833333   2421.13333333   2413.61666667   2411.00833333   2403.25833333   2396.85000000   2389.99166667   2387.05000000   2376.42500000   2371.78333333   2363.93333333   2359.87500000   2350.19166667   2343.68333333   2338.62500000   2334.95833333   2328.05833333   2321.66666667 
   2314.22500000   2305.40833333   2296.50000000   2290.16666667   2283.50833333   2278.13333333   2269.14166667   2260.43333333   2250.64166667   2244.35833333   2236.40833333   2230.85833333   2226.00000000   2218.99166667   2211.16666667   2204.80000000   2196.38333333   2187.85000000   2180.68333333   2176.28333333   2167.34166667   2159.13333333   2153.97500000   2146.05833333   2140.92500000 
   2135.25833333   2123.65000000   2114.79166667   2108.28333333   2100.54166667   2089.80000000   2083.62500000   2076.65833333   2067.29166667   2060.03333333   2050.50833333   2045.36666667   2035.54166667   2026.32500000   2018.90833333   2008.84166667   2001.30000000   1995.32500000   1986.58333333   1980.10000000   1972.51666667   1961.80000000   1955.13333333   1949.05000000   1941.36666667 
   1932.04166667   1921.17500000   1912.42500000   1904.88333333   1896.67500000   1888.54166667   1880.10000000   1868.35833333   1859.72500000   1851.40833333   1844.36666667   1838.34166667   1828.31666667   1820.73333333   1812.55833333   1803.05833333   1795.88333333   1788.20000000   1780.52500000   1771.76666667   1765.15833333   1757.15000000   1749.97500000   1741.45000000   1733.58333333 
   1728.01666667   1717.21666667   1707.65833333   1699.65833333   1690.30833333   1679.32500000   1670.76666667   1663.09166667   1655.77500000   1644.80833333   1637.15000000   1627.08333333   1621.67500000   1610.86666667   1604.80833333   1597.46666667   1586.92500000   1577.87500000   1570.17500000   1563.50000000   1553.80833333   1547.40000000   1541.89166667   1535.46666667   1525.93333333 
   1520.21666667   1509.15833333   1499.16666667   1490.45000000   1481.18333333   1472.44166667   1464.57500000   1455.17500000   1448.91666667   1438.41666667   1430.46666667   1425.74166667   1416.03333333   1407.59166667   1397.05833333   1387.67500000   1380.20000000   1371.26666667   1363.92500000   1353.21666667   1343.60833333   1338.27500000   1331.77500000   1322.34166667   1313.17500000 
   1306.32500000   1296.25833333   1288.23333333   1277.84166667   1267.86666667   1258.87500000   1251.40000000   1241.72500000   1232.14166667   1225.60833333   1215.90833333   1207.83333333   1200.58333333   1193.95000000   1184.45833333   1174.95833333   1167.65000000   1159.37500000   1153.27500000   1143.97500000   1136.75833333   1131.30833333   1124.15833333   1119.78333333   1110.20833333 
   1103.80833333   1091.78333333   1084.91666667   1075.00833333   1063.77500000   1057.55000000   1049.15000000   1042.85833333   1036.13333333   1025.79166667   1017.31666667   1007.81666667   1001.82500000    993.25833333    983.70000000    975.12500000    965.90000000    960.95833333    953.77500000    946.66666667    941.56666667    932.60833333    926.67500000    919.10833333    912.45000000 
    906.81666667    899.26666667    890.95833333    884.37500000    875.80000000    864.59166667    858.76666667    849.55000000    844.95000000    837.17500000    830.52500000    823.00000000    816.37500000    810.45833333    802.55833333    796.65833333    788.12500000    781.35000000    775.69166667    768.30833333    764.52500000    759.06666667    751.30833333    744.40000000    739.56666667 
    731.60000000    724.77500000    719.56666667    712.85833333    705.30000000    699.27500000    693.40000000    685.59166667    679.10833333    671.37500000    666.57500000    660.75000000    652.53333333    648.11666667    641.70000000    637.53333333    630.32500000    624.45833333    618.72500000    614.70000000    609.20833333    605.26666667    600.23333333    594.90833333    588.79166667 
    584.76666667    578.21666667    571.77500000    566.22500000    559.06666667    553.95000000    547.89166667    540.90833333    536.35833333    530.97500000    525.99166667    521.65833333    516.34166667    509.06666667    505.19166667    499.55000000    496.10833333    488.36666667    483.84166667    479.14166667    474.06666667    471.05000000    467.33333333    463.97500000    459.44166667 
    454.96666667    449.51666667    443.41666667    440.35833333    435.07500000    431.50000000    424.29166667    419.24166667    416.97500000    412.42500000    406.65000000    402.30833333    397.74166667    392.12500000    388.65000000    384.00833333    381.50833333    378.35833333    375.73333333    371.62500000    367.73333333    363.45000000    362.20833333    358.46666667    354.35833333 
    351.70000000    348.35833333    344.13333333    339.72500000    335.62500000    332.00000000    327.23333333    323.54166667    320.30833333    317.20833333    313.50833333    310.90000000    307.35000000    303.58333333    300.47500000    298.54166667    296.30833333    293.39166667    289.30833333    287.20833333    284.70833333    283.75000000    280.69166667    277.50000000    275.75833333 
    272.29166667    270.19166667    267.58333333    265.13333333    261.46666667    259.11666667    255.32500000    253.55833333    250.22500000    247.73333333    245.39166667    242.35000000    240.58333333    237.71666667    235.46666667    233.71666667    232.06666667    229.45833333    226.73333333    223.60833333    223.25000000    221.99166667    220.12500000    216.92500000    215.14166667 
    214.68333333    211.28333333    210.24166667    207.12500000    205.05833333    202.29166667    200.10000000    197.93333333    195.40833333    194.49166667    192.01666667    190.12500000    188.89166667    186.64166667    184.38333333    182.99166667    182.17500000    180.04166667    178.50833333    176.62500000    176.35000000    174.28333333    173.79166667    174.20000000    171.70000000 
    170.99166667    169.16666667    165.90000000    164.00833333    161.97500000    160.99166667    158.73333333    156.35833333    155.30833333    153.17500000    152.99166667    151.27500000    150.21666667    149.26666667    148.28333333    146.61666667    145.87500000    145.26666667    144.17500000    143.94166667    142.26666667    140.38333333    139.05000000    138.47500000    137.24166667 
    137.78333333    135.71666667    134.70833333    133.73333333    131.05000000    130.32500000    129.56666667    128.45000000    128.51666667    126.99166667    125.86666667    125.52500000    123.13333333    122.35000000    121.84166667    119.74166667    118.94166667    117.55833333    117.85833333    116.65833333    115.29166667    114.45000000    114.24166667    113.69166667    112.03333333 
    111.89166667    110.80833333    109.66666667    108.61666667    107.28333333    104.88333333    105.04166667    104.71666667    103.63333333    102.74166667    103.41666667    102.19166667    101.81666667    100.83333333     99.99166667     99.56666667     99.70833333     99.35000000     99.57500000     99.03333333     98.65833333     98.85833333     98.65833333     97.39166667     97.15000000 
     97.72500000     96.68333333     96.65000000     94.70000000     93.25000000     92.05833333     91.13333333     90.78333333     90.06666667     89.82500000     89.64166667     88.85000000     88.79166667     88.65833333     88.29166667     87.91666667     86.30000000     86.30000000     84.93333333     84.72500000     85.13333333     84.03333333     82.51666667     82.25833333     82.95833333 
     81.62500000     81.60833333     80.40000000     80.05833333     79.72500000     77.74166667     77.01666667     76.49166667     75.50833333     75.25833333     75.62500000     75.08333333     74.86666667     73.70833333     74.13333333     73.34166667     73.09166667     73.13333333     72.68333333     71.61666667     71.61666667     71.29166667     72.20833333     71.77500000     71.16666667 
     70.63333333     69.58333333     68.55000000     67.73333333     66.76666667     65.95833333     65.95000000     65.31666667     64.79166667     64.47500000     64.34166667     63.53333333     63.51666667     63.70833333     64.36666667     63.71666667     62.48333333     62.20000000     61.52500000     60.95000000     61.80000000     62.12500000     62.30833333     61.90833333     61.45000000 
     61.30000000     60.25000000     57.87500000     58.24166667     58.46666667     58.08333333     57.55000000     57.59166667     56.93333333     56.41666667     56.09166667     56.61666667     56.67500000     56.32500000     57.04166667     57.57500000     57.56666667     57.05000000     56.15000000     56.15000000     54.90000000     54.61666667     53.88333333     55.07500000     54.68333333 
     54.36666667     54.72500000     54.65833333     53.38333333     52.79166667     52.62500000     52.25833333     51.72500000     50.99166667     50.80000000     51.10833333     50.76666667     50.05833333     50.29166667     50.10000000     50.66666667     49.54166667     49.46666667     49.95000000     49.24166667     49.17500000     49.01666667     49.63333333     49.55833333     49.55000000 
     49.43333333     49.45833333     48.80000000     47.52500000     46.65000000     46.42500000     46.24166667     45.76666667     45.71666667     45.41666667     44.67500000     44.22500000     43.96666667     44.07500000     44.45833333     43.92500000     44.12500000     44.06666667     44.95833333     43.78333333     43.33333333     43.00833333     42.80833333     42.15833333     42.52500000 
     42.50833333     41.84166667     41.92500000     41.40833333     40.79166667     40.51666667     40.27500000     39.80000000     40.21666667     39.98333333     39.40833333     38.90000000     39.10000000     38.43333333     37.95833333     37.95833333     38.28333333     38.23333333     38.02500000     37.97500000     38.15833333     37.53333333     37.87500000     37.60833333     37.87500000 
     37.75000000     37.33333333     37.35833333     36.88333333     36.37500000     36.02500000     36.40000000     36.60833333     35.44166667     35.66666667     35.32500000     35.11666667     35.43333333     34.40000000     34.30000000     34.46666667     34.45000000     34.66666667     35.22500000     34.89166667     34.87500000     35.01666667     34.70000000     34.93333333     34.85833333 
     35.61666667     35.03333333     34.20000000     34.28333333     33.93333333     33.60000000     32.65000000     33.05000000     32.81666667     32.39166667     32.50000000     32.61666667     33.25833333     32.54166667     32.48333333     32.70000000     32.52500000     32.70833333     32.56666667     32.38333333     32.59166667     32.72500000     32.08333333     31.75833333     31.06666667 
     31.23333333     30.36666667     30.06666667     29.53333333     29.20833333     28.67500000     28.87500000     28.50000000     27.95833333     28.48333333     28.27500000     28.23333333     28.45833333     27.95833333     27.78333333     27.58333333     27.55000000     28.09166667     27.93333333     27.72500000     27.64166667     28.00833333     27.84166667     28.41666667     27.77500000 
     28.45833333     27.46666667     26.88333333     27.16666667     26.46666667     25.77500000     25.73333333     25.59166667     25.35000000     25.09166667     25.02500000     25.23333333     25.70000000     25.07500000     24.90000000     24.74166667     23.83333333     24.34166667     24.18333333     24.40000000     24.24166667     24.26666667     24.08333333     24.36666667     24.01666667 
     23.89166667     23.77500000     22.88333333     23.20000000     23.08333333     22.48333333     22.26666667     22.41666667     22.91666667     22.85000000     23.07500000     22.20833333     21.98333333     21.84166667     21.80833333     21.35833333     21.09166667     20.58333333     21.26666667     21.04166667     21.30833333     20.80833333     21.07500000     21.14166667     21.80833333 
     21.67500000     20.90833333     21.15833333     20.61666667     21.07500000     20.82500000     21.12500000     21.41666667     20.88333333     20.96666667     21.36666667     20.71666667     21.02500000     20.66666667     20.25833333     20.35000000     20.20000000     20.30833333     19.83333333     20.09166667     20.50833333     20.35000000     20.29166667     19.85000000     20.08333333 
     19.65833333     20.14166667     20.15000000     19.43333333     19.75000000     19.72500000     18.86666667     18.95833333     18.74166667     18.94166667     18.39166667     18.75833333     18.30000000     18.54166667     18.36666667     18.31666667     18.42500000     17.53333333     17.52500000     17.37500000     17.91666667     17.88333333     18.03333333     18.00000000     18.26666667 
     18.49166667     17.89166667     17.80000000     17.46666667     17.10000000     16.91666667     17.30833333     17.15833333     17.43333333     17.53333333     17.30833333     17.72500000     17.32500000     17.27500000     16.94166667     17.05833333     17.47500000     16.70000000     16.05000000     16.15833333     16.07500000     16.49166667     16.51666667     16.35833333     16.47500000 
     16.34166667     16.36666667     16.05000000     16.25833333     15.74166667     15.20000000     15.59166667     15.50833333     14.95000000     15.34166667     14.72500000     14.80000000     14.66666667     14.84166667     14.60833333     14.62500000     14.98333333     15.47500000     15.42500000     15.44166667     15.69166667     15.25000000     14.84166667     14.85000000     14.81666667 
     15.11666667     14.34166667     14.49166667     14.26666667     13.80833333     13.85833333     14.14166667     13.99166667     13.90000000     13.70833333     13.51666667     13.76666667     13.70000000     13.35833333     13.90000000     13.55000000     13.09166667     13.05000000     13.23333333     12.85000000     13.52500000     13.56666667     13.66666667     14.10000000     14.16666667 
     13.77500000     13.92500000     13.41666667     13.10833333     12.60833333     13.10000000     12.97500000     12.85000000     12.46666667     12.43333333     12.82500000     13.07500000     13.10833333     12.46666667     12.48333333     12.63333333     12.98333333     12.83333333     12.34166667     12.55000000     12.64166667     13.41666667     13.20833333     13.31666667     12.95833333 
     12.85833333     12.33333333     11.62500000     11.65000000     11.21666667     11.18333333     11.25000000     11.20000000     10.96666667     11.46666667     11.61666667     10.99166667     11.31666667     10.76666667     10.74166667     10.85833333     11.03333333     11.58333333     10.95000000     10.88333333     10.85833333     10.85000000     11.05000000     11.13333333     11.83333333 
     11.62500000     11.27500000     11.00833333     11.15000000     10.59166667     10.71666667     11.25833333     11.03333333     11.11666667     10.86666667     11.27500000     10.53333333     10.18333333     10.35833333     10.44166667     10.51666667     10.43333333     10.65000000     10.78333333     10.65833333     10.90000000     10.79166667     10.57500000     10.26666667     10.03333333 
     10.49166667     10.24166667      9.99166667     10.22500000     10.53333333     10.29166667     10.09166667      9.59166667      9.71666667      9.41666667      9.47500000      9.48333333      9.86666667      9.70833333     10.18333333     10.09166667      9.76666667      9.60833333      9.65833333      9.43333333      9.60833333      9.68333333      9.13333333      8.68333333      8.96666667 
      8.96666667      8.95000000      9.21666667      8.79166667      8.34166667      8.68333333      8.32500000      8.45833333      8.30833333      7.93333333      8.52500000      7.75833333      8.50000000      8.83333333      8.26666667      8.27500000      8.98333333      8.89166667      8.93333333      9.00833333      9.10000000      8.85000000      8.80000000      8.75000000      8.32500000 
