      0.00000000      8.23333333     13.50000000     17.01666667     20.18333333     21.83333333     23.40833333     24.83333333     25.40833333     26.46666667     27.25000000     27.04166667     27.25000000     26.72500000     26.40833333     26.87500000     26.53333333     26.95000000     27.75833333     27.95833333     28.22500000     28.63333333     28.38333333     28.25000000     27.91666667 
     28.32500000     28.65833333     28.52500000     29.22500000     30.45000000     30.13333333     29.44166667     29.65000000     29.15000000     29.87500000     30.74166667     30.41666667     30.32500000     29.52500000     30.18333333     30.59166667     30.54166667     30.85000000     30.48333333     30.25833333     29.80000000     29.65833333     29.84166667     30.80000000     30.85833333 
     30.41666667     31.06666667     31.61666667     31.37500000     30.75000000     31.29166667     31.00833333     30.44166667     30.65833333     30.43333333     30.87500000     30.70000000     31.67500000     31.61666667     31.62500000     31.83333333     32.19166667     32.72500000     32.69166667     32.13333333     31.86666667     31.92500000     31.65000000     31.69166667     32.50000000 
     33.12500000     33.09166667     33.40833333     33.94166667     35.13333333     35.20833333     34.81666667     34.41666667     34.81666667     34.06666667     34.44166667     34.63333333     35.00000000     35.21666667     33.51666667     34.08333333     34.43333333     34.05000000     34.18333333     33.28333333     33.71666667     33.73333333     33.72500000     33.87500000     33.60000000 
     33.52500000     34.85000000     34.85000000     34.68333333     34.98333333     34.85000000     35.98333333     35.17500000     35.79166667     35.79166667     35.16666667     35.02500000     35.30000000     34.85833333     35.28333333     35.70000000     35.83333333     36.59166667     36.67500000     36.98333333     37.22500000     36.81666667     37.05000000     37.41666667     37.70000000 
     38.94166667     38.15833333     39.51666667     39.34166667     39.45000000     39.70833333     40.47500000     39.94166667     40.38333333     40.00833333     40.18333333     40.35000000     39.64166667     40.34166667     39.91666667     40.07500000     39.80000000     40.00833333     40.55833333     40.44166667     40.10833333     40.43333333     39.99166667     40.19166667     39.96666667 
     39.35833333     39.74166667     40.85000000     41.23333333     40.90000000     41.25000000     42.11666667     42.08333333     41.72500000     41.19166667     40.30833333     41.15000000     42.09166667     41.57500000     41.66666667     41.15833333     41.31666667     41.00833333     41.21666667     41.44166667     41.99166667     42.42500000     42.68333333     43.29166667     42.45833333 
     42.30000000     42.60833333     43.68333333     43.84166667     44.07500000     44.29166667     44.92500000     44.15000000     44.64166667     45.53333333     45.78333333     46.30000000     47.26666667     46.43333333     47.53333333     46.73333333     46.68333333     46.76666667     46.80833333     47.15833333     47.28333333     47.03333333     46.80000000     46.87500000     47.25000000 
     46.44166667     46.55000000     45.66666667     45.99166667     46.50000000     46.40000000     46.37500000     47.12500000     47.27500000     47.51666667     47.45000000     48.00833333     47.79166667     46.63333333     47.25000000     47.42500000     46.64166667     47.61666667     47.81666667     47.95833333     49.05000000     49.00833333     48.91666667     48.90000000     49.81666667 
     49.35833333     50.52500000     51.67500000     51.78333333     52.90000000     52.90833333     52.95000000     53.70000000     53.56666667     53.89166667     54.89166667     54.18333333     53.95833333     54.36666667     53.35833333     53.65000000     53.21666667     53.50000000     53.22500000     53.55000000     54.25000000     52.70000000     52.77500000     53.98333333     54.08333333 
     53.82500000     54.94166667     55.30833333     55.20833333     55.72500000     55.24166667     55.00833333     55.63333333     55.95833333     56.69166667     57.37500000     57.12500000     56.34166667     56.52500000     57.27500000     57.09166667     57.04166667     56.87500000     56.81666667     56.41666667     56.24166667     56.26666667     57.30833333     57.78333333     57.06666667 
     57.27500000     58.02500000     58.65000000     58.58333333     58.92500000     59.10833333     59.71666667     58.90833333     59.35000000     60.34166667     60.23333333     59.70000000     60.10833333     60.59166667     60.11666667     59.55000000     60.18333333     60.60000000     59.60000000     59.54166667     60.00000000     60.20000000     61.97500000     62.59166667     62.15000000 
     62.40833333     61.96666667     63.20833333     64.13333333     63.69166667     64.48333333     64.40000000     63.56666667     63.44166667     64.35833333     64.63333333     64.42500000     65.63333333     66.53333333     66.78333333     66.45833333     66.51666667     66.50000000     66.70833333     67.65833333     68.16666667     67.75833333     67.83333333     67.17500000     66.35000000 
     67.07500000     67.75000000     69.15833333     70.04166667     70.55833333     70.80000000     70.65833333     70.14166667     69.75000000     69.97500000     69.68333333     70.39166667     70.71666667     70.65000000     70.13333333     70.80833333     71.22500000     70.22500000     70.92500000     70.18333333     70.30833333     70.80000000     70.40000000     71.00000000     70.63333333 
     71.00833333     72.35833333     72.76666667     73.59166667     74.06666667     74.44166667     74.77500000     75.89166667     75.90000000     77.82500000     78.87500000     78.15000000     78.60000000     78.74166667     79.40000000     79.99166667     79.50000000     80.37500000     80.58333333     80.72500000     79.62500000     79.75833333     79.80833333     79.95833333     80.85833333 
     80.93333333     81.74166667     82.02500000     82.44166667     83.14166667     82.55000000     84.95833333     85.04166667     85.45833333     85.24166667     85.82500000     85.17500000     85.29166667     84.78333333     83.88333333     84.33333333     83.62500000     82.83333333     82.83333333     83.45833333     84.25000000     84.25000000     84.58333333     84.15833333     83.71666667 
     83.75000000     84.91666667     85.85833333     86.97500000     86.45833333     86.58333333     87.74166667     87.73333333     87.85000000     88.68333333     88.54166667     89.08333333     88.40000000     89.05833333     88.81666667     89.92500000     90.63333333     89.44166667     90.70000000     89.50000000     90.55833333     89.62500000     90.14166667     89.20833333     90.29166667 
     89.75000000     91.02500000     90.73333333     90.77500000     92.05833333     93.02500000     94.08333333     94.98333333     95.63333333     96.98333333     98.27500000     98.72500000     98.50833333     98.87500000     98.44166667     97.72500000     98.19166667     98.90000000     98.98333333    100.08333333     99.61666667    100.03333333    101.09166667    100.78333333    100.19166667 
    100.24166667    101.06666667    101.57500000    102.49166667    102.79166667    103.80000000    104.62500000    105.00000000    105.64166667    106.12500000    107.09166667    107.06666667    107.90000000    108.39166667    108.82500000    109.14166667    108.69166667    110.19166667    110.14166667    111.28333333    112.41666667    113.28333333    112.93333333    112.54166667    112.29166667 
    112.24166667    113.33333333    114.25833333    115.36666667    115.52500000    116.20833333    117.67500000    119.39166667    119.60833333    119.25000000    118.80833333    120.16666667    120.70833333    121.65833333    121.50000000    121.85833333    121.43333333    121.11666667    120.34166667    120.51666667    120.68333333    121.75833333    121.97500000    122.68333333    123.26666667 
    123.55833333    124.81666667    125.33333333    125.27500000    126.30000000    126.90833333    127.12500000    128.94166667    129.85000000    129.40000000    130.73333333    131.37500000    132.13333333    132.31666667    133.11666667    133.25833333    133.59166667    133.82500000    133.22500000    134.20833333    135.19166667    135.79166667    135.15833333    134.60833333    135.12500000 
    135.00833333    135.88333333    137.18333333    137.94166667    139.65833333    139.75000000    140.81666667    141.56666667    141.90833333    142.70000000    142.48333333    142.92500000    144.19166667    145.45833333    145.15833333    146.10833333    147.15833333    147.43333333    147.04166667    147.08333333    146.92500000    147.20000000    148.45833333    149.88333333    149.55833333 
    150.21666667    151.09166667    151.84166667    152.93333333    153.26666667    153.75000000    154.09166667    155.45833333    155.36666667    155.82500000    154.81666667    155.40000000    156.65833333    156.55833333    157.30000000    158.60833333    158.53333333    158.73333333    159.89166667    161.37500000    161.49166667    161.56666667    161.15000000    161.55833333    161.65833333 
    162.37500000    164.35833333    166.74166667    168.75833333    170.48333333    170.95000000    172.08333333    171.98333333    172.74166667    173.21666667    172.98333333    174.59166667    176.48333333    175.45833333    175.60833333    175.48333333    176.35000000    175.90000000    176.22500000    176.64166667    176.35833333    177.16666667    178.00000000    178.67500000    179.73333333 
    179.67500000    181.36666667    182.64166667    183.87500000    184.68333333    185.49166667    185.54166667    186.20833333    186.79166667    188.74166667    188.72500000    190.07500000    190.47500000    191.43333333    192.16666667    191.80833333    192.29166667    192.73333333    194.47500000    194.10833333    195.00000000    196.27500000    197.31666667    198.19166667    199.72500000 
    200.84166667    201.92500000    203.57500000    204.87500000    205.93333333    207.35833333    208.23333333    209.47500000    210.75833333    211.69166667    212.69166667    212.72500000    213.95000000    215.40000000    217.27500000    218.50000000    218.83333333    220.50833333    221.12500000    219.32500000    220.19166667    220.89166667    222.10000000    223.22500000    224.73333333 
    226.34166667    227.72500000    229.13333333    230.65833333    231.44166667    233.15000000    234.11666667    235.34166667    237.75000000    238.90000000    239.20833333    240.85833333    242.05833333    242.75833333    243.96666667    244.67500000    246.57500000    246.90833333    247.01666667    248.19166667    248.32500000    249.25833333    249.90833333    250.64166667    250.50000000 
    251.52500000    252.49166667    254.66666667    255.04166667    256.38333333    258.88333333    260.21666667    260.65833333    262.95000000    263.81666667    264.45833333    266.25833333    266.80000000    267.43333333    267.76666667    268.66666667    270.61666667    270.52500000    272.45000000    273.15833333    273.55833333    276.55833333    277.62500000    278.35833333    279.81666667 
    280.67500000    281.45000000    283.82500000    285.43333333    286.51666667    287.79166667    289.40000000    291.16666667    292.63333333    295.29166667    296.11666667    297.61666667    298.63333333    299.25833333    300.87500000    302.75000000    303.55833333    304.97500000    305.64166667    307.81666667    309.43333333    311.02500000    313.35000000    313.43333333    314.48333333 
    315.44166667    318.22500000    319.84166667    320.80000000    322.65000000    324.89166667    325.35000000    327.19166667    328.95000000    332.04166667    334.95833333    336.70833333    338.46666667    339.92500000    340.30833333    341.36666667    342.37500000    344.23333333    346.92500000    347.65833333    349.45833333    350.48333333    351.64166667    352.17500000    352.84166667 
    355.02500000    355.39166667    359.55833333    361.45833333    362.40833333    364.62500000    366.36666667    368.48333333    370.16666667    372.31666667    374.46666667    377.29166667    378.34166667    381.00000000    382.13333333    385.14166667    386.10000000    387.05833333    388.47500000    389.15000000    390.18333333    391.19166667    392.47500000    394.50000000    394.98333333 
    395.61666667    398.25833333    399.91666667    402.62500000    404.89166667    406.49166667    409.32500000    412.19166667    414.96666667    417.45000000    418.30000000    420.65000000    422.60000000    425.41666667    426.55000000    427.48333333    429.65833333    432.55000000    432.71666667    434.64166667    435.56666667    437.17500000    438.75000000    439.96666667    442.10833333 
    442.70833333    446.08333333    448.82500000    451.85000000    453.81666667    456.66666667    459.65833333    461.50000000    463.49166667    466.55833333    469.25000000    472.45833333    474.60833333    476.39166667    478.48333333    481.33333333    483.63333333    485.89166667    487.84166667    490.84166667    492.71666667    495.55833333    495.71666667    497.50000000    499.20000000 
    500.53333333    503.91666667    506.49166667    509.10833333    510.77500000    513.80833333    514.99166667    518.10833333    521.10000000    522.84166667    522.85833333    525.34166667    528.53333333    532.92500000    535.12500000    537.32500000    540.27500000    542.60000000    546.12500000    549.31666667    551.01666667    552.90833333    555.90833333    557.15000000    558.37500000 
    560.90000000    565.11666667    568.83333333    572.84166667    576.75833333    580.84166667    584.06666667    586.35833333    588.03333333    589.64166667    594.10833333    596.20833333    598.85000000    601.21666667    603.01666667    607.10000000    610.84166667    614.57500000    618.55833333    620.23333333    623.06666667    626.70833333    630.49166667    632.91666667    636.62500000 
    639.45833333    642.65000000    646.96666667    650.18333333    651.89166667    653.95000000    657.16666667    660.54166667    663.55833333    667.39166667    670.50000000    674.65833333    679.00833333    683.02500000    684.01666667    689.05833333    692.54166667    695.58333333    698.44166667    703.45000000    706.22500000    709.71666667    711.35000000    714.27500000    716.30833333 
    719.44166667    721.85000000    726.71666667    731.47500000    734.46666667    738.43333333    744.28333333    747.30000000    751.40000000    754.53333333    758.41666667    762.62500000    766.40000000    770.79166667    773.38333333    776.98333333    780.84166667    785.07500000    787.70833333    792.41666667    795.91666667    800.23333333    804.50833333    807.57500000    811.23333333 
    815.78333333    820.50000000    826.21666667    832.68333333    837.55833333    840.04166667    845.26666667    849.85833333    853.15833333    856.67500000    862.45000000    868.23333333    873.12500000    876.79166667    880.56666667    884.35833333    889.58333333    893.61666667    898.01666667    902.80000000    907.37500000    912.10000000    915.78333333    919.50000000    924.13333333 
    926.65833333    931.35833333    934.83333333    939.73333333    943.20833333    949.20833333    953.83333333    959.39166667    962.71666667    967.65833333    971.40000000    974.05000000    980.42500000    982.13333333    986.75833333    989.96666667    994.40833333    997.95000000   1002.06666667   1006.65833333   1012.19166667   1014.83333333   1019.39166667   1023.02500000   1026.55833333 
   1030.88333333   1035.95833333   1042.55000000   1047.50000000   1052.38333333   1057.41666667   1063.50000000   1067.29166667   1073.67500000   1078.04166667   1083.65833333   1086.82500000   1091.88333333   1097.56666667   1102.77500000   1107.99166667   1112.30833333   1118.38333333   1121.75000000   1126.28333333   1131.98333333   1136.20833333   1139.99166667   1144.49166667   1150.15833333 
   1153.91666667   1160.17500000   1166.14166667   1171.18333333   1177.97500000   1184.32500000   1189.54166667   1194.55833333   1199.13333333   1203.66666667   1209.90000000   1216.15000000   1221.79166667   1227.00000000   1231.65000000   1237.51666667   1243.95000000   1247.40000000   1253.84166667   1259.11666667   1264.16666667   1267.07500000   1272.15000000   1274.88333333   1279.17500000 
   1285.16666667   1292.94166667   1300.04166667   1305.61666667   1312.09166667   1317.20000000   1324.55000000   1330.71666667   1337.73333333   1344.11666667   1351.19166667   1355.38333333   1359.76666667   1365.25000000   1369.57500000   1376.74166667   1383.00833333   1388.55833333   1393.65833333   1400.17500000   1406.11666667   1411.30000000   1417.20000000   1419.52500000   1424.31666667 
   1431.09166667   1437.63333333   1444.00000000   1448.27500000   1455.56666667   1463.63333333   1469.16666667   1475.73333333   1480.03333333   1487.71666667   1491.92500000   1496.75000000   1503.77500000   1509.65833333   1515.94166667   1521.81666667   1529.68333333   1536.50000000   1542.00833333   1548.39166667   1554.71666667   1561.78333333   1567.05833333   1572.35000000   1578.15000000 
   1583.83333333   1590.96666667   1597.81666667   1603.76666667   1610.75000000   1618.83333333   1623.52500000   1631.65000000   1637.72500000   1644.46666667   1650.96666667   1658.71666667   1666.35000000   1673.08333333   1678.69166667   1685.05000000   1691.28333333   1698.85000000   1704.52500000   1709.48333333   1714.77500000   1720.86666667   1729.00000000   1736.07500000   1742.91666667 
   1750.30000000   1755.55000000   1762.76666667   1769.45000000   1776.15000000   1783.82500000   1790.03333333   1798.66666667   1803.94166667   1810.04166667   1817.95833333   1822.87500000   1830.45833333   1836.59166667   1842.96666667   1848.93333333   1854.50833333   1859.52500000   1864.70000000   1871.46666667   1878.35000000   1883.01666667   1890.59166667   1897.15000000   1903.94166667 
   1909.82500000   1916.32500000   1924.53333333   1931.02500000   1938.71666667   1945.50000000   1951.75833333   1959.10833333   1966.84166667   1973.79166667   1978.96666667   1987.79166667   1994.77500000   2003.47500000   2009.79166667   2015.62500000   2022.41666667   2027.88333333   2035.51666667   2043.88333333   2049.93333333   2058.04166667   2063.80833333   2068.30833333   2076.94166667 
   2082.85833333   2090.95000000   2097.74166667   2104.57500000   2110.79166667   2120.13333333   2127.05833333   2133.52500000   2139.60833333   2146.87500000   2153.74166667   2162.17500000   2168.10000000   2176.20833333   2183.71666667   2192.45000000   2200.90000000   2206.18333333   2213.57500000   2219.35833333   2228.15000000   2233.75833333   2238.93333333   2245.96666667   2252.69166667 
   2259.61666667   2268.82500000   2277.35833333   2283.56666667   2291.75833333   2301.42500000   2308.46666667   2316.00000000   2323.95000000   2329.95833333   2337.00000000   2343.75000000   2349.90000000   2358.72500000   2365.10833333   2372.40833333   2378.58333333   2385.92500000   2390.88333333   2397.08333333   2403.17500000   2408.00833333   2414.71666667   2421.68333333   2427.19166667 
   2433.36666667   2442.50000000   2448.75000000   2459.05000000   2463.54166667   2469.82500000   2477.91666667   2484.91666667   2492.62500000   2497.66666667   2505.34166667   2512.48333333   2519.80000000   2524.26666667   2531.80000000   2538.80000000   2543.81666667   2549.03333333   2556.86666667   2562.73333333   2569.63333333   2575.38333333   2580.90000000   2589.60833333   2594.27500000 
   2601.99166667   2609.23333333   2616.28333333   2623.21666667   2629.56666667   2636.09166667   2644.62500000   2650.91666667   2656.19166667   2664.26666667   2668.98333333   2675.02500000   2679.95833333   2686.27500000   2693.04166667   2701.69166667   2706.30000000   2712.93333333   2717.86666667   2723.72500000   2729.84166667   2734.05000000   2741.16666667   2746.87500000   2754.07500000 
   2758.65833333   2764.54166667   2773.80833333   2781.12500000   2787.71666667   2795.71666667   2802.45000000   2809.36666667   2815.89166667   2822.00833333   2826.92500000   2835.11666667   2841.51666667   2848.21666667   2856.06666667   2861.11666667   2868.55833333   2875.34166667   2881.55000000   2888.74166667   2892.55833333   2897.86666667   2904.35833333   2909.48333333   2913.55833333 
   2918.85833333   2924.53333333   2931.53333333   2937.50000000   2943.65000000   2950.70833333   2957.37500000   2961.07500000   2967.33333333   2974.49166667   2978.73333333   2984.62500000   2991.00000000   2996.97500000   3003.18333333   3009.15833333   3014.27500000   3019.19166667   3023.60833333   3030.73333333   3034.64166667   3041.29166667   3047.01666667   3050.23333333   3056.69166667 
   3061.00000000   3068.67500000   3073.61666667   3079.37500000   3085.25000000   3090.00000000   3097.09166667   3102.07500000   3107.15000000   3111.91666667   3117.28333333   3123.80833333   3127.63333333   3134.20000000   3138.73333333   3145.90833333   3150.78333333   3154.99166667   3162.28333333   3166.05000000   3171.26666667   3176.34166667   3178.25000000   3183.05833333   3189.25000000 
   3193.02500000   3198.37500000   3203.24166667   3207.78333333   3213.12500000   3219.03333333   3222.40000000   3227.27500000   3231.53333333   3236.99166667   3241.18333333   3243.89166667   3248.73333333   3252.99166667   3257.44166667   3263.25000000   3268.62500000   3273.75833333   3276.11666667   3281.15833333   3286.00000000   3291.09166667   3294.74166667   3296.82500000   3302.85000000 
   3306.79166667   3313.95833333   3316.30833333   3322.05000000   3326.44166667   3330.59166667   3336.09166667   3339.31666667   3342.30833333   3345.26666667   3349.28333333   3354.26666667   3356.39166667   3360.03333333   3365.13333333   3369.35833333   3374.70833333   3377.16666667   3381.09166667   3384.19166667   3389.38333333   3393.96666667   3397.14166667   3402.67500000   3405.80833333 
   3409.60000000   3414.06666667   3418.64166667   3422.37500000   3426.81666667   3431.19166667   3435.30833333   3439.48333333   3442.46666667   3447.55833333   3452.36666667   3456.26666667   3461.56666667   3465.18333333   3469.33333333   3473.40000000   3477.42500000   3478.90000000   3482.38333333   3485.94166667   3488.95833333   3492.54166667   3497.47500000   3501.82500000   3504.59166667 
   3508.53333333   3513.14166667   3517.38333333   3519.90000000   3524.78333333   3527.18333333   3529.15000000   3534.30000000   3536.45000000   3538.20000000   3541.36666667   3543.83333333   3547.88333333   3549.82500000   3553.02500000   3556.95000000   3559.01666667   3562.30000000   3567.16666667   3569.25833333   3571.83333333   3575.58333333   3578.38333333   3581.06666667   3584.29166667 
   3586.82500000   3591.82500000   3596.21666667   3598.53333333   3601.00833333   3604.44166667   3606.75000000   3610.05833333   3613.90833333   3617.40000000   3619.51666667   3622.46666667   3625.80833333   3628.62500000   3632.16666667   3634.37500000   3636.82500000   3638.55833333   3640.62500000   3643.57500000   3645.25000000   3648.38333333   3651.25833333   3652.99166667   3656.24166667 
   3658.29166667   3661.13333333   3663.06666667   3666.22500000   3670.28333333   3670.60833333   3674.60833333   3677.39166667   3678.09166667   3681.66666667   3683.34166667   3686.43333333   3689.26666667   3689.66666667   3693.26666667   3695.50000000   3697.03333333   3699.28333333   3703.56666667   3704.15000000   3706.08333333   3708.81666667   3711.58333333   3712.04166667   3715.14166667 
   3717.82500000   3720.49166667   3723.00000000   3724.45833333   3727.85833333   3731.16666667   3731.51666667   3734.90833333   3735.82500000   3738.34166667   3740.99166667   3742.45000000   3744.35833333   3746.90833333   3748.62500000   3749.01666667   3750.27500000   3751.97500000   3754.65833333   3754.67500000   3757.15833333   3757.28333333   3759.55000000   3761.13333333   3763.40000000 
   3764.41666667   3766.12500000   3768.29166667   3770.85000000   3771.33333333   3774.57500000   3775.45833333   3777.28333333   3779.20833333   3780.86666667   3781.09166667   3783.71666667   3785.53333333   3787.22500000   3789.15000000   3791.05000000   3790.82500000   3792.38333333   3793.80833333   3795.62500000   3797.86666667   3799.34166667   3799.61666667   3800.86666667   3804.17500000 
   3804.58333333   3806.51666667   3808.39166667   3809.71666667   3812.21666667   3813.19166667   3815.45000000   3817.27500000   3818.87500000   3820.47500000   3822.98333333   3822.45833333   3824.14166667   3824.94166667   3826.09166667   3828.38333333   3829.31666667   3829.05833333   3831.06666667   3832.99166667   3835.23333333   3835.50833333   3837.44166667   3838.08333333   3837.63333333 
   3838.84166667   3841.63333333   3841.77500000   3842.87500000   3844.42500000   3844.90833333   3846.99166667   3849.58333333   3850.60000000   3851.28333333   3853.02500000   3853.66666667   3855.50000000   3856.55833333   3857.95000000   3858.77500000   3859.10000000   3859.85000000   3860.96666667   3862.70000000   3863.37500000   3866.04166667   3864.60000000   3866.95000000   3867.07500000 
   3867.41666667   3869.20833333   3870.30833333   3870.70000000   3873.19166667   3871.95000000   3873.99166667   3874.53333333   3875.22500000   3876.47500000   3877.10833333   3877.90833333   3880.80833333   3881.59166667   3881.65833333   3882.11666667   3883.37500000   3882.69166667   3884.93333333   3887.09166667   3886.19166667   3887.27500000   3889.54166667   3888.60833333   3890.18333333 
   3890.88333333   3892.52500000   3892.60000000   3892.15833333   3893.36666667   3894.47500000   3894.80000000   3896.09166667   3896.65833333   3895.60000000   3897.60833333   3897.60833333   3898.98333333   3899.34166667   3901.63333333   3901.89166667   3903.52500000   3902.47500000   3904.19166667   3906.05000000   3905.10000000   3906.04166667   3907.45000000   3908.13333333   3907.78333333 
   3907.21666667   3910.55000000   3910.74166667   3911.52500000   3912.00000000   3911.46666667   3912.40000000   3911.62500000   3911.92500000   3912.65833333   3913.25000000   3913.84166667   3915.05833333   3912.61666667   3914.73333333   3915.27500000   3916.22500000   3915.55000000   3916.70833333   3916.82500000   3917.88333333   3917.30000000   3919.20833333   3919.63333333   3920.35000000 
   3920.63333333   3921.03333333   3922.30833333   3922.25833333   3922.59166667   3923.25833333   3923.20000000   3924.35833333   3925.01666667   3925.40000000   3926.25000000   3926.05000000   3927.37500000   3929.95833333   3929.51666667   3930.01666667   3931.35000000   3930.91666667   3930.92500000   3932.15000000   3931.35000000   3932.84166667   3933.28333333   3935.61666667   3935.38333333 
   3935.78333333   3936.85000000   3936.65000000   3936.80000000   3936.70833333   3937.33333333   3937.76666667   3939.42500000   3939.11666667   3940.52500000   3941.43333333   3941.49166667   3941.19166667   3941.60000000   3942.72500000   3942.92500000   3943.30833333   3943.75833333   3944.23333333   3945.05000000   3946.75833333   3945.20833333   3946.24166667   3947.75000000   3948.02500000 
   3948.40833333   3949.46666667   3949.90000000   3949.80000000   3949.79166667   3950.09166667   3952.15833333   3953.87500000   3953.74166667   3952.84166667   3952.98333333   3953.50000000   3954.30000000   3954.60000000   3954.43333333   3954.37500000   3955.55833333   3955.60833333   3955.89166667   3956.40833333   3956.65833333   3956.14166667   3956.46666667   3958.00000000   3956.89166667 
   3956.91666667   3956.72500000   3959.15833333   3958.84166667   3960.15000000   3959.46666667   3960.23333333   3961.27500000   3961.03333333   3961.70833333   3962.10000000   3963.20833333   3963.85000000   3963.19166667   3963.81666667   3963.21666667   3964.82500000   3964.65833333   3964.15833333   3964.04166667   3963.75833333   3964.42500000   3965.74166667   3965.99166667   3965.79166667 
   3965.74166667   3967.14166667   3967.25000000   3966.96666667   3967.42500000   3968.55000000   3969.30000000   3969.59166667   3970.38333333   3970.67500000   3970.81666667   3970.57500000   3970.78333333   3971.30000000   3970.31666667   3970.51666667   3969.94166667   3971.68333333   3971.55833333   3970.26666667   3970.81666667   3971.24166667   3970.90833333   3972.56666667   3972.05833333 
   3972.15000000   3973.03333333   3974.85000000   3975.47500000   3975.20000000   3975.60000000   3976.05833333   3976.52500000   3977.55833333   3977.65000000   3977.80000000   3978.42500000   3979.55833333   3979.34166667   3980.07500000   3980.18333333   3979.17500000   3979.88333333   3980.80000000   3981.95000000   3980.72500000   3981.20000000   3981.10000000   3981.85000000   3982.44166667 
   3981.50000000   3981.37500000   3982.27500000   3982.41666667   3982.84166667   3982.18333333   3983.45833333   3983.47500000   3984.16666667   3982.91666667   3983.23333333   3983.92500000   3983.68333333   3982.69166667   3984.25000000   3984.36666667   3984.24166667   3984.29166667   3984.99166667   3985.25833333   3986.35000000   3986.25000000   3986.70000000   3985.76666667   3986.25000000 
   3987.10000000   3986.52500000   3986.50000000   3988.45833333   3988.07500000   3987.70833333   3988.33333333   3990.29166667   3989.26666667   3988.60833333   3989.62500000   3989.34166667   3990.45000000   3990.09166667   3990.70000000   3990.83333333   3990.52500000   3992.07500000   3992.20833333   3992.92500000   3994.16666667   3993.17500000   3992.47500000   3992.48333333   3994.37500000 
   3994.30833333   3995.05833333   3995.14166667   3995.61666667   3995.60833333   3996.90833333   3996.50000000   3997.20833333   3997.36666667   3997.96666667   3997.37500000   3997.30833333   3998.83333333   3999.11666667   3999.38333333   3999.21666667   3999.01666667   3998.19166667   3998.59166667   3998.19166667   3997.71666667   3997.87500000   3999.17500000   3998.81666667   3999.22500000 
   3998.89166667   4000.27500000   4000.29166667   3999.50833333   3999.72500000   3999.27500000   3999.80833333   4001.21666667   4000.23333333   4001.45000000   4001.05000000   4000.74166667   4001.79166667   4002.68333333   4002.35833333   4003.36666667   4001.85833333   4002.50000000   4002.54166667   4003.93333333   4003.15000000   4004.18333333   4003.20833333   4002.74166667   4003.45000000 
   4003.28333333   4004.65000000   4004.56666667   4004.49166667   4005.80833333   4004.85000000   4005.56666667   4006.57500000   4005.52500000   4005.50000000   4006.56666667   4007.15833333   4007.45000000   4006.70000000   4006.95000000   4006.81666667   4007.51666667   4006.10833333   4005.31666667   4006.05833333   4007.20000000   4007.76666667   4007.47500000   4007.16666667   4007.50833333 
   4007.55000000   4008.48333333   4009.49166667   4009.00000000   4007.68333333   4008.87500000   4009.42500000   4010.23333333   4009.45833333   4009.63333333   4009.41666667   4009.54166667   4009.58333333   4010.30000000   4009.88333333   4010.15000000   4009.40833333   4010.68333333   4010.98333333   4010.12500000   4010.39166667   4010.53333333   4010.59166667   4011.28333333   4011.85833333 
   4011.68333333   4012.44166667   4012.28333333   4012.07500000   4012.14166667   4013.24166667   4013.18333333   4013.16666667   4013.36666667   4013.87500000   4012.80000000   4013.24166667   4013.70833333   4013.19166667   4013.68333333   4012.52500000   4013.59166667   4013.89166667   4013.03333333   4013.85000000   4014.38333333   4015.82500000   4015.15833333   4014.95000000   4015.79166667 
   4016.22500000   4016.10833333   4015.41666667   4016.15833333   4015.34166667   4015.79166667   4015.85833333   4015.43333333   4016.85833333   4017.12500000   4016.64166667   4017.73333333   4016.83333333   4016.25000000   4016.76666667   4017.85000000   4017.63333333   4017.20833333   4018.27500000   4017.76666667   4018.24166667   4018.50000000   4018.40833333   4019.39166667   4020.95000000 
   4020.12500000   4018.52500000   4018.12500000   4018.35000000   4018.05000000   4018.55000000   4019.15000000   4018.53333333   4019.92500000   4020.06666667   4019.76666667   4019.83333333   4019.29166667   4019.18333333   4018.65000000   4019.70833333   4019.58333333   4019.50000000   4019.84166667   4018.88333333   4019.11666667   4019.44166667   4018.72500000   4018.75833333   4020.20000000 
   4020.70000000   4018.54166667   4018.58333333   4018.66666667   4018.39166667   4017.80833333   4017.95833333   4016.57500000   4019.24166667   4019.15833333   4018.78333333   4018.14166667   4018.35833333   4018.53333333   4018.55000000   4018.53333333   4017.39166667   4017.95833333   4018.87500000   4017.35833333   4017.34166667   4017.31666667   4017.39166667   4017.78333333   4018.15000000 
   4016.72500000   4016.50000000   4016.91666667   4017.55000000   4016.75833333   4015.74166667   4015.81666667   4015.57500000   4015.75000000   4015.85000000   4014.86666667   4013.84166667   4015.20000000   4014.25000000   4013.69166667   4014.88333333   4014.94166667   4014.13333333   4013.77500000   4014.45833333   4015.10833333   4015.01666667   4014.35833333   4014.85000000   4015.27500000 
   4014.50000000   4013.24166667   4013.79166667   4014.07500000   4014.12500000   4013.82500000   4014.40000000   4013.16666667   4013.65000000   4013.62500000   4013.50833333   4013.09166667   4013.32500000   4013.40000000   4013.05000000   4013.38333333   4012.90833333   4012.29166667   4012.63333333   4012.63333333   4012.93333333   4012.88333333   4012.13333333   4013.40000000   4012.65000000 
   4012.07500000   4010.39166667   4010.91666667   4010.72500000   4009.63333333   4010.85000000   4009.91666667   4010.35000000   4008.88333333   4008.55000000   4009.20833333   4008.35833333   4008.49166667   4009.62500000   4008.55833333   4008.42500000   4009.04166667   4008.13333333   4007.53333333   4007.21666667   4006.80000000   4007.26666667   4007.25833333   4007.76666667   4009.23333333 
   4008.56666667   4006.45833333   4006.55000000   4006.24166667   4006.43333333   4005.70833333   4006.16666667   4005.08333333   4005.55833333   4004.47500000   4004.97500000   4005.06666667   4006.36666667   4004.83333333   4005.10000000   4005.20000000   4004.82500000   4004.25000000   4005.42500000   4004.15000000   4003.70000000   4004.10833333   4003.95000000   4003.75000000   4004.27500000 
   4003.41666667   4003.35000000   4003.87500000   4002.67500000   4002.82500000   4004.22500000   4003.00833333   4002.96666667   4003.02500000   4002.05000000   4001.28333333   4001.73333333   4001.85000000   4000.45000000   3998.90000000   4000.10833333   4001.42500000   4001.14166667   4001.08333333   3999.74166667   4000.06666667   3999.26666667   3999.00833333   4000.31666667   4001.08333333 
   4000.07500000   3999.78333333   3997.39166667   3998.96666667   3996.67500000   3996.95833333   3997.07500000   3996.34166667   3996.36666667   3995.40833333   3996.84166667   3995.25833333   3994.73333333   3994.08333333   3994.43333333   3995.44166667   3994.73333333   3994.75833333   3994.53333333   3994.35000000   3994.75000000   3994.90000000   3995.19166667   3994.86666667   3994.49166667 
   3995.21666667   3995.17500000   3993.32500000   3993.38333333   3994.35000000   3993.84166667   3993.80833333   3993.55833333   3992.18333333   3992.61666667   3992.70833333   3992.88333333   3992.20000000   3993.06666667   3992.92500000   3992.33333333   3992.45000000   3992.27500000   3991.21666667   3991.88333333   3991.49166667   3991.54166667   3991.20000000   3991.47500000   3990.65000000 
   3990.12500000   3989.66666667   3989.08333333   3987.12500000   3988.69166667   3988.29166667   3988.25000000   3988.66666667   3990.00000000   3989.66666667   3988.84166667   3987.15000000   3987.88333333   3988.16666667   3987.50000000   3987.40833333   3987.51666667   3987.08333333   3987.17500000   3987.72500000   3987.80833333   3987.97500000   3987.17500000   3986.10833333   3986.78333333 
   3986.65000000   3986.02500000   3985.37500000   3984.11666667   3984.86666667   3983.20000000   3984.55833333   3985.60000000   3985.80833333   3983.32500000   3984.08333333   3982.55000000   3982.39166667   3982.55833333   3981.45000000   3980.70000000   3981.28333333   3981.74166667   3980.32500000   3981.11666667   3980.76666667   3980.66666667   3980.95833333   3980.72500000   3980.36666667 
   3980.93333333   3980.68333333   3980.13333333   3979.58333333   3980.20833333   3978.27500000   3979.26666667   3978.80000000   3979.14166667   3978.29166667   3977.91666667   3977.52500000   3976.82500000   3976.60000000   3975.58333333   3976.20000000   3976.73333333   3977.50000000   3976.51666667   3975.66666667   3975.64166667   3974.78333333   3975.15000000   3974.10000000   3974.62500000 
   3974.58333333   3972.64166667   3973.93333333   3973.69166667   3972.85833333   3972.15000000   3972.96666667   3971.42500000   3970.79166667   3971.31666667   3972.06666667   3971.53333333   3971.14166667   3970.39166667   3970.90833333   3970.50000000   3969.95833333   3968.74166667   3969.07500000   3969.62500000   3969.22500000   3969.35000000   3967.35000000   3968.35833333   3968.45000000 
   3967.94166667   3966.62500000   3967.54166667   3965.77500000   3965.86666667   3965.77500000   3965.74166667   3963.84166667   3963.21666667   3963.50000000   3963.25833333   3963.55000000   3960.92500000   3962.10833333   3962.15833333   3961.85000000   3960.64166667   3960.08333333   3958.91666667   3959.84166667   3959.23333333   3957.74166667   3957.70000000   3959.43333333   3959.24166667 
   3959.88333333   3957.72500000   3958.34166667   3958.20000000   3957.86666667   3958.51666667   3957.55833333   3956.05000000   3956.59166667   3954.16666667   3955.61666667   3955.35000000   3957.00000000   3956.79166667   3955.09166667   3955.10833333   3953.43333333   3953.74166667   3953.65000000   3952.57500000   3952.80833333   3953.25000000   3952.35833333   3953.08333333   3952.26666667 
   3953.13333333   3950.25000000   3949.26666667   3949.43333333   3949.07500000   3949.43333333   3949.79166667   3948.80000000   3948.20000000   3947.53333333   3946.87500000   3947.55833333   3946.91666667   3947.95000000   3946.63333333   3946.41666667   3944.55833333   3944.70833333   3944.85000000   3946.13333333   3944.20000000   3945.55833333   3945.06666667   3945.73333333   3943.75000000 
   3943.95833333   3942.41666667   3941.80000000   3940.66666667   3940.82500000   3940.31666667   3940.01666667   3940.27500000   3938.11666667   3937.98333333   3939.36666667   3938.41666667   3937.84166667   3936.42500000   3935.85000000   3934.78333333   3933.90000000   3934.46666667   3934.41666667   3933.85000000   3933.79166667   3932.80000000   3932.05000000   3932.47500000   3929.46666667 
   3929.96666667   3929.20000000   3927.36666667   3927.50000000   3926.16666667   3925.76666667   3928.15000000   3924.85833333   3923.85833333   3924.17500000   3924.34166667   3924.21666667   3925.62500000   3924.23333333   3923.55833333   3921.95833333   3922.04166667   3920.85833333   3920.95833333   3921.22500000   3918.83333333   3918.57500000   3917.99166667   3919.40833333   3918.69166667 
   3917.99166667   3917.74166667   3916.45000000   3915.84166667   3917.10833333   3915.83333333   3915.93333333   3915.66666667   3915.14166667   3914.78333333   3914.12500000   3913.82500000   3913.04166667   3911.46666667   3911.26666667   3910.67500000   3911.00000000   3909.54166667   3910.14166667   3910.10833333   3907.91666667   3908.47500000   3907.93333333   3907.73333333   3907.18333333 
   3907.98333333   3906.58333333   3903.89166667   3903.70000000   3902.75833333   3902.57500000   3901.99166667   3901.00000000   3901.10833333   3901.49166667   3900.91666667   3900.40833333   3900.90833333   3898.55000000   3898.50833333   3900.01666667   3898.82500000   3897.35833333   3897.80000000   3896.05833333   3895.87500000   3894.57500000   3894.46666667   3893.70000000   3894.21666667 
   3893.13333333   3890.69166667   3888.88333333   3889.80000000   3887.76666667   3887.25000000   3887.70833333   3886.25000000   3886.04166667   3885.18333333   3885.00000000   3884.04166667   3884.00000000   3883.32500000   3882.15000000   3881.88333333   3881.31666667   3881.60833333   3879.95833333   3880.90000000   3880.50833333   3880.44166667   3878.42500000   3878.50000000   3878.37500000 
   3878.60833333   3876.20000000   3875.25000000   3873.06666667   3871.31666667   3870.77500000   3870.48333333   3869.65833333   3869.00000000   3868.75833333   3868.67500000   3867.45833333   3867.03333333   3866.49166667   3866.12500000   3865.71666667   3865.29166667   3864.53333333   3864.77500000   3864.05000000   3863.14166667   3862.76666667   3863.56666667   3862.76666667   3861.38333333 
   3860.65000000   3858.35833333   3858.52500000   3857.09166667   3856.69166667   3856.43333333   3855.96666667   3853.38333333   3853.85833333   3851.65000000   3852.17500000   3851.00833333   3850.74166667   3849.96666667   3848.80000000   3848.88333333   3847.59166667   3847.75833333   3847.40833333   3846.33333333   3845.89166667   3846.05000000   3845.40833333   3843.26666667   3842.82500000 
   3841.58333333   3839.85000000   3838.46666667   3838.92500000   3836.54166667   3834.76666667   3834.35833333   3833.77500000   3833.97500000   3831.99166667   3829.99166667   3830.54166667   3829.32500000   3828.37500000   3829.49166667   3828.00833333   3828.29166667   3827.65833333   3826.59166667   3826.99166667   3826.25000000   3825.19166667   3824.53333333   3825.15000000   3822.83333333 
   3823.46666667   3821.13333333   3820.52500000   3817.65833333   3817.15000000   3815.95000000   3815.49166667   3815.22500000   3813.13333333   3810.40833333   3809.81666667   3809.44166667   3808.75000000   3808.10833333   3806.50833333   3806.54166667   3804.99166667   3803.90833333   3802.60833333   3801.15833333   3800.12500000   3798.29166667   3797.48333333   3795.40833333   3794.90000000 
   3795.85833333   3793.57500000   3792.06666667   3791.57500000   3789.72500000   3788.88333333   3787.69166667   3787.68333333   3785.55833333   3782.34166667   3783.87500000   3780.94166667   3780.31666667   3780.07500000   3779.19166667   3779.77500000   3778.45833333   3776.21666667   3775.91666667   3774.28333333   3774.10000000   3773.39166667   3773.32500000   3771.69166667   3772.01666667 
   3770.44166667   3768.40000000   3766.00833333   3764.28333333   3764.50833333   3763.12500000   3763.00000000   3763.32500000   3760.95833333   3760.13333333   3760.85000000   3759.93333333   3759.20833333   3758.82500000   3756.43333333   3756.60000000   3757.19166667   3755.77500000   3754.19166667   3754.43333333   3753.14166667   3752.57500000   3751.30833333   3749.98333333   3749.55000000 
   3748.89166667   3746.41666667   3745.46666667   3743.23333333   3740.46666667   3738.80000000   3738.28333333   3736.81666667   3733.97500000   3733.88333333   3731.28333333   3731.15000000   3729.66666667   3728.85000000   3728.19166667   3726.90833333   3725.89166667   3725.68333333   3724.25000000   3724.40000000   3721.80000000   3719.75000000   3719.65000000   3719.35000000   3718.20833333 
   3716.72500000   3714.52500000   3711.56666667   3711.87500000   3709.30833333   3707.28333333   3705.63333333   3703.41666667   3701.89166667   3701.71666667   3699.85833333   3698.49166667   3694.25833333   3693.70000000   3691.86666667   3690.99166667   3689.71666667   3689.77500000   3688.05833333   3685.42500000   3684.32500000   3682.58333333   3682.05000000   3680.76666667   3680.52500000 
   3679.25000000   3677.11666667   3675.79166667   3674.35833333   3670.39166667   3668.70000000   3667.01666667   3664.90833333   3663.80833333   3661.06666667   3660.20000000   3657.45000000   3655.90833333   3654.62500000   3652.47500000   3652.09166667   3651.62500000   3648.55000000   3645.20000000   3645.30833333   3643.85833333   3642.90833333   3641.66666667   3639.96666667   3637.85000000 
   3637.72500000   3635.72500000   3633.07500000   3631.17500000   3630.02500000   3627.77500000   3625.57500000   3622.02500000   3620.42500000   3617.26666667   3616.51666667   3613.30000000   3612.05833333   3609.20000000   3606.92500000   3607.39166667   3606.00833333   3602.63333333   3601.19166667   3598.64166667   3596.65833333   3594.40000000   3592.40833333   3591.09166667   3589.71666667 
   3588.79166667   3585.05000000   3584.25000000   3581.68333333   3578.20000000   3573.97500000   3572.87500000   3569.71666667   3568.32500000   3566.19166667   3563.42500000   3561.15833333   3559.34166667   3555.69166667   3555.21666667   3554.39166667   3552.25833333   3551.25833333   3549.13333333   3549.15833333   3546.32500000   3544.86666667   3542.28333333   3539.88333333   3537.85833333 
   3535.79166667   3531.19166667   3528.37500000   3526.45833333   3523.65000000   3521.45833333   3517.88333333   3515.73333333   3513.65000000   3510.53333333   3505.74166667   3501.14166667   3498.51666667   3495.90000000   3492.19166667   3490.11666667   3487.50000000   3486.33333333   3483.20000000   3479.15000000   3476.21666667   3475.24166667   3473.84166667   3471.56666667   3469.79166667 
   3467.90833333   3464.03333333   3461.27500000   3458.35000000   3454.50833333   3452.40000000   3449.39166667   3446.25833333   3441.41666667   3437.06666667   3435.30000000   3432.25833333   3431.32500000   3429.05000000   3424.80000000   3421.82500000   3419.42500000   3418.68333333   3415.66666667   3412.01666667   3410.65833333   3408.35000000   3403.81666667   3401.82500000   3397.83333333 
   3397.46666667   3392.43333333   3388.88333333   3383.44166667   3380.88333333   3378.31666667   3374.92500000   3371.07500000   3370.60833333   3367.55000000   3363.25833333   3362.50833333   3358.70000000   3356.81666667   3352.76666667   3347.75833333   3347.39166667   3344.45833333   3340.37500000   3337.23333333   3333.50833333   3329.82500000   3327.29166667   3326.35833333   3323.90833333 
   3320.00833333   3315.74166667   3311.93333333   3307.43333333   3301.11666667   3299.92500000   3295.48333333   3290.35000000   3285.23333333   3279.80000000   3276.94166667   3273.70833333   3270.66666667   3266.61666667   3262.80833333   3258.56666667   3257.54166667   3253.09166667   3249.43333333   3244.50833333   3238.87500000   3236.78333333   3233.17500000   3228.98333333   3224.71666667 
   3220.98333333   3217.36666667   3213.74166667   3209.93333333   3204.70000000   3201.55000000   3196.63333333   3192.30833333   3189.45833333   3183.50000000   3178.58333333   3174.78333333   3170.17500000   3166.65833333   3162.90833333   3158.45000000   3156.00833333   3150.97500000   3149.39166667   3144.94166667   3140.94166667   3136.14166667   3131.59166667   3127.84166667   3121.36666667 
   3117.70833333   3112.31666667   3107.90000000   3101.29166667   3095.40000000   3091.89166667   3085.03333333   3079.59166667   3076.20833333   3070.80833333   3067.26666667   3058.77500000   3054.99166667   3052.34166667   3048.99166667   3042.50000000   3037.74166667   3033.50833333   3028.30000000   3025.11666667   3021.30833333   3015.23333333   3010.91666667   3005.33333333   3002.29166667 
   2998.69166667   2990.90000000   2985.30000000   2979.02500000   2973.68333333   2968.06666667   2962.26666667   2955.15000000   2950.04166667   2945.36666667   2940.40000000   2933.82500000   2929.69166667   2924.54166667   2919.84166667   2912.81666667   2908.44166667   2903.69166667   2898.68333333   2892.18333333   2886.73333333   2884.37500000   2877.67500000   2871.43333333   2866.35000000 
   2860.95000000   2855.16666667   2848.28333333   2843.78333333   2838.49166667   2831.75833333   2826.49166667   2819.02500000   2813.70833333   2806.73333333   2800.53333333   2794.91666667   2787.61666667   2780.95833333   2775.26666667   2769.44166667   2763.71666667   2758.05000000   2753.95833333   2751.17500000   2744.98333333   2739.20000000   2733.68333333   2729.70833333   2721.46666667 
   2715.81666667   2708.51666667   2700.16666667   2693.48333333   2686.14166667   2680.82500000   2674.50000000   2667.40833333   2663.16666667   2655.49166667   2651.32500000   2644.50000000   2638.14166667   2632.48333333   2628.24166667   2618.96666667   2613.36666667   2606.58333333   2601.70000000   2592.98333333   2586.99166667   2581.45000000   2576.44166667   2569.93333333   2563.98333333 
   2556.91666667   2548.67500000   2540.48333333   2534.10833333   2526.87500000   2520.72500000   2512.42500000   2503.91666667   2495.53333333   2488.67500000   2481.67500000   2476.18333333   2470.10000000   2462.62500000   2455.60833333   2448.63333333   2440.53333333   2432.70833333   2425.46666667   2419.74166667   2411.80833333   2404.04166667   2398.15833333   2390.90000000   2385.71666667 
   2379.69166667   2369.76666667   2360.60833333   2353.52500000   2345.28333333   2334.82500000   2329.04166667   2321.84166667   2312.72500000   2305.10000000   2296.50000000   2290.32500000   2282.35833333   2273.43333333   2265.75000000   2256.40833333   2248.67500000   2241.09166667   2233.24166667   2226.11666667   2218.28333333   2209.31666667   2201.62500000   2194.80000000   2187.56666667 
   2179.35833333   2168.96666667   2160.43333333   2152.16666667   2143.63333333   2135.67500000   2126.70000000   2116.02500000   2106.79166667   2098.67500000   2091.04166667   2083.95833333   2075.06666667   2066.97500000   2058.49166667   2049.74166667   2041.60833333   2033.64166667   2026.09166667   2018.08333333   2010.82500000   2002.09166667   1994.25833333   1985.80000000   1978.75000000 
   1972.46666667   1962.45833333   1952.65833333   1943.86666667   1933.70833333   1923.32500000   1914.68333333   1905.95833333   1897.71666667   1887.32500000   1879.05000000   1869.55833333   1862.88333333   1852.80833333   1845.98333333   1837.55000000   1827.18333333   1818.64166667   1810.91666667   1803.44166667   1794.69166667   1787.90833333   1781.11666667   1774.25833333   1765.34166667 
   1757.70833333   1747.49166667   1737.05000000   1727.57500000   1718.00833333   1708.50000000   1700.46666667   1691.11666667   1683.95833333   1673.61666667   1665.76666667   1659.58333333   1649.55000000   1640.21666667   1629.55000000   1620.30833333   1612.42500000   1602.25000000   1594.72500000   1584.49166667   1574.99166667   1568.29166667   1560.37500000   1551.75833333   1542.27500000 
   1534.34166667   1524.73333333   1515.40833333   1505.11666667   1495.12500000   1486.08333333   1477.27500000   1467.43333333   1457.65833333   1449.94166667   1439.81666667   1431.68333333   1422.65833333   1415.73333333   1406.35000000   1396.94166667   1387.75000000   1378.90833333   1371.77500000   1362.08333333   1354.76666667   1349.02500000   1341.61666667   1335.66666667   1326.61666667 
   1319.83333333   1307.40000000   1298.96666667   1289.47500000   1278.48333333   1270.91666667   1261.75000000   1254.00833333   1247.12500000   1236.37500000   1227.86666667   1217.47500000   1209.38333333   1200.19166667   1191.80000000   1182.27500000   1172.95833333   1166.33333333   1159.05000000   1151.11666667   1144.32500000   1135.71666667   1128.83333333   1120.88333333   1113.12500000 
   1107.60000000   1099.20833333   1090.05833333   1081.80833333   1071.95833333   1061.13333333   1054.20833333   1044.99166667   1038.55000000   1030.05000000   1023.02500000   1015.20833333   1007.31666667   1000.45833333    992.55833333    985.68333333    977.50833333    969.86666667    963.27500000    955.55000000    950.65000000    944.22500000    935.90000000    928.15833333    922.54166667 
    914.70833333    907.29166667    900.54166667    892.49166667    884.80000000    877.23333333    871.07500000    863.37500000    855.63333333    848.20000000    841.73333333    834.89166667    826.48333333    819.80833333    812.80000000    807.50833333    800.88333333    794.35833333    788.32500000    783.78333333    777.54166667    772.77500000    767.23333333    761.28333333    754.66666667 
    749.76666667    742.70000000    735.26666667    728.33333333    720.50000000    713.69166667    706.56666667    698.50833333    694.05000000    688.31666667    682.86666667    678.28333333    671.60833333    664.45833333    658.75000000    652.39166667    647.47500000    639.74166667    634.38333333    629.01666667    623.48333333    619.67500000    615.59166667    611.59166667    607.04166667 
    602.06666667    595.54166667    589.41666667    585.18333333    578.85000000    574.06666667    566.90000000    561.44166667    557.30000000    552.61666667    545.99166667    540.65833333    535.86666667    530.00000000    525.65833333    519.96666667    516.31666667    512.22500000    509.27500000    504.35833333    500.03333333    495.59166667    492.97500000    489.05833333    484.47500000 
    480.74166667    477.20833333    472.14166667    467.15000000    461.90833333    457.92500000    453.01666667    448.25000000    444.47500000    440.30000000    435.85833333    432.70833333    428.70000000    424.09166667    420.76666667    417.78333333    415.94166667    412.82500000    408.26666667    405.59166667    402.87500000    401.91666667    398.10000000    394.54166667    392.70833333 
    388.82500000    385.44166667    382.13333333    378.50000000    374.03333333    370.90000000    366.46666667    364.01666667    360.90833333    358.51666667    355.40833333    350.94166667    348.62500000    345.30000000    343.24166667    341.10833333    338.89166667    335.95000000    332.08333333    328.92500000    327.82500000    326.11666667    323.43333333    319.97500000    318.52500000 
    317.67500000    313.55000000    311.47500000    307.92500000    305.70833333    301.89166667    299.53333333    296.78333333    293.70833333    292.60000000    290.61666667    287.99166667    285.95833333    283.90000000    281.47500000    279.12500000    278.26666667    275.75000000    272.71666667    270.71666667    269.49166667    268.18333333    267.50000000    266.51666667    264.23333333 
    262.39166667    259.96666667    256.75833333    254.06666667    251.26666667    249.70833333    247.13333333    243.75000000    242.05000000    239.56666667    239.11666667    236.82500000    235.71666667    233.75833333    233.50000000    231.02500000    230.01666667    228.68333333    227.35833333    227.58333333    225.99166667    223.41666667    221.83333333    221.30000000    219.98333333 
    220.65000000    218.49166667    216.45000000    214.90000000    211.92500000    210.92500000    209.75000000    208.35833333    208.15000000    206.40833333    204.97500000    204.22500000    201.53333333    200.55000000    199.54166667    197.18333333    196.03333333    195.20000000    194.15000000    193.10000000    191.61666667    190.51666667    189.83333333    189.08333333    187.67500000 
    186.90833333    185.13333333    183.34166667    182.13333333    180.06666667    177.64166667    177.52500000    177.10833333    175.89166667    174.61666667    175.05000000    173.17500000    172.53333333    171.08333333    170.04166667    170.01666667    169.49166667    168.58333333    168.65833333    168.01666667    168.05000000    168.07500000    168.21666667    167.80000000    167.30000000 
    167.48333333    165.96666667    164.85833333    163.49166667    160.95833333    159.93333333    158.10833333    158.47500000    157.01666667    156.81666667    156.07500000    155.10833333    155.05833333    153.81666667    153.61666667    153.15833333    151.77500000    151.95833333    150.21666667    149.32500000    150.30833333    149.39166667    147.45833333    146.92500000    147.95833333 
    146.45833333    145.65833333    143.76666667    143.02500000    142.07500000    139.78333333    138.53333333    138.19166667    136.06666667    135.61666667    136.53333333    136.34166667    136.21666667    134.05000000    133.53333333    132.50833333    132.47500000    132.63333333    131.87500000    131.47500000    131.55833333    131.19166667    131.91666667    131.56666667    130.69166667 
    129.45833333    127.82500000    126.21666667    125.29166667    123.50000000    122.59166667    121.95000000    120.75000000    119.82500000    119.52500000    119.84166667    119.16666667    118.84166667    119.03333333    119.50833333    118.99166667    118.05833333    117.29166667    116.64166667    116.15833333    116.42500000    117.06666667    117.56666667    116.67500000    116.09166667 
    115.42500000    114.23333333    111.65833333    111.80833333    111.57500000    111.49166667    110.01666667    109.25833333    108.66666667    108.87500000    107.85833333    108.45833333    108.90000000    108.77500000    109.30000000    110.02500000    110.25833333    110.17500000    108.89166667    108.56666667    106.91666667    105.56666667    105.38333333    106.34166667    105.65833333 
    105.36666667    105.51666667    104.94166667    103.15000000    102.45833333    102.53333333    101.70833333    100.96666667    100.70833333    100.61666667    100.15833333     99.86666667     99.48333333     99.17500000     98.56666667     99.19166667     98.33333333     97.56666667     98.47500000     97.84166667     96.97500000     97.31666667     97.55833333     97.29166667     98.05000000 
     98.18333333     97.41666667     95.99166667     94.19166667     92.55000000     92.59166667     92.94166667     92.68333333     91.77500000     91.24166667     90.54166667     89.88333333     89.58333333     89.92500000     90.16666667     89.74166667     90.30000000     90.18333333     90.60000000     89.98333333     89.10833333     88.57500000     87.90833333     87.10833333     87.68333333 
     87.71666667     86.04166667     85.51666667     85.01666667     83.88333333     83.50833333     82.82500000     82.60833333     82.87500000     83.23333333     82.18333333     81.55833333     81.35833333     80.36666667     80.35833333     80.48333333     80.81666667     79.95000000     79.83333333     79.72500000     80.27500000     79.60833333     79.92500000     79.48333333     79.70833333 
     79.81666667     78.70833333     78.20833333     77.33333333     76.96666667     76.43333333     77.42500000     76.85000000     75.43333333     75.60000000     75.21666667     75.36666667     75.85000000     74.52500000     74.14166667     73.69166667     73.82500000     74.19166667     74.72500000     74.38333333     74.37500000     74.18333333     73.85833333     74.55000000     74.50000000 
     75.68333333     73.98333333     72.66666667     72.49166667     72.35833333     71.76666667     70.45833333     70.72500000     70.45000000     70.29166667     70.59166667     71.04166667     71.25833333     71.09166667     70.76666667     71.57500000     70.96666667     70.69166667     70.15833333     70.24166667     70.14166667     70.73333333     69.78333333     70.12500000     68.64166667 
     68.70833333     67.04166667     66.62500000     65.40833333     64.94166667     64.37500000     63.80833333     63.70000000     63.54166667     63.85000000     64.44166667     64.77500000     64.70833333     64.04166667     63.80000000     63.38333333     62.70000000     63.44166667     63.11666667     63.06666667     62.90833333     63.30833333     63.02500000     63.96666667     63.04166667 
     62.98333333     61.26666667     60.69166667     60.50000000     60.44166667     59.42500000     59.53333333     58.72500000     57.45833333     57.41666667     57.75000000     57.67500000     58.35833333     57.41666667     57.30833333     57.16666667     56.65000000     57.08333333     56.13333333     56.37500000     56.20000000     56.73333333     55.90833333     56.40833333     56.14166667 
     56.25000000     55.89166667     54.42500000     55.40000000     55.13333333     54.41666667     53.85000000     54.12500000     54.50000000     53.95000000     54.65000000     53.00000000     52.70833333     52.67500000     52.11666667     51.77500000     51.58333333     51.45000000     52.04166667     51.75833333     51.83333333     51.08333333     51.18333333     51.49166667     51.81666667 
     51.91666667     50.60833333     50.76666667     50.35000000     50.84166667     50.75000000     51.15000000     51.02500000     50.84166667     50.70833333     50.86666667     50.42500000     50.45833333     50.33333333     50.20000000     49.88333333     49.32500000     49.40833333     48.74166667     48.95000000     49.20000000     48.99166667     49.02500000     48.60000000     48.97500000 
     48.60000000     49.38333333     48.53333333     48.20833333     48.35000000     48.20833333     47.34166667     47.15000000     46.76666667     46.71666667     46.26666667     46.80833333     46.24166667     46.61666667     46.03333333     45.50833333     46.10833333     45.31666667     45.05833333     44.92500000     45.00833333     44.95833333     45.17500000     45.26666667     46.05833333 
     46.25000000     45.30833333     45.41666667     43.49166667     43.46666667     43.53333333     44.14166667     44.35833333     45.08333333     45.30000000     44.50000000     44.14166667     43.91666667     44.30000000     43.51666667     44.00833333     44.26666667     43.34166667     42.58333333     42.13333333     42.41666667     42.37500000     41.91666667     41.91666667     41.90833333 
     42.00000000     41.84166667     41.19166667     41.37500000     41.21666667     40.86666667     41.31666667     40.82500000     39.76666667     40.58333333     39.90000000     40.02500000     39.36666667     39.45833333     39.45000000     39.55833333     39.75833333     40.86666667     40.37500000     40.25833333     40.54166667     40.16666667     39.15000000     39.13333333     39.02500000 
     39.22500000     38.55000000     38.30000000     37.57500000     37.68333333     37.73333333     37.50000000     37.44166667     37.25000000     37.32500000     36.84166667     36.88333333     37.07500000     36.66666667     37.42500000     36.84166667     36.08333333     35.94166667     36.20833333     35.95000000     37.00833333     36.77500000     36.96666667     37.75000000     38.25000000 
     37.38333333     37.43333333     36.26666667     36.31666667     35.82500000     36.19166667     36.06666667     35.56666667     34.55000000     34.59166667     34.88333333     35.24166667     35.30833333     34.83333333     34.25833333     34.80000000     35.65000000     35.65000000     34.45000000     34.78333333     34.85833333     36.08333333     36.30000000     36.42500000     35.70833333 
     35.18333333     33.75833333     32.52500000     32.76666667     32.18333333     31.94166667     32.20833333     31.79166667     31.66666667     32.31666667     32.88333333     32.36666667     32.50833333     31.24166667     31.23333333     31.90000000     31.92500000     32.91666667     31.64166667     31.63333333     31.95000000     32.04166667     32.13333333     32.20000000     33.37500000 
     33.36666667     32.25000000     31.77500000     31.95000000     31.08333333     31.32500000     32.19166667     32.05833333     32.03333333     31.37500000     31.05000000     30.15000000     30.15833333     30.11666667     30.25833333     30.15833333     30.60000000     30.95000000     31.19166667     31.18333333     31.00833333     31.54166667     31.30833333     30.38333333     29.57500000 
     30.43333333     29.52500000     29.86666667     30.32500000     30.45833333     29.75000000     29.20833333     28.89166667     28.55000000     28.55833333     28.64166667     28.81666667     29.15000000     29.96666667     29.56666667     29.18333333     28.39166667     28.42500000     29.52500000     28.46666667     28.62500000     28.65000000     28.38333333     26.73333333     27.82500000 
     27.53333333     26.75833333     26.56666667     27.02500000     26.65000000     26.91666667     25.95833333     26.08333333     25.99166667     25.60000000     25.92500000     25.20000000     26.02500000     26.67500000     26.15833333     26.06666667     27.80000000     27.60833333     27.48333333     27.27500000     27.20000000     27.10833333     27.09166667     26.75000000     25.98333333 
