  0.00000000E+00 -6.80616667E+01 -8.25180000E+01 -9.24746667E+01 -9.81563333E+01 -1.01552667E+02 -1.07357333E+02 -1.06146667E+02 -1.08490667E+02 -1.06854333E+02 -1.10359333E+02 -1.10145000E+02 -1.11662667E+02 -1.11042333E+02 -1.10005000E+02 -1.11278000E+02 -1.10023333E+02 -1.10894000E+02 -1.10983000E+02 -1.09394000E+02 -1.08470000E+02 -1.09433333E+02 -1.09178667E+02 -1.11867667E+02 -1.12145333E+02 
 -1.10038000E+02 -1.12421333E+02 -1.14761000E+02 -1.17570333E+02 -1.19275667E+02 -1.18670667E+02 -1.19818000E+02 -1.20447333E+02 -1.19512333E+02 -1.18778667E+02 -1.16060000E+02 -1.16187000E+02 -1.15179000E+02 -1.16481000E+02 -1.15469667E+02 -1.18663000E+02 -1.15854000E+02 -1.16490333E+02 -1.16997333E+02 -1.17595333E+02 -1.16826333E+02 -1.15470667E+02 -1.15695667E+02 -1.16338333E+02 -1.15689667E+02 
 -1.16533333E+02 -1.15594000E+02 -1.16116333E+02 -1.17181000E+02 -1.18359667E+02 -1.17416667E+02 -1.17386333E+02 -1.16940000E+02 -1.18923000E+02 -1.19077000E+02 -1.19331000E+02 -1.19402667E+02 -1.19951333E+02 -1.19532667E+02 -1.19997333E+02 -1.21310333E+02 -1.19305333E+02 -1.19094000E+02 -1.20591000E+02 -1.19186000E+02 -1.21239667E+02 -1.21146000E+02 -1.20837333E+02 -1.20175667E+02 -1.19818667E+02 
 -1.21171667E+02 -1.23690667E+02 -1.24520667E+02 -1.25043333E+02 -1.25413000E+02 -1.25149667E+02 -1.25824333E+02 -1.25383000E+02 -1.26069667E+02 -1.27672333E+02 -1.25511667E+02 -1.26132333E+02 -1.25726333E+02 -1.25370000E+02 -1.25008333E+02 -1.25400333E+02 -1.26174000E+02 -1.25093000E+02 -1.25030000E+02 -1.25014333E+02 -1.23249000E+02 -1.23891667E+02 -1.24256667E+02 -1.23729000E+02 -1.24821667E+02 
 -1.24994000E+02 -1.26510000E+02 -1.28321667E+02 -1.28025667E+02 -1.29039333E+02 -1.28498000E+02 -1.31177000E+02 -1.31152000E+02 -1.30999000E+02 -1.31335667E+02 -1.32430000E+02 -1.31875000E+02 -1.32961667E+02 -1.30956333E+02 -1.34559333E+02 -1.35701333E+02 -1.33660333E+02 -1.33388667E+02 -1.33731000E+02 -1.35139667E+02 -1.33716667E+02 -1.33446667E+02 -1.35825667E+02 -1.33113000E+02 -1.32200000E+02 
 -1.33212333E+02 -1.34476333E+02 -1.36108333E+02 -1.36064000E+02 -1.36505333E+02 -1.36121000E+02 -1.36347000E+02 -1.35555333E+02 -1.35933000E+02 -1.37019333E+02 -1.35916000E+02 -1.34752333E+02 -1.36775000E+02 -1.35017667E+02 -1.36251000E+02 -1.35985333E+02 -1.38603333E+02 -1.39525667E+02 -1.39228667E+02 -1.38219000E+02 -1.40326000E+02 -1.38389000E+02 -1.39692000E+02 -1.38383333E+02 -1.38314000E+02 
 -1.39291667E+02 -1.41217667E+02 -1.42020333E+02 -1.43702000E+02 -1.45776000E+02 -1.46479667E+02 -1.45235667E+02 -1.46519667E+02 -1.46190333E+02 -1.46811333E+02 -1.45536333E+02 -1.45913667E+02 -1.45122000E+02 -1.45269667E+02 -1.46029000E+02 -1.45305667E+02 -1.44495333E+02 -1.43169333E+02 -1.43769333E+02 -1.44772333E+02 -1.44550667E+02 -1.43653333E+02 -1.44346333E+02 -1.44710000E+02 -1.46940000E+02 
 -1.44390000E+02 -1.45896000E+02 -1.47041000E+02 -1.47157000E+02 -1.48773667E+02 -1.49618333E+02 -1.48140667E+02 -1.47309667E+02 -1.47125000E+02 -1.49374667E+02 -1.52122333E+02 -1.50884000E+02 -1.51291667E+02 -1.52832333E+02 -1.53394000E+02 -1.54432333E+02 -1.52726667E+02 -1.50477667E+02 -1.52216667E+02 -1.53163000E+02 -1.52616667E+02 -1.50675667E+02 -1.51381000E+02 -1.50027333E+02 -1.51266667E+02 
 -1.52689333E+02 -1.53276000E+02 -1.55631000E+02 -1.56957333E+02 -1.57886333E+02 -1.58554667E+02 -1.58092667E+02 -1.60449333E+02 -1.60155667E+02 -1.61479333E+02 -1.61772667E+02 -1.61450333E+02 -1.58211333E+02 -1.58166333E+02 -1.57974667E+02 -1.58748333E+02 -1.58484000E+02 -1.58427667E+02 -1.58168333E+02 -1.58229667E+02 -1.57036000E+02 -1.58923000E+02 -1.58329333E+02 -1.58181333E+02 -1.57697667E+02 
 -1.58269000E+02 -1.61093333E+02 -1.63089667E+02 -1.63579333E+02 -1.61713000E+02 -1.62048333E+02 -1.63308000E+02 -1.62308667E+02 -1.63359000E+02 -1.61937333E+02 -1.65386000E+02 -1.65391667E+02 -1.66640000E+02 -1.68067000E+02 -1.67896000E+02 -1.68722000E+02 -1.71065000E+02 -1.72121333E+02 -1.70395000E+02 -1.71208000E+02 -1.70436667E+02 -1.70699333E+02 -1.70831333E+02 -1.71505000E+02 -1.70481000E+02 
 -1.69625000E+02 -1.71598667E+02 -1.75934667E+02 -1.76079333E+02 -1.75835667E+02 -1.73231333E+02 -1.74031333E+02 -1.75062000E+02 -1.75816000E+02 -1.75772667E+02 -1.74728333E+02 -1.73043333E+02 -1.73269000E+02 -1.75399667E+02 -1.74606000E+02 -1.75599333E+02 -1.75709667E+02 -1.77788000E+02 -1.76847667E+02 -1.76512000E+02 -1.77639333E+02 -1.79508333E+02 -1.77516000E+02 -1.78881667E+02 -1.81143333E+02 
 -1.81547333E+02 -1.82936000E+02 -1.84002333E+02 -1.82307667E+02 -1.85642333E+02 -1.85881000E+02 -1.85099667E+02 -1.85441000E+02 -1.85626333E+02 -1.88262000E+02 -1.86000667E+02 -1.86803333E+02 -1.84236667E+02 -1.84057333E+02 -1.84263667E+02 -1.84947333E+02 -1.83441667E+02 -1.87709667E+02 -1.87913667E+02 -1.89690333E+02 -1.88786000E+02 -1.86088333E+02 -1.87354000E+02 -1.87979667E+02 -1.85522000E+02 
 -1.87745333E+02 -1.90047667E+02 -1.93451000E+02 -1.90956667E+02 -1.94454667E+02 -1.95045667E+02 -1.97728333E+02 -1.94117333E+02 -1.95518667E+02 -1.95664333E+02 -1.95089000E+02 -1.95851667E+02 -1.95210667E+02 -1.94168333E+02 -1.93005000E+02 -1.94774333E+02 -1.93854333E+02 -1.95139667E+02 -1.92914333E+02 -1.96746000E+02 -1.96619333E+02 -1.97599667E+02 -1.98318333E+02 -1.98656333E+02 -1.98831333E+02 
 -1.98175000E+02 -1.98945667E+02 -2.01224000E+02 -2.02425000E+02 -2.02716333E+02 -2.03648667E+02 -2.07348000E+02 -2.10390333E+02 -2.10360667E+02 -2.10525000E+02 -2.10413667E+02 -2.09180000E+02 -2.11166333E+02 -2.11477667E+02 -2.11480667E+02 -2.13034333E+02 -2.11822000E+02 -2.10543333E+02 -2.10093333E+02 -2.11113000E+02 -2.11598667E+02 -2.11528333E+02 -2.13382333E+02 -2.12303667E+02 -2.11725000E+02 
 -2.13196667E+02 -2.15427333E+02 -2.16025333E+02 -2.14804000E+02 -2.16163667E+02 -2.16873667E+02 -2.17066333E+02 -2.17198667E+02 -2.17789667E+02 -2.18800667E+02 -2.19332667E+02 -2.21244667E+02 -2.23116667E+02 -2.22507667E+02 -2.22688333E+02 -2.21501000E+02 -2.22396000E+02 -2.22712000E+02 -2.25822333E+02 -2.26320667E+02 -2.23875333E+02 -2.23812333E+02 -2.22625667E+02 -2.21991667E+02 -2.20323000E+02 
 -2.18375667E+02 -2.21331333E+02 -2.23568333E+02 -2.23988333E+02 -2.24761333E+02 -2.26224333E+02 -2.24874333E+02 -2.27972667E+02 -2.28993667E+02 -2.30677333E+02 -2.29979667E+02 -2.30714333E+02 -2.31285667E+02 -2.33661667E+02 -2.33846000E+02 -2.33645000E+02 -2.34693000E+02 -2.35604667E+02 -2.35661000E+02 -2.37528333E+02 -2.35882000E+02 -2.37001667E+02 -2.36472000E+02 -2.36238000E+02 -2.36159667E+02 
 -2.38003000E+02 -2.41248333E+02 -2.41304333E+02 -2.42389333E+02 -2.46079667E+02 -2.46184000E+02 -2.46178000E+02 -2.45687667E+02 -2.47976333E+02 -2.46433000E+02 -2.46266333E+02 -2.44293000E+02 -2.46428333E+02 -2.45873667E+02 -2.43899667E+02 -2.42995000E+02 -2.43035000E+02 -2.44495000E+02 -2.46455000E+02 -2.48284667E+02 -2.47087333E+02 -2.47096000E+02 -2.50245667E+02 -2.49637667E+02 -2.46750667E+02 
 -2.49051333E+02 -2.51726667E+02 -2.54237000E+02 -2.57015000E+02 -2.57551000E+02 -2.59863333E+02 -2.60707667E+02 -2.62830000E+02 -2.61818667E+02 -2.63597333E+02 -2.65154667E+02 -2.65236333E+02 -2.66593667E+02 -2.66012000E+02 -2.65549667E+02 -2.65390333E+02 -2.67289000E+02 -2.69505000E+02 -2.67584333E+02 -2.70487333E+02 -2.71884667E+02 -2.72708667E+02 -2.73394333E+02 -2.74747667E+02 -2.71580333E+02 
 -2.70648667E+02 -2.74852667E+02 -2.73620667E+02 -2.78673667E+02 -2.80340000E+02 -2.79078333E+02 -2.79339667E+02 -2.79446000E+02 -2.80628667E+02 -2.81510333E+02 -2.81773667E+02 -2.81958000E+02 -2.83875000E+02 -2.84630000E+02 -2.84236667E+02 -2.84638000E+02 -2.85637333E+02 -2.87610333E+02 -2.90011000E+02 -2.89448333E+02 -2.90459667E+02 -2.90798000E+02 -2.92463333E+02 -2.93107333E+02 -2.92632000E+02 
 -2.89972333E+02 -2.94739000E+02 -2.98053333E+02 -2.99659000E+02 -3.01758333E+02 -3.01127333E+02 -3.01905000E+02 -3.02023333E+02 -3.05932333E+02 -3.05434667E+02 -3.06230000E+02 -3.07348333E+02 -3.10025667E+02 -3.08512667E+02 -3.09879333E+02 -3.14373000E+02 -3.15443667E+02 -3.17514667E+02 -3.16751667E+02 -3.16520000E+02 -3.15660667E+02 -3.14740667E+02 -3.15288333E+02 -3.13844000E+02 -3.12993333E+02 
 -3.13259000E+02 -3.17898333E+02 -3.17386000E+02 -3.17453000E+02 -3.20354667E+02 -3.18804667E+02 -3.18776667E+02 -3.23146667E+02 -3.24417667E+02 -3.23843667E+02 -3.26889333E+02 -3.27904667E+02 -3.28130000E+02 -3.28601667E+02 -3.27057333E+02 -3.27278667E+02 -3.30031333E+02 -3.32459667E+02 -3.32589000E+02 -3.33072333E+02 -3.34963667E+02 -3.35920000E+02 -3.35237333E+02 -3.36135667E+02 -3.36689667E+02 
 -3.36685333E+02 -3.39508333E+02 -3.41595333E+02 -3.44817000E+02 -3.45507000E+02 -3.46788000E+02 -3.49947000E+02 -3.50871667E+02 -3.49678667E+02 -3.51447000E+02 -3.53504000E+02 -3.54500333E+02 -3.55314000E+02 -3.55207667E+02 -3.57581667E+02 -3.60118333E+02 -3.61668667E+02 -3.64440000E+02 -3.64928000E+02 -3.66741333E+02 -3.68209000E+02 -3.70123333E+02 -3.67592667E+02 -3.68728333E+02 -3.68657333E+02 
 -3.71668333E+02 -3.73347667E+02 -3.73387333E+02 -3.75181333E+02 -3.74524000E+02 -3.77773667E+02 -3.79347333E+02 -3.80283667E+02 -3.82963667E+02 -3.82406333E+02 -3.84719333E+02 -3.85718667E+02 -3.86069000E+02 -3.88928667E+02 -3.88427333E+02 -3.88779000E+02 -3.91293667E+02 -3.91667667E+02 -3.94403667E+02 -3.94545333E+02 -3.93066000E+02 -3.94535333E+02 -3.93398333E+02 -3.95039333E+02 -3.94887000E+02 
 -3.92371000E+02 -3.94733000E+02 -3.97964667E+02 -3.96934667E+02 -4.00008667E+02 -3.98125333E+02 -4.00052000E+02 -4.01597000E+02 -4.04367333E+02 -4.05894000E+02 -4.07323333E+02 -4.12339000E+02 -4.11254333E+02 -4.10829667E+02 -4.14141000E+02 -4.13111333E+02 -4.13441333E+02 -4.13866333E+02 -4.17178000E+02 -4.19237333E+02 -4.21993667E+02 -4.20715000E+02 -4.22639333E+02 -4.24093667E+02 -4.25434000E+02 
 -4.24832000E+02 -4.29034667E+02 -4.31767000E+02 -4.34350333E+02 -4.37835667E+02 -4.40064000E+02 -4.40632667E+02 -4.42119667E+02 -4.41985667E+02 -4.43585000E+02 -4.44606333E+02 -4.45669000E+02 -4.49168333E+02 -4.49683333E+02 -4.49849667E+02 -4.52490000E+02 -4.56784667E+02 -4.56035333E+02 -4.57415667E+02 -4.58147667E+02 -4.57544667E+02 -4.60991333E+02 -4.63768667E+02 -4.63322667E+02 -4.65883333E+02 
 -4.66960000E+02 -4.70405000E+02 -4.73573333E+02 -4.73677333E+02 -4.75579000E+02 -4.74747333E+02 -4.76344333E+02 -4.77110000E+02 -4.79996667E+02 -4.81063000E+02 -4.81474000E+02 -4.80501667E+02 -4.81185333E+02 -4.83478000E+02 -4.84474000E+02 -4.85649000E+02 -4.87626000E+02 -4.89424000E+02 -4.92718000E+02 -4.93365333E+02 -4.94538000E+02 -4.96946667E+02 -5.00912000E+02 -5.01597667E+02 -5.02076000E+02 
 -5.03547667E+02 -5.08083667E+02 -5.12297667E+02 -5.15481667E+02 -5.16335333E+02 -5.19574333E+02 -5.23614333E+02 -5.26296000E+02 -5.28341000E+02 -5.31478333E+02 -5.34594333E+02 -5.35442667E+02 -5.38430333E+02 -5.41040000E+02 -5.41384667E+02 -5.41949333E+02 -5.42895000E+02 -5.44465000E+02 -5.44617667E+02 -5.49061333E+02 -5.48742667E+02 -5.49160000E+02 -5.51356667E+02 -5.54974000E+02 -5.57153667E+02 
 -5.57251667E+02 -5.62555667E+02 -5.65323667E+02 -5.68002000E+02 -5.68112667E+02 -5.69276000E+02 -5.71399667E+02 -5.74099667E+02 -5.75763333E+02 -5.80769333E+02 -5.83823000E+02 -5.83836333E+02 -5.87671333E+02 -5.88982333E+02 -5.88473333E+02 -5.93655333E+02 -5.96128000E+02 -5.98651333E+02 -6.00085000E+02 -6.01787667E+02 -6.03995000E+02 -6.06129000E+02 -6.09200333E+02 -6.09564333E+02 -6.12268667E+02 
 -6.10673667E+02 -6.15132000E+02 -6.17167667E+02 -6.21650000E+02 -6.24587667E+02 -6.30189000E+02 -6.34605000E+02 -6.37872667E+02 -6.41214000E+02 -6.40767667E+02 -6.43810333E+02 -6.46992667E+02 -6.50685333E+02 -6.53511333E+02 -6.57901000E+02 -6.58377667E+02 -6.62937000E+02 -6.63757667E+02 -6.66262667E+02 -6.69859000E+02 -6.73059333E+02 -6.74272667E+02 -6.76008333E+02 -6.77489667E+02 -6.77625333E+02 
 -6.81398667E+02 -6.87186000E+02 -6.91932000E+02 -6.96310667E+02 -6.98384000E+02 -7.02914000E+02 -7.05260000E+02 -7.10539000E+02 -7.13406667E+02 -7.17141667E+02 -7.19186667E+02 -7.23223667E+02 -7.27511667E+02 -7.29582000E+02 -7.32448333E+02 -7.33757667E+02 -7.37726667E+02 -7.43350000E+02 -7.43106333E+02 -7.43402333E+02 -7.44443333E+02 -7.45757667E+02 -7.44329667E+02 -7.45685000E+02 -7.46834000E+02 
 -7.49694000E+02 -7.51647000E+02 -7.56253667E+02 -7.59261000E+02 -7.62489333E+02 -7.65564333E+02 -7.71243000E+02 -7.76088667E+02 -7.80573667E+02 -7.81708000E+02 -7.83850000E+02 -7.87358000E+02 -7.87494333E+02 -7.91214667E+02 -7.94407667E+02 -7.97495667E+02 -8.00582000E+02 -8.02863333E+02 -8.05212000E+02 -8.04761333E+02 -8.10249667E+02 -8.14217333E+02 -8.16326333E+02 -8.18661333E+02 -8.23210667E+02 
 -8.20993000E+02 -8.29079333E+02 -8.30830333E+02 -8.36977667E+02 -8.39711000E+02 -8.43004333E+02 -8.47372667E+02 -8.49813667E+02 -8.53212333E+02 -8.54899667E+02 -8.56389667E+02 -8.59760333E+02 -8.62658333E+02 -8.67018333E+02 -8.72528667E+02 -8.76387667E+02 -8.80374000E+02 -8.81911667E+02 -8.84536667E+02 -8.84944333E+02 -8.89454333E+02 -8.89757000E+02 -8.95563333E+02 -8.97250667E+02 -9.03691667E+02 
 -9.04864333E+02 -9.10965667E+02 -9.12248000E+02 -9.19767000E+02 -9.23483000E+02 -9.27673000E+02 -9.30503333E+02 -9.34512000E+02 -9.34332333E+02 -9.37388667E+02 -9.41369333E+02 -9.43296333E+02 -9.48714000E+02 -9.53439333E+02 -9.58357667E+02 -9.63341333E+02 -9.67518000E+02 -9.72753000E+02 -9.75693333E+02 -9.82621000E+02 -9.86061667E+02 -9.88870000E+02 -9.91003667E+02 -9.94003000E+02 -9.99636667E+02 
 -1.00052833E+03 -1.00983400E+03 -1.01503867E+03 -1.01912200E+03 -1.02300233E+03 -1.02756367E+03 -1.03150467E+03 -1.03330600E+03 -1.03620733E+03 -1.03828267E+03 -1.04091300E+03 -1.04504633E+03 -1.05046533E+03 -1.05496300E+03 -1.06000967E+03 -1.06322800E+03 -1.06893600E+03 -1.07139233E+03 -1.07614267E+03 -1.08090333E+03 -1.08234300E+03 -1.08763167E+03 -1.09236433E+03 -1.09463567E+03 -1.09836567E+03 
 -1.09958533E+03 -1.10973333E+03 -1.11363033E+03 -1.11629300E+03 -1.12436667E+03 -1.13128967E+03 -1.13611167E+03 -1.14245633E+03 -1.14706133E+03 -1.15257567E+03 -1.16035367E+03 -1.16525367E+03 -1.17105500E+03 -1.17633233E+03 -1.17976067E+03 -1.18744600E+03 -1.19202633E+03 -1.19674667E+03 -1.20037533E+03 -1.20760733E+03 -1.21252267E+03 -1.21902233E+03 -1.22131300E+03 -1.22617633E+03 -1.22937133E+03 
 -1.23075133E+03 -1.23964600E+03 -1.24602600E+03 -1.25036133E+03 -1.25939800E+03 -1.26597033E+03 -1.27209800E+03 -1.27914200E+03 -1.28466567E+03 -1.28758300E+03 -1.29401067E+03 -1.29954967E+03 -1.30521100E+03 -1.31487367E+03 -1.31931933E+03 -1.32476933E+03 -1.33004633E+03 -1.33286800E+03 -1.33878167E+03 -1.34583200E+03 -1.34931133E+03 -1.35366667E+03 -1.36078433E+03 -1.36740467E+03 -1.37167967E+03 
 -1.37697133E+03 -1.38274000E+03 -1.39132867E+03 -1.39641567E+03 -1.40438667E+03 -1.40819600E+03 -1.41549733E+03 -1.42063467E+03 -1.42868133E+03 -1.43269967E+03 -1.43904400E+03 -1.44473367E+03 -1.44944800E+03 -1.45931667E+03 -1.46377767E+03 -1.47059800E+03 -1.47506633E+03 -1.47961233E+03 -1.48566833E+03 -1.48960933E+03 -1.49665600E+03 -1.49967367E+03 -1.50547933E+03 -1.51250033E+03 -1.51773167E+03 
 -1.52501233E+03 -1.53340433E+03 -1.54236967E+03 -1.54823267E+03 -1.55739767E+03 -1.56509933E+03 -1.57047033E+03 -1.57962233E+03 -1.58469533E+03 -1.59389633E+03 -1.59947033E+03 -1.60609833E+03 -1.61286367E+03 -1.62084767E+03 -1.63013733E+03 -1.63630933E+03 -1.64232200E+03 -1.64781300E+03 -1.65742267E+03 -1.66250267E+03 -1.66888300E+03 -1.67467333E+03 -1.67893067E+03 -1.68580433E+03 -1.68913000E+03 
 -1.69412267E+03 -1.70332333E+03 -1.71138800E+03 -1.71736433E+03 -1.72602700E+03 -1.73343333E+03 -1.74211667E+03 -1.75163867E+03 -1.75799000E+03 -1.76482467E+03 -1.77001200E+03 -1.77639067E+03 -1.78676233E+03 -1.79351833E+03 -1.79891267E+03 -1.80604167E+03 -1.81140467E+03 -1.81842900E+03 -1.82622400E+03 -1.83469100E+03 -1.84220200E+03 -1.85011800E+03 -1.85538433E+03 -1.86464367E+03 -1.87134833E+03 
 -1.88321133E+03 -1.89035900E+03 -1.90000867E+03 -1.91063000E+03 -1.91972300E+03 -1.92592333E+03 -1.93610967E+03 -1.94289800E+03 -1.95297200E+03 -1.95944067E+03 -1.96743467E+03 -1.97626067E+03 -1.98391767E+03 -1.99256733E+03 -1.99755300E+03 -2.00855533E+03 -2.01362533E+03 -2.02197633E+03 -2.03190233E+03 -2.03361267E+03 -2.04194867E+03 -2.04849233E+03 -2.05699900E+03 -2.06695667E+03 -2.07406167E+03 
 -2.08126233E+03 -2.09002400E+03 -2.09908367E+03 -2.10775700E+03 -2.11976700E+03 -2.12918267E+03 -2.13745933E+03 -2.14668933E+03 -2.15292000E+03 -2.16060600E+03 -2.16916567E+03 -2.17909600E+03 -2.18597733E+03 -2.19714967E+03 -2.20683667E+03 -2.21526667E+03 -2.22094867E+03 -2.23037667E+03 -2.23919867E+03 -2.24735233E+03 -2.25478500E+03 -2.26429633E+03 -2.27228500E+03 -2.28092367E+03 -2.29069433E+03 
 -2.29976600E+03 -2.30915933E+03 -2.31688300E+03 -2.32694267E+03 -2.33685467E+03 -2.34657767E+03 -2.35497767E+03 -2.36577033E+03 -2.37310967E+03 -2.38428067E+03 -2.39317467E+03 -2.40294300E+03 -2.41298333E+03 -2.42375533E+03 -2.43501900E+03 -2.44041933E+03 -2.44909667E+03 -2.45884833E+03 -2.46871067E+03 -2.48253267E+03 -2.49151300E+03 -2.49944100E+03 -2.50988533E+03 -2.51908700E+03 -2.52747400E+03 
 -2.53598100E+03 -2.55030567E+03 -2.56371867E+03 -2.57434500E+03 -2.58890600E+03 -2.59830800E+03 -2.60905000E+03 -2.61488833E+03 -2.62392833E+03 -2.63259367E+03 -2.64318833E+03 -2.65282967E+03 -2.66377867E+03 -2.67073367E+03 -2.68398500E+03 -2.69314733E+03 -2.70136700E+03 -2.71005933E+03 -2.71907633E+03 -2.72901733E+03 -2.73868133E+03 -2.74734333E+03 -2.75662800E+03 -2.76440833E+03 -2.77382700E+03 
 -2.78306167E+03 -2.79615633E+03 -2.80603267E+03 -2.81625633E+03 -2.82538900E+03 -2.83947700E+03 -2.85258467E+03 -2.86158633E+03 -2.87287467E+03 -2.88333800E+03 -2.89433500E+03 -2.90186467E+03 -2.91179533E+03 -2.92216800E+03 -2.93567033E+03 -2.94518067E+03 -2.95497067E+03 -2.96639300E+03 -2.97736867E+03 -2.98919700E+03 -2.99914000E+03 -3.00735900E+03 -3.01834700E+03 -3.02734967E+03 -3.03741133E+03 
 -3.04637533E+03 -3.05989500E+03 -3.07106367E+03 -3.08138700E+03 -3.09391400E+03 -3.10404267E+03 -3.11536133E+03 -3.12630700E+03 -3.13800600E+03 -3.14818833E+03 -3.15916333E+03 -3.16923167E+03 -3.18029900E+03 -3.18841033E+03 -3.19874500E+03 -3.20894333E+03 -3.21913767E+03 -3.22657367E+03 -3.23739733E+03 -3.24974967E+03 -3.26097133E+03 -3.27149067E+03 -3.28205600E+03 -3.29432067E+03 -3.30128733E+03 
 -3.31308167E+03 -3.32909933E+03 -3.34028167E+03 -3.35238633E+03 -3.36375167E+03 -3.37640800E+03 -3.38830433E+03 -3.39961567E+03 -3.41039000E+03 -3.42182533E+03 -3.43376600E+03 -3.44421633E+03 -3.45548000E+03 -3.46574667E+03 -3.47521100E+03 -3.48835800E+03 -3.49934700E+03 -3.50942700E+03 -3.52080700E+03 -3.53129100E+03 -3.54437233E+03 -3.55420700E+03 -3.56598767E+03 -3.57515100E+03 -3.58821967E+03 
 -3.59970600E+03 -3.61065800E+03 -3.62111967E+03 -3.63171167E+03 -3.64648400E+03 -3.65509000E+03 -3.66587633E+03 -3.67536433E+03 -3.68953633E+03 -3.69960933E+03 -3.70923133E+03 -3.72001233E+03 -3.72979333E+03 -3.74002933E+03 -3.75151500E+03 -3.75997900E+03 -3.77203967E+03 -3.78672667E+03 -3.79670433E+03 -3.80800467E+03 -3.81866267E+03 -3.82909433E+03 -3.83835467E+03 -3.85088533E+03 -3.86131900E+03 
 -3.87187300E+03 -3.88464433E+03 -3.89744000E+03 -3.91029367E+03 -3.92008133E+03 -3.92996267E+03 -3.94230400E+03 -3.95220867E+03 -3.96396367E+03 -3.97465800E+03 -3.98658967E+03 -3.99797667E+03 -4.00743200E+03 -4.01667600E+03 -4.02675000E+03 -4.03614967E+03 -4.04683533E+03 -4.05537100E+03 -4.06786533E+03 -4.07734033E+03 -4.08646333E+03 -4.09755167E+03 -4.11041933E+03 -4.12070433E+03 -4.13057633E+03 
 -4.14048267E+03 -4.15292667E+03 -4.16268233E+03 -4.17471033E+03 -4.18437500E+03 -4.19661400E+03 -4.20749900E+03 -4.21998233E+03 -4.22977733E+03 -4.24163767E+03 -4.25314367E+03 -4.26541800E+03 -4.27621233E+03 -4.28579500E+03 -4.29757833E+03 -4.30778667E+03 -4.31683967E+03 -4.32751767E+03 -4.33991567E+03 -4.34834700E+03 -4.35737533E+03 -4.36586133E+03 -4.37548967E+03 -4.38538267E+03 -4.39557933E+03 
 -4.40451833E+03 -4.41466200E+03 -4.42321867E+03 -4.43617533E+03 -4.44535967E+03 -4.45606767E+03 -4.46735400E+03 -4.47772400E+03 -4.49013100E+03 -4.49935433E+03 -4.50687067E+03 -4.51722567E+03 -4.52304200E+03 -4.53343967E+03 -4.54365733E+03 -4.55314200E+03 -4.56086367E+03 -4.57083467E+03 -4.57894067E+03 -4.58810667E+03 -4.59741033E+03 -4.60818700E+03 -4.61776200E+03 -4.62525367E+03 -4.63502267E+03 
 -4.64581267E+03 -4.65896533E+03 -4.66871800E+03 -4.67868467E+03 -4.68916333E+03 -4.69842067E+03 -4.70857267E+03 -4.71800100E+03 -4.72805033E+03 -4.73759733E+03 -4.74577733E+03 -4.75501167E+03 -4.76442333E+03 -4.77429767E+03 -4.78582200E+03 -4.79467800E+03 -4.80437500E+03 -4.81606133E+03 -4.82488200E+03 -4.83307767E+03 -4.84319067E+03 -4.85013000E+03 -4.85762300E+03 -4.86861000E+03 -4.87745167E+03 
 -4.88750100E+03 -4.89877600E+03 -4.90835567E+03 -4.91931667E+03 -4.92761700E+03 -4.93673367E+03 -4.94509733E+03 -4.95485100E+03 -4.96519000E+03 -4.97551867E+03 -4.98195867E+03 -4.99314200E+03 -5.00001700E+03 -5.00999967E+03 -5.01831600E+03 -5.02739500E+03 -5.03642767E+03 -5.04647167E+03 -5.05751300E+03 -5.06428467E+03 -5.07383967E+03 -5.08191633E+03 -5.08735367E+03 -5.09568433E+03 -5.10406100E+03 
 -5.11163400E+03 -5.11826967E+03 -5.12240167E+03 -5.12869300E+03 -5.13623033E+03 -5.14398067E+03 -5.14903133E+03 -5.15409900E+03 -5.15886033E+03 -5.16593167E+03 -5.17277467E+03 -5.18075167E+03 -5.18607033E+03 -5.18967267E+03 -5.19384833E+03 -5.20054767E+03 -5.20535900E+03 -5.21144933E+03 -5.21686767E+03 -5.22263100E+03 -5.22892900E+03 -5.23429967E+03 -5.23840833E+03 -5.24613100E+03 -5.25179633E+03 
 -5.25830167E+03 -5.26286167E+03 -5.26852333E+03 -5.27288067E+03 -5.27823767E+03 -5.28219367E+03 -5.28717333E+03 -5.29149533E+03 -5.29559600E+03 -5.30202567E+03 -5.30709833E+03 -5.31115233E+03 -5.31548600E+03 -5.32111933E+03 -5.32437733E+03 -5.32955167E+03 -5.33462533E+03 -5.33822033E+03 -5.34208267E+03 -5.34698800E+03 -5.34906467E+03 -5.35411100E+03 -5.35776400E+03 -5.36042433E+03 -5.36241967E+03 
 -5.36643000E+03 -5.36881567E+03 -5.36983900E+03 -5.37320667E+03 -5.37565633E+03 -5.37819467E+03 -5.37972933E+03 -5.38341333E+03 -5.38471300E+03 -5.38802567E+03 -5.38928200E+03 -5.39094467E+03 -5.39278900E+03 -5.39364800E+03 -5.39427500E+03 -5.39587633E+03 -5.39809667E+03 -5.39835700E+03 -5.40007267E+03 -5.40128300E+03 -5.40330400E+03 -5.40534300E+03 -5.40780133E+03 -5.40891700E+03 -5.41072267E+03 
 -5.41126300E+03 -5.41070533E+03 -5.40939167E+03 -5.40948200E+03 -5.40860467E+03 -5.41249167E+03 -5.41137433E+03 -5.41160833E+03 -5.41246133E+03 -5.41280000E+03 -5.41425067E+03 -5.41564467E+03 -5.41491633E+03 -5.41692800E+03 -5.41567533E+03 -5.41770133E+03 -5.41801767E+03 -5.41661067E+03 -5.41751400E+03 -5.41702933E+03 -5.41923500E+03 -5.41816633E+03 -5.41684533E+03 -5.41761733E+03 -5.41632733E+03 
 -5.41776933E+03 -5.41752200E+03 -5.41619233E+03 -5.41774533E+03 -5.41956733E+03 -5.42195667E+03 -5.41848933E+03 -5.41832833E+03 -5.41740333E+03 -5.41566833E+03 -5.41260500E+03 -5.41358567E+03 -5.41228933E+03 -5.41256133E+03 -5.41133733E+03 -5.41042767E+03 -5.41177267E+03 -5.41275633E+03 -5.40861967E+03 -5.40815867E+03 -5.40838067E+03 -5.40948633E+03 -5.40848000E+03 -5.40982200E+03 -5.40969333E+03 
 -5.40900600E+03 -5.40622067E+03 -5.40469400E+03 -5.40122567E+03 -5.39778833E+03 -5.39526300E+03 -5.39440200E+03 -5.39229667E+03 -5.38926800E+03 -5.38794100E+03 -5.38465800E+03 -5.38345533E+03 -5.37952467E+03 -5.37470667E+03 -5.37218433E+03 -5.37280767E+03 -5.37083000E+03 -5.36777100E+03 -5.36654567E+03 -5.36568700E+03 -5.36298200E+03 -5.36094633E+03 -5.35963633E+03 -5.35928667E+03 -5.35824633E+03 
 -5.35711267E+03 -5.35308733E+03 -5.35040867E+03 -5.34637400E+03 -5.34297633E+03 -5.33844633E+03 -5.33799700E+03 -5.33569033E+03 -5.33256167E+03 -5.32897867E+03 -5.32246367E+03 -5.32183967E+03 -5.31812333E+03 -5.31399833E+03 -5.31199700E+03 -5.30770633E+03 -5.30472000E+03 -5.30393467E+03 -5.30156733E+03 -5.30048767E+03 -5.29749833E+03 -5.29232800E+03 -5.28974267E+03 -5.28854633E+03 -5.28645700E+03 
 -5.28311067E+03 -5.27694933E+03 -5.27149733E+03 -5.26717967E+03 -5.26067100E+03 -5.25595467E+03 -5.25156567E+03 -5.24631300E+03 -5.24152433E+03 -5.23610533E+03 -5.23263100E+03 -5.23108867E+03 -5.22687533E+03 -5.22279800E+03 -5.21804667E+03 -5.21593667E+03 -5.21077867E+03 -5.20799500E+03 -5.20374767E+03 -5.20039833E+03 -5.19600633E+03 -5.19339100E+03 -5.19034633E+03 -5.18704033E+03 -5.18335433E+03 
 -5.17920067E+03 -5.17274767E+03 -5.16936300E+03 -5.16381700E+03 -5.15509633E+03 -5.15054900E+03 -5.14761000E+03 -5.14217700E+03 -5.13584800E+03 -5.13160000E+03 -5.12478300E+03 -5.11758333E+03 -5.11227533E+03 -5.10752233E+03 -5.10487133E+03 -5.09864267E+03 -5.09291100E+03 -5.09018400E+03 -5.08498900E+03 -5.08165833E+03 -5.07916100E+03 -5.07245800E+03 -5.06873433E+03 -5.06603167E+03 -5.06175800E+03 
 -5.05772033E+03 -5.05321500E+03 -5.04694967E+03 -5.04011700E+03 -5.03271000E+03 -5.02820833E+03 -5.02130467E+03 -5.01623800E+03 -5.01012433E+03 -5.00729000E+03 -4.99911633E+03 -4.99307233E+03 -4.98755367E+03 -4.98106700E+03 -4.97643367E+03 -4.97100067E+03 -4.96658400E+03 -4.95827000E+03 -4.95043067E+03 -4.94680767E+03 -4.94173700E+03 -4.93458567E+03 -4.92716133E+03 -4.92442900E+03 -4.91839900E+03 
 -4.91436633E+03 -4.90596300E+03 -4.90038833E+03 -4.89143600E+03 -4.88387633E+03 -4.87717567E+03 -4.86739200E+03 -4.85972600E+03 -4.85292867E+03 -4.84798767E+03 -4.83888667E+03 -4.83206400E+03 -4.82340133E+03 -4.81860433E+03 -4.80798633E+03 -4.80150400E+03 -4.79283800E+03 -4.78548167E+03 -4.77828733E+03 -4.77261467E+03 -4.76456667E+03 -4.75996267E+03 -4.75013333E+03 -4.74502700E+03 -4.73790767E+03 
 -4.73251267E+03 -4.72199000E+03 -4.71030767E+03 -4.70219867E+03 -4.69268400E+03 -4.68576167E+03 -4.67806033E+03 -4.66786467E+03 -4.65820767E+03 -4.65072233E+03 -4.64337433E+03 -4.63316533E+03 -4.62733400E+03 -4.61971167E+03 -4.61149300E+03 -4.60246833E+03 -4.59418167E+03 -4.58399600E+03 -4.57599967E+03 -4.56846700E+03 -4.55824933E+03 -4.54850133E+03 -4.54144300E+03 -4.53212300E+03 -4.52262233E+03 
 -4.51486167E+03 -4.50128933E+03 -4.49109400E+03 -4.48267533E+03 -4.47049733E+03 -4.45907633E+03 -4.44962133E+03 -4.43795733E+03 -4.42690733E+03 -4.41716567E+03 -4.40816667E+03 -4.40104333E+03 -4.39221367E+03 -4.37996400E+03 -4.36715933E+03 -4.35645300E+03 -4.34708867E+03 -4.33951100E+03 -4.33061733E+03 -4.32083833E+03 -4.30917133E+03 -4.29914500E+03 -4.29036033E+03 -4.28239867E+03 -4.27097567E+03 
 -4.26300667E+03 -4.24825733E+03 -4.23849000E+03 -4.22496100E+03 -4.21572733E+03 -4.20201767E+03 -4.18984233E+03 -4.18119500E+03 -4.16740467E+03 -4.15559733E+03 -4.14518267E+03 -4.13477700E+03 -4.12597733E+03 -4.11370000E+03 -4.10267700E+03 -4.09127667E+03 -4.07949000E+03 -4.07038467E+03 -4.05957367E+03 -4.05008033E+03 -4.03937933E+03 -4.02907567E+03 -4.01761700E+03 -4.00744533E+03 -3.99850267E+03 
 -3.98610900E+03 -3.97030200E+03 -3.95843067E+03 -3.94372200E+03 -3.93078967E+03 -3.92027333E+03 -3.90773600E+03 -3.89515667E+03 -3.88289600E+03 -3.87171733E+03 -3.85940900E+03 -3.84742200E+03 -3.83509833E+03 -3.82151967E+03 -3.81114333E+03 -3.79965133E+03 -3.78666400E+03 -3.77542300E+03 -3.76546900E+03 -3.75503267E+03 -3.74321100E+03 -3.73124533E+03 -3.72126533E+03 -3.71154867E+03 -3.69969567E+03 
 -3.68950933E+03 -3.67600433E+03 -3.66488833E+03 -3.65011333E+03 -3.63371067E+03 -3.61845467E+03 -3.60735800E+03 -3.59298400E+03 -3.58014467E+03 -3.57037367E+03 -3.55512167E+03 -3.54265000E+03 -3.53137967E+03 -3.51779133E+03 -3.50581333E+03 -3.49345100E+03 -3.47878833E+03 -3.46768400E+03 -3.45511733E+03 -3.44033067E+03 -3.42460500E+03 -3.41057000E+03 -3.39943367E+03 -3.38602167E+03 -3.37701467E+03 
 -3.36633900E+03 -3.35060167E+03 -3.33783633E+03 -3.32341000E+03 -3.30924267E+03 -3.29664700E+03 -3.28713700E+03 -3.27062133E+03 -3.25678733E+03 -3.24381267E+03 -3.23158233E+03 -3.21925367E+03 -3.20436100E+03 -3.18950833E+03 -3.17629067E+03 -3.16096733E+03 -3.14796067E+03 -3.13545700E+03 -3.12543400E+03 -3.11288233E+03 -3.09619533E+03 -3.08351167E+03 -3.06964733E+03 -3.05444433E+03 -3.04356167E+03 
 -3.02583000E+03 -3.01228100E+03 -2.99760700E+03 -2.98181600E+03 -2.96877367E+03 -2.95328633E+03 -2.93718600E+03 -2.92487800E+03 -2.91017467E+03 -2.89504833E+03 -2.88073167E+03 -2.87024800E+03 -2.85391700E+03 -2.84250667E+03 -2.83005867E+03 -2.81729500E+03 -2.80336133E+03 -2.78860067E+03 -2.77216333E+03 -2.76007200E+03 -2.74513667E+03 -2.73095233E+03 -2.71959733E+03 -2.70550667E+03 -2.69494133E+03 
 -2.68281933E+03 -2.66744800E+03 -2.65077800E+03 -2.63222633E+03 -2.61661967E+03 -2.60458067E+03 -2.58914067E+03 -2.57306033E+03 -2.55989933E+03 -2.54278933E+03 -2.52962167E+03 -2.51516033E+03 -2.50195533E+03 -2.48735633E+03 -2.47491100E+03 -2.46192167E+03 -2.45034867E+03 -2.43785333E+03 -2.42288667E+03 -2.40996433E+03 -2.39495767E+03 -2.38394167E+03 -2.37210233E+03 -2.35835133E+03 -2.34348767E+03 
 -2.32947467E+03 -2.31170733E+03 -2.29761567E+03 -2.28512200E+03 -2.27327667E+03 -2.25847467E+03 -2.24596500E+03 -2.23442867E+03 -2.21996667E+03 -2.20389833E+03 -2.18727433E+03 -2.17161667E+03 -2.15896500E+03 -2.14295533E+03 -2.13022033E+03 -2.11958367E+03 -2.10670433E+03 -2.09225633E+03 -2.08148967E+03 -2.06679600E+03 -2.05448067E+03 -2.04364700E+03 -2.03279233E+03 -2.02012733E+03 -2.00881433E+03 
 -1.99879067E+03 -1.98420733E+03 -1.97340267E+03 -1.95929633E+03 -1.94519933E+03 -1.93077733E+03 -1.91437033E+03 -1.90307667E+03 -1.88928833E+03 -1.87302933E+03 -1.86083000E+03 -1.84648833E+03 -1.83273967E+03 -1.82287533E+03 -1.81192300E+03 -1.79931000E+03 -1.78790500E+03 -1.77540133E+03 -1.76237533E+03 -1.74977100E+03 -1.73948033E+03 -1.72716933E+03 -1.71499333E+03 -1.70261433E+03 -1.69414433E+03 
 -1.68122733E+03 -1.66998933E+03 -1.65210033E+03 -1.63800933E+03 -1.62909700E+03 -1.61622267E+03 -1.60240467E+03 -1.59143433E+03 -1.58242600E+03 -1.56850100E+03 -1.55654600E+03 -1.54591567E+03 -1.53255933E+03 -1.52038433E+03 -1.50963733E+03 -1.49942200E+03 -1.48731633E+03 -1.47756233E+03 -1.46655233E+03 -1.45537867E+03 -1.44588200E+03 -1.43550567E+03 -1.42462600E+03 -1.41377900E+03 -1.40497000E+03 
 -1.39522633E+03 -1.38295067E+03 -1.37116100E+03 -1.36032067E+03 -1.35009733E+03 -1.33773100E+03 -1.32651133E+03 -1.31381867E+03 -1.30129233E+03 -1.29291800E+03 -1.28382300E+03 -1.27208667E+03 -1.26243567E+03 -1.25584067E+03 -1.24510400E+03 -1.23773833E+03 -1.22498500E+03 -1.21238500E+03 -1.20685367E+03 -1.19994600E+03 -1.19430167E+03 -1.18734333E+03 -1.18223367E+03 -1.17216500E+03 -1.16550200E+03 
 -1.15598800E+03 -1.14515833E+03 -1.13047533E+03 -1.12180100E+03 -1.11230667E+03 -1.10226667E+03 -1.09403433E+03 -1.08794167E+03 -1.07747800E+03 -1.06614300E+03 -1.05760867E+03 -1.04906100E+03 -1.04018267E+03 -1.03384767E+03 -1.02701433E+03 -1.02016000E+03 -1.01110300E+03 -1.00614133E+03 -9.98958333E+02 -9.95882333E+02 -9.88581000E+02 -9.84103667E+02 -9.77445000E+02 -9.69195333E+02 -9.61766000E+02 
 -9.57526000E+02 -9.46798667E+02 -9.41243667E+02 -9.34736667E+02 -9.27233667E+02 -9.20925333E+02 -9.12704333E+02 -9.05422000E+02 -8.99254000E+02 -8.93090667E+02 -8.87566333E+02 -8.79333000E+02 -8.71126333E+02 -8.66862667E+02 -8.59733000E+02 -8.55550000E+02 -8.50861667E+02 -8.44472000E+02 -8.38155667E+02 -8.33225000E+02 -8.30671333E+02 -8.27306000E+02 -8.19238667E+02 -8.14752667E+02 -8.12674667E+02 
 -8.09562000E+02 -8.00323000E+02 -7.94770667E+02 -7.87342000E+02 -7.79137000E+02 -7.75174333E+02 -7.67560000E+02 -7.58967667E+02 -7.52953333E+02 -7.48790333E+02 -7.43067333E+02 -7.36430667E+02 -7.32241333E+02 -7.33166000E+02 -7.24790667E+02 -7.18710000E+02 -7.15452667E+02 -7.09608667E+02 -7.05820000E+02 -7.01911000E+02 -6.99194667E+02 -6.92823000E+02 -6.87398000E+02 -6.81606667E+02 -6.77918667E+02 
 -6.73579000E+02 -6.69500333E+02 -6.62624667E+02 -6.57035000E+02 -6.52364333E+02 -6.46793000E+02 -6.42557667E+02 -6.36766333E+02 -6.31372000E+02 -6.26780333E+02 -6.23322333E+02 -6.20883333E+02 -6.15395000E+02 -6.10105333E+02 -6.07817667E+02 -6.04116667E+02 -6.00408667E+02 -5.97478667E+02 -5.91744667E+02 -5.85507667E+02 -5.84708000E+02 -5.82105333E+02 -5.78561333E+02 -5.75994000E+02 -5.76229333E+02 
 -5.72637000E+02 -5.67094667E+02 -5.62966667E+02 -5.58349667E+02 -5.57248333E+02 -5.53363000E+02 -5.52449000E+02 -5.45471667E+02 -5.40717667E+02 -5.41997333E+02 -5.38313667E+02 -5.35172667E+02 -5.29830333E+02 -5.26709333E+02 -5.21508667E+02 -5.19932667E+02 -5.17479667E+02 -5.15979000E+02 -5.13356000E+02 -5.09629667E+02 -5.03005333E+02 -5.02712000E+02 -5.02870333E+02 -4.98336000E+02 -4.97527667E+02 
 -4.94389667E+02 -4.91570667E+02 -4.85985667E+02 -4.82240000E+02 -4.79509333E+02 -4.77991667E+02 -4.74559000E+02 -4.69919333E+02 -4.68302667E+02 -4.66460000E+02 -4.64396000E+02 -4.61561667E+02 -4.62418667E+02 -4.59928667E+02 -4.58078333E+02 -4.57369000E+02 -4.56524000E+02 -4.52702000E+02 -4.52782000E+02 -4.52099000E+02 -4.49921333E+02 -4.49422667E+02 -4.48606667E+02 -4.50825333E+02 -4.48783000E+02 
 -4.47335667E+02 -4.45612333E+02 -4.42797667E+02 -4.41548667E+02 -4.40490667E+02 -4.33782667E+02 -4.31369000E+02 -4.30502333E+02 -4.29986667E+02 -4.25387333E+02 -4.24213000E+02 -4.20824333E+02 -4.18612000E+02 -4.13237000E+02 -4.13018333E+02 -4.12405667E+02 -4.10396667E+02 -4.07513000E+02 -4.07231000E+02 -4.04858667E+02 -4.04989333E+02 -4.05205667E+02 -4.02224667E+02 -4.01246333E+02 -3.99894333E+02 
 -4.01739000E+02 -3.99407333E+02 -3.94473000E+02 -3.93804333E+02 -3.91026333E+02 -3.87500667E+02 -3.85323667E+02 -3.80515000E+02 -3.80927667E+02 -3.79222667E+02 -3.76150000E+02 -3.77307333E+02 -3.76724333E+02 -3.75416667E+02 -3.71761000E+02 -3.69089333E+02 -3.72293000E+02 -3.66984000E+02 -3.68247667E+02 -3.66638333E+02 -3.66085000E+02 -3.64235333E+02 -3.60894333E+02 -3.58645667E+02 -3.58631667E+02 
 -3.57550000E+02 -3.55936000E+02 -3.50353000E+02 -3.50184000E+02 -3.48839667E+02 -3.46012333E+02 -3.47154000E+02 -3.46322000E+02 -3.43175000E+02 -3.40902000E+02 -3.38285333E+02 -3.36953000E+02 -3.36219333E+02 -3.33691333E+02 -3.32390667E+02 -3.33962333E+02 -3.35447333E+02 -3.33955667E+02 -3.32968667E+02 -3.29500333E+02 -3.31357667E+02 -3.33079333E+02 -3.31922333E+02 -3.33184000E+02 -3.32969000E+02 
 -3.33209000E+02 -3.27465667E+02 -3.24677333E+02 -3.23830667E+02 -3.22599667E+02 -3.20643667E+02 -3.19074667E+02 -3.17658667E+02 -3.17089333E+02 -3.15465000E+02 -3.16648000E+02 -3.16026000E+02 -3.11880667E+02 -3.08830667E+02 -3.04978333E+02 -3.05401333E+02 -3.04184000E+02 -3.01023333E+02 -3.02028333E+02 -2.98255667E+02 -3.02110000E+02 -3.01367667E+02 -3.02289000E+02 -3.02762333E+02 -3.02002000E+02 
 -3.01198667E+02 -2.97711333E+02 -2.95981000E+02 -2.93437000E+02 -2.92559667E+02 -2.90917000E+02 -2.90833333E+02 -2.88044333E+02 -2.89098333E+02 -2.86850000E+02 -2.87172333E+02 -2.87046333E+02 -2.85753667E+02 -2.85719667E+02 -2.85957000E+02 -2.85016000E+02 -2.84103333E+02 -2.81581333E+02 -2.83335333E+02 -2.83688333E+02 -2.82529000E+02 -2.81037000E+02 -2.81996333E+02 -2.80088333E+02 -2.79892667E+02 
 -2.77914667E+02 -2.73956000E+02 -2.74193667E+02 -2.73908333E+02 -2.71882000E+02 -2.70501333E+02 -2.69622667E+02 -2.68838333E+02 -2.67372667E+02 -2.63493000E+02 -2.62421333E+02 -2.63602333E+02 -2.62508667E+02 -2.60726333E+02 -2.61616333E+02 -2.61145000E+02 -2.61667667E+02 -2.59165667E+02 -2.58344667E+02 -2.57130333E+02 -2.56012000E+02 -2.54598000E+02 -2.54750333E+02 -2.56428667E+02 -2.55255333E+02 
 -2.57186000E+02 -2.53241667E+02 -2.52868000E+02 -2.48538333E+02 -2.49007333E+02 -2.48122333E+02 -2.45964333E+02 -2.47128000E+02 -2.45166333E+02 -2.45435667E+02 -2.45105000E+02 -2.44128333E+02 -2.44641000E+02 -2.43173000E+02 -2.42592667E+02 -2.43680333E+02 -2.40827667E+02 -2.40489333E+02 -2.40461333E+02 -2.39744667E+02 -2.40759000E+02 -2.39829000E+02 -2.40641333E+02 -2.38714667E+02 -2.40008000E+02 
 -2.38764333E+02 -2.36651333E+02 -2.33882333E+02 -2.33198667E+02 -2.32020000E+02 -2.32181000E+02 -2.31715667E+02 -2.30422667E+02 -2.28224667E+02 -2.30861333E+02 -2.29294667E+02 -2.28555000E+02 -2.29450333E+02 -2.27783667E+02 -2.26002333E+02 -2.27871333E+02 -2.29020000E+02 -2.29158333E+02 -2.26102333E+02 -2.25623667E+02 -2.24987667E+02 -2.24217667E+02 -2.26095333E+02 -2.22496000E+02 -2.23340333E+02 
 -2.25383667E+02 -2.22585000E+02 -2.20735667E+02 -2.22704333E+02 -2.24352000E+02 -2.22634000E+02 -2.22849000E+02 -2.23363667E+02 -2.21323000E+02 -2.20759000E+02 -2.17904333E+02 -2.18121333E+02 -2.15895000E+02 -2.15851333E+02 -2.15526000E+02 -2.13846667E+02 -2.13014333E+02 -2.14360333E+02 -2.13234000E+02 -2.14035333E+02 -2.15339667E+02 -2.14284333E+02 -2.12770333E+02 -2.11610667E+02 -2.11191667E+02 
 -2.11403333E+02 -2.08205667E+02 -2.05299333E+02 -2.06351000E+02 -2.03173667E+02 -2.04200000E+02 -2.01732000E+02 -2.01417000E+02 -1.99681333E+02 -2.01896333E+02 -1.99596667E+02 -2.02344333E+02 -2.01498333E+02 -2.01793000E+02 -2.02085667E+02 -2.00033000E+02 -2.00062333E+02 -2.00443667E+02 -1.97744000E+02 -1.96761333E+02 -1.98116000E+02 -1.95908333E+02 -1.95599333E+02 -1.92872333E+02 -1.94293333E+02 
 -1.93127667E+02 -1.92614667E+02 -1.88429667E+02 -1.92462000E+02 -1.90550667E+02 -1.92127333E+02 -1.92035000E+02 -1.89804333E+02 -1.89575667E+02 -1.89001333E+02 -1.89353333E+02 -1.91616333E+02 -1.89615333E+02 -1.91826000E+02 -1.89905667E+02 -1.88390333E+02 -1.88679000E+02 -1.90203333E+02 -1.90901333E+02 -1.88138667E+02 -1.90105667E+02 -1.89588333E+02 -1.89702333E+02 -1.90374333E+02 -1.89431333E+02 
 -1.89806667E+02 -1.86748667E+02 -1.84029667E+02 -1.83932667E+02 -1.82820000E+02 -1.83449000E+02 -1.81020333E+02 -1.79600667E+02 -1.77470667E+02 -1.77877333E+02 -1.79331000E+02 -1.76596667E+02 -1.77679000E+02 -1.76277333E+02 -1.74851667E+02 -1.75827000E+02 -1.77697333E+02 -1.75650000E+02 -1.76810333E+02 -1.77414667E+02 -1.77299667E+02 -1.77221000E+02 -1.77767000E+02 -1.77001333E+02 -1.77032667E+02 
 -1.74939667E+02 -1.75333000E+02 -1.72911000E+02 -1.73838000E+02 -1.71133333E+02 -1.70248333E+02 -1.70187000E+02 -1.70244333E+02 -1.69975333E+02 -1.70916000E+02 -1.69945667E+02 -1.69472333E+02 -1.67691000E+02 -1.67537000E+02 -1.69590333E+02 -1.70613667E+02 -1.71797667E+02 -1.69669667E+02 -1.68770000E+02 -1.67441667E+02 -1.68484667E+02 -1.66503667E+02 -1.67945333E+02 -1.66700000E+02 -1.68279667E+02 
 -1.68120667E+02 -1.67529667E+02 -1.65787000E+02 -1.66682000E+02 -1.63378333E+02 -1.62245333E+02 -1.62480333E+02 -1.61904333E+02 -1.62893333E+02 -1.61592333E+02 -1.61648667E+02 -1.62118000E+02 -1.61081667E+02 -1.62185667E+02 -1.59725000E+02 -1.56433333E+02 -1.58107000E+02 -1.57567333E+02 -1.55559667E+02 -1.56277333E+02 -1.58775000E+02 -1.56163000E+02 -1.55247667E+02 -1.55888667E+02 -1.56446000E+02 
 -1.55850333E+02 -1.55692000E+02 -1.53877667E+02 -1.54887000E+02 -1.55696000E+02 -1.54069000E+02 -1.54282667E+02 -1.52212000E+02 -1.52245333E+02 -1.52737000E+02 -1.54557000E+02 -1.56313333E+02 -1.54521333E+02 -1.56796000E+02 -1.55753333E+02 -1.55268333E+02 -1.53761333E+02 -1.52158333E+02 -1.51368000E+02 -1.49761667E+02 -1.50608333E+02 -1.49341667E+02 -1.49658333E+02 -1.48807000E+02 -1.51263333E+02 
 -1.52041667E+02 -1.50142667E+02 -1.47687667E+02 -1.48744667E+02 -1.47061000E+02 -1.45270000E+02 -1.46791667E+02 -1.45603667E+02 -1.44189000E+02 -1.44218333E+02 -1.43946333E+02 -1.44834667E+02 -1.47430000E+02 -1.46300667E+02 -1.44453333E+02 -1.48359667E+02 -1.47894000E+02 -1.45247333E+02 -1.45015000E+02 -1.44899000E+02 -1.43898667E+02 -1.44958667E+02 -1.44748667E+02 -1.45179667E+02 -1.42782333E+02 
 -1.42061333E+02 -1.40993667E+02 -1.39264000E+02 -1.37907333E+02 -1.40244333E+02 -1.38083000E+02 -1.36271333E+02 -1.35689333E+02 -1.35588333E+02 -1.35253667E+02 -1.35817000E+02 -1.36146667E+02 -1.35361667E+02 -1.36822333E+02 -1.37635000E+02 -1.36854000E+02 -1.36233667E+02 -1.35661667E+02 -1.36088667E+02 -1.37258333E+02 -1.37819667E+02 -1.37812667E+02 -1.38245333E+02 -1.38523333E+02 -1.36484667E+02 
 -1.37369667E+02 -1.35342667E+02 -1.32009667E+02 -1.32971667E+02 -1.34049333E+02 -1.34845000E+02 -1.34537667E+02 -1.32499667E+02 -1.32979667E+02 -1.32728667E+02 -1.33705667E+02 -1.33037333E+02 -1.33895667E+02 -1.31175333E+02 -1.30671333E+02 -1.32158000E+02 -1.31194667E+02 -1.33284667E+02 -1.32407667E+02 -1.32229000E+02 -1.34832333E+02 -1.33264000E+02 -1.33272667E+02 -1.35131000E+02 -1.36179667E+02 
 -1.32727667E+02 -1.31435333E+02 -1.33017667E+02 -1.28830000E+02 -1.28836333E+02 -1.28343333E+02 -1.26837667E+02 -1.23938333E+02 -1.25443667E+02 -1.26561333E+02 -1.27236000E+02 -1.25324000E+02 -1.23321000E+02 -1.24774333E+02 -1.25354000E+02 -1.24618000E+02 -1.24614333E+02 -1.24785000E+02 -1.24870667E+02 -1.26125333E+02 -1.25845000E+02 -1.26154000E+02 -1.24181333E+02 -1.25140000E+02 -1.27033000E+02 
 -1.28375000E+02 -1.27405667E+02 -1.24586000E+02 -1.23161667E+02 -1.20668000E+02 -1.20210000E+02 -1.20272333E+02 -1.22144333E+02 -1.21471000E+02 -1.20666667E+02 -1.19570667E+02 -1.21937000E+02 -1.21148000E+02 -1.22606333E+02 -1.20616333E+02 -1.19783667E+02 -1.20171667E+02 -1.20678000E+02 -1.19638000E+02 -1.19787333E+02 -1.20359667E+02 -1.18633333E+02 -1.20632000E+02 -1.19890000E+02 -1.18265667E+02 
 -1.18371667E+02 -1.19116000E+02 -1.14859333E+02 -1.17111667E+02 -1.16952000E+02 -1.16904667E+02 -1.17217667E+02 -1.17653667E+02 -1.15388000E+02 -1.15976000E+02 -1.14400000E+02 -1.15184000E+02 -1.15925667E+02 -1.16851000E+02 -1.15932667E+02 -1.14299667E+02 -1.14750000E+02 -1.13169333E+02 -1.14484667E+02 -1.15599000E+02 -1.16921667E+02 -1.16312000E+02 -1.16345667E+02 -1.16746667E+02 -1.15547333E+02 
 -1.16724667E+02 -1.14605333E+02 -1.15778333E+02 -1.14964333E+02 -1.15154000E+02 -1.12542000E+02 -1.12438333E+02 -1.12644000E+02 -1.11140667E+02 -1.11306667E+02 -1.11909000E+02 -1.12374000E+02 -1.11640667E+02 -1.12040667E+02 -1.12016667E+02 -1.11746000E+02 -1.11792000E+02 -1.09695667E+02 -1.10790000E+02 -1.10214333E+02 -1.13135000E+02 -1.13354333E+02 -1.14507333E+02 -1.13216667E+02 -1.13042000E+02 
 -1.11173000E+02 -1.08576667E+02 -1.08727333E+02 -1.09572333E+02 -1.06721000E+02 -1.08008333E+02 -1.07292333E+02 -1.07055333E+02 -1.05578000E+02 -1.05086333E+02 -1.07429000E+02 -1.07756000E+02 -1.06989333E+02 -1.07104000E+02 -1.07054667E+02 -1.07295000E+02 -1.05629000E+02 -1.05399667E+02 -1.04317667E+02 -1.04171333E+02 -1.04408000E+02 -1.05327000E+02 -1.04913000E+02 -1.05821000E+02 -1.05837000E+02 
