      0.00000000      8.22500000     14.70000000     18.77500000     22.15000000     23.95833333     25.91666667     26.00833333     26.88333333     26.10000000     27.24166667     27.50833333     28.24166667     28.02500000     27.80000000     28.14166667     27.80000000     27.93333333     28.00000000     27.15833333     26.89166667     26.72500000     27.58333333     28.29166667     28.52500000 
     27.70833333     28.88333333     30.02500000     31.06666667     31.31666667     31.63333333     31.89166667     32.15000000     31.78333333     31.62500000     30.30000000     30.92500000     30.20000000     30.73333333     30.31666667     30.89166667     30.61666667     30.55833333     30.78333333     30.80000000     30.20000000     30.00833333     29.83333333     30.24166667     30.12500000 
     30.64166667     30.19166667     30.52500000     30.55000000     31.53333333     30.76666667     30.96666667     31.27500000     31.42500000     31.55833333     31.55833333     31.39166667     31.77500000     31.40833333     31.80000000     32.00833333     31.74166667     31.42500000     31.50000000     31.12500000     32.06666667     32.02500000     32.35833333     32.38333333     31.92500000 
     32.52500000     33.00000000     33.38333333     33.41666667     33.75833333     33.85000000     34.30000000     34.09166667     35.08333333     34.80833333     34.56666667     34.98333333     34.24166667     33.80833333     34.02500000     33.95833333     34.81666667     33.60000000     33.78333333     34.17500000     33.24166667     33.45000000     33.69166667     33.17500000     33.92500000 
     34.07500000     34.36666667     34.91666667     35.09166667     35.76666667     35.21666667     36.53333333     36.35833333     36.71666667     36.79166667     37.15000000     36.85833333     37.21666667     36.47500000     37.95833333     38.23333333     37.71666667     37.60000000     37.63333333     38.20000000     37.91666667     37.59166667     38.14166667     37.90000000     37.32500000 
     37.20833333     37.58333333     38.41666667     38.90833333     38.96666667     38.39166667     38.25833333     37.77500000     38.37500000     38.29166667     38.40000000     38.37500000     38.55833333     37.97500000     39.03333333     39.14166667     39.77500000     40.10833333     39.77500000     39.94166667     40.60000000     39.93333333     40.25833333     39.73333333     39.35833333 
     39.69166667     40.25000000     40.88333333     41.88333333     42.63333333     42.97500000     42.32500000     42.95833333     43.41666667     43.35000000     43.09166667     42.97500000     42.64166667     42.95000000     42.55833333     42.24166667     42.30000000     41.60000000     41.63333333     42.30833333     42.54166667     41.42500000     42.19166667     42.18333333     42.83333333 
     42.31666667     42.43333333     42.67500000     43.10833333     43.83333333     43.96666667     43.81666667     43.22500000     43.39166667     43.90833333     45.00833333     44.77500000     45.21666667     45.18333333     45.68333333     46.06666667     45.26666667     45.06666667     46.05000000     46.09166667     45.58333333     45.12500000     44.73333333     44.84166667     45.49166667 
     45.34166667     45.98333333     47.15000000     47.67500000     48.15000000     48.37500000     48.47500000     49.14166667     49.26666667     49.51666667     49.51666667     49.55833333     48.04166667     48.07500000     48.07500000     48.49166667     48.02500000     48.32500000     48.44166667     48.06666667     47.86666667     48.40833333     48.19166667     48.15000000     48.01666667 
     48.24166667     49.58333333     49.75000000     50.07500000     49.55000000     49.97500000     49.67500000     49.51666667     50.00000000     50.22500000     51.04166667     51.76666667     51.89166667     52.58333333     52.54166667     52.66666667     53.97500000     54.31666667     53.75833333     54.04166667     53.75833333     53.85833333     53.60833333     54.23333333     53.15833333 
     53.80000000     54.41666667     55.49166667     55.85000000     55.83333333     54.49166667     55.13333333     55.66666667     55.60000000     55.51666667     55.10833333     54.89166667     55.11666667     56.00000000     55.79166667     55.62500000     55.99166667     56.51666667     56.11666667     56.26666667     56.80000000     57.53333333     57.50833333     57.61666667     58.17500000 
     58.42500000     59.00000000     59.15000000     59.00833333     60.08333333     60.62500000     59.70000000     60.36666667     60.25833333     61.70833333     61.10000000     60.93333333     60.13333333     59.92500000     59.91666667     60.11666667     60.13333333     61.20833333     61.50000000     62.39166667     61.83333333     61.34166667     61.27500000     61.51666667     60.90000000 
     61.65833333     62.38333333     63.25833333     62.94166667     64.14166667     65.10833333     65.90833333     65.07500000     65.30833333     64.71666667     64.90000000     65.30833333     64.75000000     64.24166667     63.74166667     64.74166667     64.45000000     64.83333333     64.14166667     64.71666667     65.38333333     65.93333333     66.40000000     65.75000000     65.82500000 
     65.79166667     66.08333333     67.05833333     68.20000000     68.51666667     68.08333333     70.60833333     71.87500000     72.15000000     71.89166667     71.86666667     72.14166667     71.89166667     72.05833333     72.20000000     73.05833333     72.46666667     72.52500000     71.97500000     72.30833333     72.30000000     72.43333333     73.35833333     72.79166667     72.88333333 
     73.65000000     74.66666667     74.81666667     74.20833333     74.43333333     74.89166667     74.93333333     74.92500000     75.29166667     75.30000000     75.97500000     76.72500000     78.10000000     77.81666667     77.45000000     77.49166667     77.65000000     78.60833333     79.50000000     79.43333333     78.67500000     78.88333333     77.68333333     77.43333333     76.75833333 
     75.87500000     76.67500000     77.84166667     77.60833333     78.54166667     78.35000000     78.85833333     79.88333333     80.70000000     80.86666667     81.88333333     81.09166667     81.74166667     82.86666667     83.10833333     82.85000000     83.31666667     83.75833333     83.77500000     84.30833333     83.98333333     84.63333333     84.21666667     84.10833333     84.44166667 
     84.98333333     86.31666667     86.39166667     86.81666667     88.73333333     88.67500000     88.62500000     88.95833333     89.00000000     88.63333333     88.46666667     88.53333333     88.45833333     88.39166667     88.01666667     87.65000000     87.56666667     88.63333333     88.80000000     89.89166667     89.50833333     89.70000000     90.18333333     90.00000000     89.12500000 
     89.77500000     90.78333333     92.48333333     93.10833333     94.31666667     95.49166667     95.72500000     96.78333333     96.41666667     97.32500000     97.88333333     97.78333333     98.67500000     99.29166667     98.45000000     99.03333333     99.54166667     99.99166667    100.21666667    100.95833333    101.70833333    101.71666667    102.11666667    102.01666667    101.18333333 
    100.78333333    102.70000000    102.57500000    104.38333333    105.13333333    104.94166667    104.65000000    104.89166667    106.08333333    105.95000000    106.54166667    106.86666667    107.57500000    107.42500000    107.68333333    107.99166667    108.04166667    108.95833333    110.10833333    110.60833333    110.45000000    111.25000000    112.19166667    112.50833333    112.00000000 
    111.35000000    113.24166667    114.88333333    115.43333333    116.15833333    116.35833333    116.69166667    116.85833333    117.89166667    118.18333333    118.16666667    118.97500000    119.89166667    119.96666667    120.40000000    121.68333333    123.20000000    123.99166667    124.09166667    123.87500000    123.91666667    123.60000000    123.47500000    123.20000000    122.59166667 
    122.37500000    124.02500000    124.60000000    124.58333333    125.39166667    125.49166667    125.25833333    126.57500000    127.47500000    127.35833333    128.60000000    128.83333333    129.43333333    129.34166667    129.08333333    129.30000000    130.98333333    131.65833333    131.20833333    132.05000000    133.23333333    133.75833333    133.95000000    133.80833333    133.90000000 
    133.93333333    134.60833333    136.22500000    137.34166667    137.54166667    138.61666667    139.66666667    141.00833333    140.67500000    141.57500000    142.30000000    142.90833333    143.55000000    143.70833333    144.07500000    145.80833333    147.07500000    148.40833333    148.69166667    149.05833333    150.00833333    150.35833333    150.26666667    150.80000000    151.05000000 
    152.29166667    152.35833333    152.84166667    153.20833333    153.69166667    155.15833333    155.57500000    155.45833333    156.81666667    157.10000000    158.05000000    158.85833333    159.50833333    160.12500000    160.70000000    161.32500000    162.19166667    162.35000000    163.36666667    163.91666667    163.61666667    164.28333333    163.45833333    164.35000000    163.79166667 
    163.20000000    163.39166667    165.20000000    165.31666667    165.89166667    165.15833333    166.35000000    167.33333333    168.64166667    169.40000000    170.05833333    172.55000000    172.15000000    171.46666667    173.50000000    173.27500000    174.10833333    174.41666667    175.88333333    177.10000000    177.79166667    178.01666667    178.62500000    179.27500000    179.86666667 
    179.44166667    180.71666667    182.68333333    185.20833333    186.81666667    186.28333333    187.89166667    187.87500000    188.52500000    189.32500000    189.79166667    190.50833333    192.04166667    192.40833333    192.80833333    194.29166667    195.95833333    196.55000000    197.11666667    197.43333333    197.53333333    198.40833333    200.11666667    200.05833333    201.07500000 
    201.67500000    202.78333333    204.88333333    205.08333333    206.21666667    206.25833333    206.24166667    206.85833333    208.08333333    208.85000000    209.09166667    208.68333333    208.78333333    210.18333333    211.37500000    211.96666667    212.62500000    213.70833333    214.74166667    215.64166667    216.65000000    218.04166667    219.30833333    220.91666667    220.41666667 
    221.58333333    223.31666667    225.27500000    227.55000000    228.17500000    229.30833333    231.16666667    232.85000000    233.49166667    236.45833333    237.46666667    237.91666667    239.39166667    240.63333333    240.95000000    241.48333333    242.20833333    242.95833333    243.78333333    245.37500000    245.78333333    246.47500000    247.48333333    248.94166667    250.51666667 
    251.31666667    252.11666667    253.65833333    255.68333333    255.48333333    255.96666667    257.57500000    259.35833333    260.36666667    262.05000000    263.24166667    264.98333333    265.76666667    266.78333333    266.71666667    269.28333333    271.06666667    272.33333333    273.35000000    274.20000000    275.69166667    276.80833333    277.70000000    278.40833333    279.12500000 
    279.55833333    280.92500000    282.27500000    284.25000000    286.15833333    288.98333333    291.86666667    293.93333333    295.88333333    296.27500000    297.71666667    299.44166667    301.27500000    303.99166667    305.40833333    306.30000000    308.92500000    309.25000000    310.22500000    311.55000000    313.66666667    315.10833333    315.60833333    317.02500000    316.00833333 
    319.16666667    320.79166667    324.40833333    325.65833333    327.32500000    329.86666667    330.45000000    334.11666667    335.45000000    337.42500000    338.72500000    341.07500000    343.35833333    344.95833333    345.93333333    347.05000000    349.75833333    352.07500000    352.27500000    352.27500000    353.16666667    353.04166667    354.05833333    354.37500000    354.96666667 
    355.87500000    357.07500000    358.96666667    360.77500000    363.15833333    365.36666667    368.19166667    370.63333333    372.30833333    373.94166667    375.05000000    376.60000000    377.40833333    378.79166667    380.54166667    382.46666667    384.45000000    385.42500000    386.37500000    387.52500000    389.91666667    391.68333333    393.56666667    394.35000000    396.28333333 
    396.37500000    399.34166667    401.40000000    404.41666667    406.08333333    407.95833333    410.60833333    411.58333333    413.32500000    414.83333333    416.21666667    417.42500000    419.09166667    421.35000000    423.46666667    426.10000000    429.20000000    430.41666667    431.10000000    431.95000000    433.84166667    434.79166667    437.07500000    438.94166667    441.82500000 
    442.36666667    445.39166667    446.51666667    450.57500000    452.09166667    454.31666667    457.18333333    458.41666667    458.96666667    461.25000000    462.36666667    464.36666667    467.04166667    469.67500000    472.28333333    476.06666667    477.85833333    480.98333333    483.06666667    486.65833333    488.45000000    491.04166667    491.58333333    493.29166667    496.40833333 
    497.54166667    501.25833333    504.04166667    507.03333333    509.27500000    511.68333333    514.00833333    515.05000000    516.35000000    518.21666667    519.97500000    522.45833333    525.15000000    527.71666667    530.52500000    532.80000000    535.45833333    537.30833333    540.17500000    542.34166667    544.20000000    546.25833333    549.63333333    551.15833333    552.38333333 
    553.16666667    558.84166667    560.81666667    562.62500000    567.39166667    570.80000000    574.05000000    577.81666667    580.71666667    584.42500000    588.09166667    591.30000000    594.55833333    597.59166667    600.10833333    603.85000000    607.45000000    609.44166667    612.83333333    616.84166667    619.33333333    622.72500000    623.70833333    625.88333333    628.66666667 
    629.72500000    633.88333333    637.30833333    641.30000000    646.11666667    649.57500000    653.64166667    657.52500000    659.57500000    662.82500000    666.01666667    669.19166667    672.67500000    677.18333333    680.95000000    683.80833333    686.90833333    688.89166667    692.03333333    696.55000000    698.75000000    702.35000000    705.52500000    709.20000000    711.47500000 
    714.83333333    718.01666667    722.22500000    725.73333333    729.90000000    732.15000000    736.84166667    740.65833333    744.16666667    746.89166667    750.07500000    754.05000000    756.70000000    762.56666667    764.85000000    768.86666667    771.53333333    774.09166667    777.44166667    780.67500000    784.36666667    786.20000000    790.01666667    793.58333333    798.30000000 
    801.90000000    806.16666667    811.33333333    815.20000000    820.38333333    824.70000000    828.00833333    833.54166667    836.76666667    842.42500000    844.88333333    848.66666667    852.89166667    857.45833333    862.45833333    866.85833333    870.16666667    874.32500000    878.85833333    882.67500000    885.75000000    889.80000000    891.67500000    895.14166667    897.80000000 
    901.18333333    906.01666667    910.74166667    914.71666667    919.56666667    923.81666667    929.40833333    934.78333333    939.36666667    943.60833333    946.05833333    950.35000000    956.30833333    961.42500000    964.00000000    967.84166667    971.31666667    974.90833333    979.20833333    984.74166667    989.90000000    994.10833333    998.15833333   1003.20833333   1007.25833333 
   1013.99166667   1019.38333333   1024.50833333   1030.40000000   1036.32500000   1040.40833333   1046.96666667   1050.96666667   1055.95833333   1060.37500000   1065.51666667   1071.29166667   1076.13333333   1079.94166667   1083.40000000   1089.90000000   1093.30000000   1097.75833333   1103.86666667   1106.45000000   1110.64166667   1114.87500000   1119.36666667   1125.15000000   1130.73333333 
   1134.80833333   1139.33333333   1144.50000000   1149.28333333   1156.20833333   1162.38333333   1168.00000000   1173.27500000   1176.62500000   1181.46666667   1185.95000000   1192.55833333   1196.85000000   1203.55833333   1210.01666667   1215.32500000   1219.14166667   1224.71666667   1230.15000000   1235.37500000   1239.02500000   1244.79166667   1249.59166667   1255.20000000   1260.45000000 
   1266.51666667   1272.52500000   1276.93333333   1282.16666667   1289.32500000   1295.02500000   1300.63333333   1307.09166667   1311.55833333   1318.02500000   1323.28333333   1329.57500000   1335.94166667   1341.90000000   1348.00000000   1352.16666667   1357.65000000   1365.10833333   1369.83333333   1378.04166667   1384.07500000   1389.53333333   1395.80833333   1401.12500000   1406.20833333 
   1411.31666667   1419.43333333   1427.58333333   1434.50833333   1442.83333333   1448.88333333   1454.71666667   1458.95833333   1463.85833333   1470.46666667   1475.98333333   1482.30833333   1489.42500000   1494.15000000   1502.18333333   1507.51666667   1513.37500000   1519.35833333   1523.97500000   1529.96666667   1536.61666667   1541.35000000   1547.32500000   1551.85833333   1558.13333333 
   1564.68333333   1570.97500000   1577.55833333   1584.36666667   1590.47500000   1598.75000000   1605.90000000   1612.05833333   1617.79166667   1623.76666667   1630.15000000   1635.96666667   1641.83333333   1648.74166667   1656.80000000   1663.07500000   1668.59166667   1675.52500000   1682.69166667   1688.83333333   1695.71666667   1700.77500000   1708.07500000   1713.06666667   1719.88333333 
   1726.35833333   1733.32500000   1741.15833333   1747.58333333   1755.05833333   1760.29166667   1768.79166667   1775.52500000   1783.59166667   1789.17500000   1795.95000000   1802.80833333   1808.35833333   1814.02500000   1820.85000000   1826.80000000   1833.16666667   1837.91666667   1844.28333333   1852.52500000   1859.70000000   1865.83333333   1872.67500000   1880.65833333   1884.90833333 
   1892.84166667   1902.45833333   1909.75000000   1917.21666667   1924.03333333   1932.04166667   1938.70833333   1946.46666667   1953.59166667   1960.80000000   1968.98333333   1974.83333333   1981.65000000   1988.45000000   1995.65833333   2003.37500000   2011.47500000   2016.80833333   2023.71666667   2030.26666667   2038.21666667   2045.54166667   2052.20833333   2058.12500000   2066.52500000 
   2072.91666667   2080.75000000   2088.41666667   2094.14166667   2103.96666667   2108.57500000   2114.82500000   2121.83333333   2129.67500000   2136.61666667   2142.66666667   2149.64166667   2155.36666667   2161.79166667   2170.32500000   2175.50000000   2183.08333333   2192.64166667   2198.11666667   2206.11666667   2213.21666667   2219.75000000   2225.81666667   2233.20000000   2239.77500000 
   2246.40000000   2255.42500000   2263.60833333   2271.32500000   2278.07500000   2284.95000000   2291.35000000   2298.27500000   2306.07500000   2313.11666667   2320.77500000   2328.25000000   2334.55000000   2340.45000000   2346.23333333   2352.05000000   2359.58333333   2365.83333333   2373.33333333   2378.93333333   2385.97500000   2392.40000000   2400.50833333   2407.49166667   2413.52500000 
   2418.20000000   2427.35000000   2433.14166667   2441.16666667   2447.52500000   2455.57500000   2462.50000000   2470.80833333   2476.40833333   2484.06666667   2491.85000000   2500.08333333   2507.06666667   2512.68333333   2520.25833333   2526.99166667   2532.25833333   2539.96666667   2547.84166667   2553.04166667   2559.50833333   2564.77500000   2571.34166667   2578.60000000   2583.78333333 
   2590.44166667   2596.13333333   2602.53333333   2609.91666667   2616.71666667   2623.55833333   2630.30000000   2636.85000000   2645.09166667   2651.68333333   2656.00833333   2662.90000000   2666.57500000   2673.41666667   2679.90833333   2685.35000000   2691.30833333   2697.83333333   2702.75000000   2708.27500000   2714.10833333   2721.80833333   2728.35833333   2733.13333333   2738.10000000 
   2745.80000000   2754.48333333   2761.47500000   2768.56666667   2774.60833333   2780.96666667   2787.20833333   2793.96666667   2799.70833333   2806.20000000   2812.35833333   2818.65000000   2825.10833333   2832.13333333   2838.23333333   2844.56666667   2851.20000000   2858.29166667   2864.43333333   2869.95833333   2877.10000000   2881.08333333   2885.95833333   2893.24166667   2899.21666667 
   2906.17500000   2912.66666667   2918.68333333   2925.80000000   2931.55833333   2937.85833333   2943.99166667   2950.64166667   2956.83333333   2963.56666667   2967.56666667   2975.18333333   2980.41666667   2987.10833333   2992.70833333   2998.86666667   3004.36666667   3010.85000000   3018.43333333   3023.84166667   3029.42500000   3035.53333333   3037.88333333   3043.41666667   3049.51666667 
   3055.14166667   3059.53333333   3061.71666667   3066.50833333   3071.43333333   3075.61666667   3078.99166667   3083.45000000   3085.72500000   3090.10000000   3094.78333333   3100.65000000   3104.35833333   3106.88333333   3109.93333333   3113.20000000   3117.20000000   3120.84166667   3124.00000000   3128.06666667   3132.04166667   3135.63333333   3138.75000000   3143.39166667   3147.80000000 
   3151.15000000   3154.97500000   3158.99166667   3161.56666667   3164.85000000   3166.94166667   3169.72500000   3172.95000000   3175.65833333   3180.62500000   3183.65833333   3186.66666667   3189.38333333   3194.32500000   3195.75000000   3199.12500000   3202.95000000   3204.71666667   3207.15000000   3210.94166667   3212.20000000   3214.90000000   3218.26666667   3219.83333333   3220.63333333 
   3223.24166667   3224.80000000   3226.31666667   3227.99166667   3229.47500000   3231.23333333   3232.40000000   3235.15000000   3235.24166667   3237.87500000   3239.09166667   3239.94166667   3241.25000000   3242.35833333   3241.46666667   3242.28333333   3245.24166667   3244.69166667   3246.11666667   3246.69166667   3249.01666667   3249.45833333   3250.70000000   3252.24166667   3252.21666667 
   3253.31666667   3252.36666667   3250.84166667   3251.70833333   3251.36666667   3253.54166667   3252.60833333   3252.61666667   3253.85833333   3254.10833333   3255.28333333   3255.30833333   3254.90833333   3256.07500000   3255.92500000   3257.71666667   3258.21666667   3255.14166667   3257.85000000   3255.98333333   3257.54166667   3257.00000000   3255.40000000   3256.48333333   3254.94166667 
   3256.15833333   3255.75833333   3255.46666667   3255.64166667   3256.95000000   3259.34166667   3256.90833333   3256.25833333   3255.56666667   3254.70000000   3252.40000000   3252.98333333   3252.80000000   3252.01666667   3252.22500000   3250.31666667   3251.74166667   3253.06666667   3249.01666667   3249.20000000   3248.74166667   3249.68333333   3248.93333333   3249.35000000   3249.89166667 
   3250.39166667   3247.00000000   3246.53333333   3243.78333333   3240.40833333   3239.41666667   3238.82500000   3237.45833333   3236.37500000   3234.61666667   3233.58333333   3231.33333333   3229.42500000   3225.30000000   3224.05000000   3224.55000000   3222.93333333   3220.80833333   3220.16666667   3220.35000000   3217.42500000   3215.85833333   3215.70000000   3215.56666667   3215.45833333 
   3214.12500000   3211.00833333   3208.42500000   3206.47500000   3204.07500000   3201.45000000   3200.78333333   3199.30833333   3197.25833333   3194.85833333   3190.20000000   3189.17500000   3186.96666667   3184.36666667   3183.54166667   3180.80000000   3178.45833333   3177.81666667   3177.13333333   3175.78333333   3174.06666667   3170.49166667   3167.50833333   3166.96666667   3165.81666667 
   3162.95000000   3159.47500000   3155.76666667   3152.95833333   3148.73333333   3145.19166667   3142.69166667   3138.83333333   3136.48333333   3132.17500000   3129.94166667   3128.53333333   3125.84166667   3123.13333333   3119.75833333   3118.78333333   3115.10000000   3113.77500000   3110.38333333   3108.56666667   3105.58333333   3103.68333333   3100.91666667   3099.92500000   3097.74166667 
   3093.83333333   3089.49166667   3087.75833333   3083.85833333   3077.65833333   3075.06666667   3072.99166667   3069.42500000   3065.01666667   3062.14166667   3058.05000000   3052.93333333   3049.98333333   3046.25833333   3045.05000000   3040.13333333   3036.65000000   3035.58333333   3031.49166667   3029.30833333   3028.71666667   3023.03333333   3021.40833333   3019.60000000   3015.94166667 
   3013.15833333   3011.40833333   3006.76666667   3002.29166667   2996.52500000   2993.37500000   2988.84166667   2986.10000000   2981.81666667   2980.51666667   2975.25833333   2971.44166667   2966.68333333   2962.81666667   2960.15000000   2956.16666667   2953.94166667   2947.90000000   2942.99166667   2941.39166667   2937.19166667   2932.72500000   2927.75000000   2926.75833333   2922.48333333 
   2919.33333333   2913.62500000   2910.84166667   2903.97500000   2899.45000000   2894.67500000   2888.31666667   2883.28333333   2879.40833333   2875.89166667   2869.82500000   2865.59166667   2859.75833333   2856.97500000   2849.06666667   2845.38333333   2840.62500000   2834.60000000   2830.80833333   2826.72500000   2820.91666667   2818.34166667   2812.16666667   2808.39166667   2803.84166667 
   2800.67500000   2793.55000000   2785.86666667   2781.37500000   2775.35000000   2771.29166667   2765.54166667   2759.24166667   2752.38333333   2748.36666667   2742.88333333   2736.15833333   2732.51666667   2727.00833333   2721.60833333   2716.15833333   2710.56666667   2704.25000000   2698.45000000   2693.23333333   2687.18333333   2680.73333333   2676.68333333   2670.85000000   2664.79166667 
   2659.69166667   2650.39166667   2643.12500000   2638.72500000   2630.71666667   2623.46666667   2617.10000000   2609.30833333   2602.80833333   2596.44166667   2590.15000000   2586.08333333   2580.90833333   2572.50000000   2564.31666667   2557.40000000   2551.93333333   2546.60833333   2541.14166667   2534.75000000   2527.71666667   2520.00000000   2514.50833333   2509.53333333   2503.00000000 
   2498.06666667   2488.31666667   2481.13333333   2473.07500000   2467.69166667   2458.99166667   2451.55833333   2446.03333333   2437.49166667   2429.49166667   2422.08333333   2417.15000000   2411.08333333   2402.56666667   2395.32500000   2389.22500000   2381.23333333   2375.37500000   2368.28333333   2361.61666667   2355.70833333   2348.54166667   2342.31666667   2334.73333333   2329.15833333 
   2321.39166667   2311.81666667   2304.26666667   2294.43333333   2286.77500000   2279.35000000   2272.29166667   2264.40833333   2255.52500000   2248.73333333   2241.80833333   2234.30833333   2226.75833333   2217.59166667   2212.15000000   2203.82500000   2196.37500000   2188.50833333   2181.23333333   2175.82500000   2167.23333333   2160.51666667   2154.25000000   2147.65833333   2141.21666667 
   2134.85833333   2126.10833333   2118.84166667   2109.35833333   2098.58333333   2089.05833333   2081.80000000   2073.30833333   2065.47500000   2059.10000000   2049.56666667   2042.64166667   2035.78333333   2026.45833333   2019.15000000   2010.69166667   2001.67500000   1995.45000000   1987.25000000   1978.33333333   1969.12500000   1958.65833333   1953.22500000   1943.74166667   1937.92500000 
   1931.48333333   1921.72500000   1914.82500000   1904.76666667   1896.62500000   1888.60000000   1882.10000000   1872.70000000   1863.59166667   1855.37500000   1847.68333333   1839.40833333   1830.45833333   1822.24166667   1814.22500000   1804.14166667   1795.65833333   1788.45833333   1781.78333333   1774.25000000   1763.74166667   1755.77500000   1747.23333333   1738.49166667   1731.47500000 
   1721.46666667   1712.45000000   1703.02500000   1693.40833333   1685.13333333   1675.72500000   1665.50833333   1658.23333333   1649.63333333   1641.08333333   1631.76666667   1625.09166667   1614.65833333   1608.02500000   1600.24166667   1592.82500000   1584.32500000   1575.74166667   1565.33333333   1557.68333333   1548.54166667   1539.21666667   1532.65833333   1525.15000000   1518.99166667 
   1511.44166667   1500.91666667   1490.10000000   1479.24166667   1469.01666667   1461.57500000   1452.85000000   1443.71666667   1434.90000000   1424.52500000   1415.84166667   1407.91666667   1398.64166667   1391.10000000   1382.82500000   1375.05000000   1367.50833333   1361.13333333   1352.84166667   1344.33333333   1335.58333333   1328.23333333   1320.60000000   1312.05000000   1303.39166667 
   1294.30833333   1284.31666667   1276.18333333   1268.55000000   1261.24166667   1252.20833333   1244.30000000   1238.00000000   1228.04166667   1219.53333333   1209.01666667   1199.28333333   1191.44166667   1182.72500000   1174.34166667   1168.05000000   1159.80000000   1151.59166667   1144.90833333   1136.75833333   1129.54166667   1122.35833333   1115.01666667   1107.30000000   1101.10000000 
   1095.06666667   1085.86666667   1078.78333333   1070.69166667   1061.86666667   1053.90833333   1044.70000000   1037.10833333   1028.60833333   1018.85833333   1011.62500000   1003.35000000    995.29166667    988.93333333    983.04166667    974.95833333    968.03333333    959.97500000    953.09166667    944.71666667    938.94166667    932.00833333    925.48333333    917.50833333    912.32500000 
    904.91666667    898.14166667    888.69166667    880.31666667    873.94166667    867.08333333    858.48333333    852.74166667    846.85000000    838.66666667    831.14166667    824.63333333    817.29166667    809.87500000    803.35833333    797.73333333    790.12500000    784.67500000    776.64166667    770.81666667    765.67500000    759.41666667    752.59166667    746.30000000    741.26666667 
    735.26666667    729.01666667    722.90000000    716.13333333    709.17500000    702.44166667    695.59166667    689.24166667    682.38333333    676.74166667    670.61666667    663.76666667    658.46666667    654.00000000    648.30000000    643.40000000    636.35000000    628.35000000    624.54166667    621.01666667    617.38333333    615.08333333    610.80833333    605.05833333    601.19166667 
    596.20000000    590.42500000    582.32500000    577.39166667    571.50833333    566.04166667    560.35000000    556.63333333    550.60833333    544.12500000    539.04166667    534.23333333    529.39166667    525.10833333    520.96666667    516.73333333    512.03333333    508.88333333    505.58333333    503.18333333    498.01666667    495.59166667    492.10000000    486.30833333    482.95833333 
    479.70833333    475.32500000    471.32500000    467.20000000    463.89166667    459.98333333    454.77500000    451.31666667    447.84166667    444.07500000    440.65000000    436.58333333    431.73333333    429.10000000    424.55833333    422.55833333    419.10833333    415.54166667    411.60833333    409.14166667    407.86666667    405.06666667    401.15000000    398.35000000    396.84166667 
    394.18333333    390.46666667    387.02500000    383.24166667    379.19166667    376.25000000    371.97500000    367.73333333    364.02500000    361.35000000    358.26666667    353.97500000    352.04166667    351.60000000    347.31666667    344.68333333    342.15833333    338.49166667    336.55833333    333.98333333    332.78333333    329.28333333    325.63333333    322.35000000    320.59166667 
    318.34166667    315.88333333    312.56666667    309.48333333    306.46666667    303.37500000    301.49166667    298.05000000    295.05000000    292.81666667    290.39166667    288.82500000    285.79166667    282.92500000    282.31666667    280.05833333    277.56666667    275.96666667    273.10833333    270.65833333    269.01666667    267.67500000    266.30833333    264.57500000    263.39166667 
    261.89166667    260.22500000    257.43333333    255.00000000    255.00000000    251.99166667    250.73333333    246.79166667    245.00833333    245.84166667    243.56666667    241.15833333    238.55000000    236.61666667    235.06666667    233.57500000    232.77500000    231.60833333    229.32500000    227.57500000    224.48333333    223.77500000    223.15000000    221.38333333    221.10000000 
    219.13333333    218.14166667    215.17500000    213.51666667    212.08333333    210.06666667    208.75833333    206.55000000    206.36666667    204.24166667    203.26666667    201.73333333    201.30000000    200.45000000    199.77500000    198.82500000    198.20000000    196.81666667    197.30000000    196.59166667    195.00000000    194.89166667    193.83333333    194.80000000    193.75000000 
    193.51666667    192.84166667    191.50000000    191.26666667    189.43333333    186.59166667    185.61666667    184.71666667    184.30000000    182.85833333    181.31666667    179.99166667    178.74166667    176.10833333    175.53333333    174.88333333    174.00000000    172.90833333    171.77500000    171.07500000    170.65833333    170.88333333    169.22500000    168.55833333    168.69166667 
    169.00833333    168.00833333    165.39166667    165.21666667    163.49166667    161.87500000    160.01666667    158.50833333    158.17500000    157.08333333    155.75833333    155.92500000    155.47500000    155.15833333    153.52500000    152.70833333    152.72500000    150.76666667    151.35833333    151.04166667    150.38333333    149.29166667    147.82500000    147.13333333    146.43333333 
    146.08333333    145.49166667    142.92500000    142.52500000    141.57500000    141.08333333    140.48333333    139.82500000    139.21666667    137.61666667    136.35000000    135.02500000    134.70000000    134.17500000    133.37500000    133.74166667    134.15000000    133.08333333    133.46666667    131.73333333    132.20833333    133.42500000    132.02500000    132.53333333    132.72500000 
    132.40000000    130.45000000    129.53333333    128.56666667    127.89166667    126.35833333    126.19166667    126.25833333    124.94166667    124.93333333    124.47500000    124.03333333    122.65000000    120.90833333    118.10833333    118.95833333    118.30833333    116.95833333    117.03333333    116.10833333    116.83333333    117.02500000    116.81666667    116.72500000    117.27500000 
    116.59166667    115.92500000    114.93333333    113.72500000    112.75833333    112.54166667    111.73333333    111.05000000    111.30000000    110.28333333    110.31666667    109.55000000    109.55833333    109.72500000    109.21666667    108.30000000    108.36666667    107.22500000    106.90833333    107.31666667    106.89166667    105.96666667    106.40833333    105.52500000    105.60833333 
    104.83333333    103.34166667    103.47500000    103.11666667    102.00000000    101.93333333    101.33333333    100.88333333     99.64166667     98.50833333     98.34166667     98.47500000     97.77500000     97.53333333     97.09166667     96.86666667     97.08333333     95.96666667     95.33333333     95.12500000     93.66666667     93.33333333     93.66666667     94.15833333     94.25000000 
     94.57500000     93.55000000     92.25000000     91.35000000     90.53333333     90.22500000     88.93333333     89.40833333     89.24166667     89.33333333     89.57500000     89.03333333     88.87500000     88.11666667     87.80833333     87.71666667     87.22500000     86.87500000     86.62500000     85.99166667     86.80000000     86.28333333     86.50833333     86.15000000     85.84166667 
     85.43333333     84.56666667     83.27500000     83.07500000     82.46666667     82.70000000     82.60000000     82.11666667     81.57500000     81.79166667     81.00000000     80.93333333     81.10833333     80.75833333     79.95000000     80.24166667     81.10833333     81.11666667     79.00833333     79.55000000     79.30833333     79.29166667     79.88333333     78.20833333     78.68333333 
     78.94166667     78.59166667     77.75833333     78.53333333     78.67500000     78.52500000     78.44166667     78.68333333     78.13333333     77.01666667     76.20833333     75.55000000     74.95833333     74.61666667     74.52500000     73.66666667     73.85000000     73.75833333     73.19166667     74.44166667     74.68333333     73.94166667     73.38333333     72.84166667     72.94166667 
     72.67500000     71.64166667     70.53333333     70.50000000     69.05000000     69.10833333     67.99166667     67.48333333     67.29166667     67.85833333     67.86666667     68.08333333     68.20000000     68.29166667     67.74166667     67.31666667     67.49166667     67.15000000     66.44166667     65.80833333     65.64166667     64.92500000     65.05000000     64.48333333     64.27500000 
     63.98333333     63.46666667     62.22500000     63.93333333     63.23333333     63.08333333     63.42500000     62.71666667     62.28333333     61.77500000     62.00000000     63.34166667     62.90833333     62.99166667     62.60833333     62.67500000     62.32500000     62.70833333     62.90000000     62.50833333     62.41666667     62.50000000     62.57500000     63.00833333     62.20000000 
     62.14166667     61.26666667     59.97500000     59.81666667     60.02500000     59.80000000     58.69166667     57.99166667     57.01666667     57.34166667     57.52500000     56.63333333     57.14166667     56.48333333     55.60833333     56.23333333     56.50000000     56.43333333     57.01666667     57.09166667     56.86666667     56.73333333     56.82500000     56.50000000     56.70833333 
     55.44166667     56.31666667     55.62500000     55.44166667     54.65000000     53.93333333     53.96666667     54.02500000     53.46666667     53.84166667     52.85000000     52.55833333     52.29166667     52.66666667     53.67500000     53.33333333     53.85000000     53.41666667     52.89166667     52.46666667     52.80833333     51.92500000     52.90000000     52.54166667     53.30833333 
     53.02500000     53.43333333     52.94166667     52.13333333     51.22500000     50.37500000     50.53333333     50.43333333     50.60833333     50.30000000     50.60000000     50.29166667     50.33333333     50.04166667     48.92500000     47.62500000     47.53333333     47.58333333     46.91666667     47.50000000     47.76666667     47.35000000     46.87500000     46.75833333     46.67500000 
     47.71666667     47.15000000     46.47500000     46.77500000     47.45000000     46.55000000     46.36666667     46.33333333     45.50833333     46.14166667     47.02500000     47.34166667     46.77500000     47.50833333     47.22500000     47.13333333     46.02500000     45.08333333     45.25833333     44.80833333     44.78333333     44.38333333     44.63333333     43.82500000     44.68333333 
     45.41666667     44.75000000     43.84166667     43.83333333     43.10000000     42.09166667     42.90833333     42.35833333     42.11666667     41.77500000     41.96666667     42.85000000     42.90000000     42.88333333     42.26666667     43.59166667     43.40833333     42.77500000     42.36666667     42.70833333     42.17500000     42.19166667     42.27500000     42.60833333     42.28333333 
     40.92500000     40.55000000     39.80833333     39.89166667     39.75000000     39.36666667     39.16666667     38.58333333     38.30000000     38.33333333     38.35833333     38.83333333     38.12500000     39.27500000     38.85000000     38.70833333     38.56666667     37.87500000     38.48333333     39.07500000     39.39166667     39.07500000     39.78333333     39.28333333     38.99166667 
     38.82500000     38.16666667     37.11666667     37.07500000     37.65000000     37.70000000     38.14166667     37.77500000     37.54166667     37.19166667     37.53333333     37.16666667     37.10833333     36.66666667     36.06666667     36.80000000     37.03333333     37.39166667     37.08333333     37.57500000     38.07500000     38.02500000     37.29166667     38.10833333     38.40000000 
     38.05000000     37.48333333     37.37500000     35.85000000     35.69166667     35.45833333     34.59166667     33.40000000     34.00833333     34.44166667     34.80000000     33.95833333     33.18333333     33.65000000     33.94166667     34.13333333     34.27500000     33.45000000     33.78333333     34.35833333     34.49166667     34.26666667     33.92500000     34.75833333     35.13333333 
     35.85000000     35.85000000     34.39166667     33.50000000     32.25833333     32.08333333     32.36666667     32.54166667     32.74166667     32.63333333     32.40833333     32.52500000     32.80000000     32.47500000     31.70000000     32.31666667     32.10000000     32.05000000     31.74166667     32.27500000     32.28333333     31.26666667     31.42500000     31.44166667     31.07500000 
     31.18333333     30.93333333     30.08333333     30.72500000     30.22500000     30.55000000     31.29166667     30.46666667     29.88333333     30.16666667     30.07500000     30.40000000     30.10833333     30.29166667     30.46666667     29.45000000     29.95833333     29.09166667     29.26666667     30.10000000     30.58333333     30.77500000     30.51666667     30.39166667     30.18333333 
     30.41666667     30.09166667     30.42500000     30.06666667     29.97500000     29.30833333     28.90833333     29.20000000     28.83333333     28.50833333     28.74166667     28.53333333     28.39166667     28.55833333     28.70000000     28.51666667     28.26666667     27.66666667     28.55000000     28.25833333     28.90000000     29.10000000     29.49166667     29.60000000     29.10833333 
     28.21666667     27.77500000     27.49166667     27.45833333     26.96666667     26.43333333     27.01666667     26.87500000     26.13333333     25.62500000     26.82500000     26.89166667     26.86666667     27.16666667     27.07500000     27.11666667     26.27500000     25.90000000     25.61666667     25.54166667     25.63333333     25.67500000     25.94166667     26.00000000     25.80833333 
