      0.00000000     63.41666667     74.17500000     81.78333333     85.50833333     87.86666667     92.53333333     91.25833333     93.10000000     91.91666667     94.76666667     94.38333333     95.47500000     94.99166667     94.07500000     95.15833333     94.09166667     94.88333333     94.94166667     93.84166667     93.05833333     94.11666667     93.38333333     95.65000000     95.79166667 
     94.14166667     95.85000000     97.52500000     99.74166667    101.30833333    100.51666667    101.52500000    102.00000000    101.28333333    100.63333333     98.67500000     98.43333333     97.85000000     98.82500000     98.07500000    100.94166667     98.29166667     98.97500000     99.34166667     99.93333333     99.51666667     98.26666667     98.60000000     99.00000000     98.40833333 
     98.95833333     98.27500000     98.59166667     99.64166667    100.27500000     99.76666667     99.61666667     98.98333333    100.88333333    100.96666667    101.20833333    101.40000000    101.72500000    101.52500000    101.75000000    102.94166667    101.09166667    101.06666667    102.52500000    101.32500000    102.83333333    102.75833333    102.25833333    101.58333333    101.49166667 
    102.49166667    104.74166667    105.36666667    105.86666667    106.04166667    105.70833333    106.12500000    105.80000000    105.90833333    107.67500000    105.64166667    106.02500000    106.05833333    105.95833333    105.46666667    105.90833333    106.18333333    105.81666667    105.65000000    105.39166667    104.16666667    104.68333333    104.90833333    104.67500000    105.33333333 
    105.42500000    106.77500000    108.27500000    107.87500000    108.50000000    108.27500000    110.20000000    110.26666667    109.90833333    110.20000000    111.09166667    110.68333333    111.57500000    109.98333333    112.72500000    113.71666667    111.95833333    111.79166667    112.11666667    113.18333333    111.90833333    111.83333333    113.90000000    111.32500000    110.75833333 
    111.82500000    112.87500000    114.01666667    113.68333333    114.09166667    114.05833333    114.35000000    113.85000000    113.88333333    115.00833333    113.85000000    112.68333333    114.61666667    113.18333333    113.79166667    113.47500000    115.73333333    116.45833333    116.35000000    115.24166667    116.95000000    115.40833333    116.53333333    115.53333333    115.68333333 
    116.46666667    118.06666667    118.50000000    119.59166667    121.25000000    121.74166667    120.87500000    121.78333333    121.18333333    121.84166667    120.73333333    121.17500000    120.58333333    120.55833333    121.54166667    121.00000000    120.16666667    119.24166667    119.81666667    120.41666667    120.05000000    119.80833333    120.06666667    120.44166667    122.28333333 
    120.02500000    121.47500000    122.48333333    122.35000000    123.54166667    124.30833333    122.91666667    122.43333333    122.14166667    124.09166667    126.21666667    125.12500000    125.27500000    126.85000000    127.10833333    127.90833333    126.65833333    124.52500000    125.68333333    126.60000000    126.35000000    124.67500000    125.62500000    124.22500000    125.07500000 
    126.58333333    126.77500000    128.46666667    129.50833333    130.15833333    130.68333333    130.15833333    132.14166667    131.78333333    132.95000000    133.25000000    132.89166667    130.53333333    130.46666667    130.27500000    130.80000000    130.81666667    130.59166667    130.24166667    130.52500000    129.45833333    131.04166667    130.56666667    130.43333333    130.02500000 
    130.47500000    132.53333333    134.45000000    134.74166667    133.16666667    133.25833333    134.70000000    133.77500000    134.55000000    132.98333333    135.94166667    135.54166667    136.70000000    137.74166667    137.60833333    138.35000000    139.92500000    140.78333333    139.38333333    140.03333333    139.42500000    139.65000000    139.93333333    140.24166667    139.83333333 
    138.59166667    140.20000000    143.91666667    143.85000000    143.62500000    141.80000000    142.21666667    142.94166667    143.75000000    143.75000000    142.94166667    141.36666667    141.45833333    143.07500000    142.40000000    143.49166667    143.39166667    145.17500000    144.47500000    144.05000000    144.85833333    146.30833333    144.31666667    145.62500000    147.57500000 
    147.82500000    148.88333333    149.86666667    148.26666667    150.95833333    150.87500000    150.65833333    150.60000000    150.84166667    152.61666667    150.70000000    151.60000000    149.50000000    149.45833333    149.66666667    150.22500000    148.70000000    152.35833333    152.39166667    153.65000000    153.07500000    150.64166667    151.95833333    152.45000000    150.35000000 
    152.13333333    154.01666667    156.91666667    154.60000000    157.39166667    157.40833333    159.64166667    156.52500000    157.78333333    158.26666667    157.60833333    158.11666667    157.80833333    157.05833333    156.19166667    157.36666667    156.61666667    157.68333333    155.86666667    159.35833333    158.84166667    159.50000000    159.95000000    160.68333333    160.80833333 
    160.17500000    160.76666667    162.48333333    163.00833333    163.12500000    164.32500000    166.54166667    168.85000000    168.63333333    168.95000000    168.85833333    167.46666667    169.60000000    169.81666667    169.75000000    170.79166667    169.90833333    168.60000000    168.45833333    169.29166667    169.80000000    169.64166667    170.95000000    170.20833333    169.58333333 
    170.58333333    172.21666667    172.72500000    171.85000000    173.08333333    173.53333333    173.70833333    173.85000000    174.24166667    175.25000000    175.37500000    176.85000000    177.90833333    177.48333333    177.85833333    176.65000000    177.44166667    177.19166667    179.78333333    180.30833333    178.32500000    178.14166667    177.66666667    177.17500000    175.90000000 
    174.47500000    176.95833333    178.53333333    179.08333333    179.30833333    180.88333333    179.24166667    181.74166667    182.28333333    183.85000000    182.55833333    183.76666667    183.95000000    185.65833333    185.71666667    185.67500000    186.45000000    187.10833333    187.15833333    188.71666667    187.25833333    188.00833333    187.70000000    187.52500000    187.24166667 
    188.75833333    191.25000000    191.24166667    192.08333333    194.66666667    194.81666667    194.84166667    194.15000000    196.42500000    195.07500000    195.00000000    192.98333333    195.15833333    194.65833333    192.90000000    192.22500000    192.30000000    193.13333333    195.00000000    196.18333333    195.21666667    195.10000000    197.97500000    197.48333333    195.11666667 
    197.04166667    199.11666667    200.63333333    203.05000000    202.88333333    204.50000000    205.21666667    206.70833333    205.90833333    207.14166667    208.37500000    208.50000000    209.35833333    208.40000000    208.45000000    207.95000000    209.53333333    211.49166667    209.43333333    211.90833333    212.85833333    213.69166667    214.15000000    215.56666667    212.88333333 
    212.19166667    215.25833333    214.09166667    218.09166667    219.30833333    218.15833333    218.58333333    218.55833333    219.05000000    220.00000000    219.92500000    219.91666667    221.41666667    222.26666667    221.71666667    221.95000000    222.91666667    224.35833333    226.07500000    225.23333333    226.31666667    226.19166667    227.28333333    227.74166667    227.56666667 
    225.27500000    228.94166667    231.29166667    232.60000000    234.26666667    233.51666667    234.10000000    234.12500000    237.45000000    236.76666667    237.55833333    238.22500000    240.34166667    238.81666667    239.91666667    243.65000000    243.83333333    245.46666667    244.60833333    244.49166667    243.60833333    242.85833333    243.48333333    242.18333333    241.69166667 
    242.10000000    245.75000000    244.90833333    245.00833333    247.43333333    245.82500000    245.94166667    249.54166667    250.28333333    249.79166667    252.10000000    253.00000000    252.87500000    253.37500000    251.98333333    252.08333333    253.85000000    255.89166667    256.28333333    256.26666667    257.45000000    258.10833333    257.30833333    258.28333333    258.76666667 
    258.74166667    261.17500000    262.31666667    264.89166667    265.47500000    266.13333333    268.67500000    268.80833333    267.80000000    269.05000000    270.68333333    271.30833333    271.75000000    271.55833333    273.70833333    275.24166667    276.03333333    278.00833333    278.32500000    279.94166667    280.85833333    282.56666667    280.09166667    280.90000000    280.66666667 
    282.95000000    284.60000000    284.35833333    285.92500000    284.97500000    287.36666667    288.71666667    289.73333333    291.60833333    290.88333333    292.63333333    293.15833333    293.10833333    295.60000000    294.75833333    294.75000000    296.75833333    297.02500000    299.18333333    299.00000000    297.67500000    298.75000000    298.10833333    299.24166667    299.40000000 
    297.21666667    299.49166667    301.62500000    300.55000000    303.29166667    301.84166667    303.08333333    304.05833333    306.05000000    307.14166667    308.18333333    311.72500000    310.85833333    310.87500000    312.95833333    312.04166667    311.86666667    312.12500000    314.55833333    315.90000000    318.25833333    316.84166667    318.40833333    319.50000000    320.50000000 
    320.14166667    323.60000000    325.16666667    326.25000000    328.80000000    331.35000000    330.95833333    332.45833333    331.95000000    333.08333333    333.81666667    334.47500000    337.06666667    337.36666667    337.27500000    339.02500000    342.36666667    341.26666667    342.29166667    342.84166667    342.18333333    345.12500000    346.89166667    346.46666667    348.45000000 
    349.15833333    351.96666667    353.90000000    353.89166667    355.11666667    354.25000000    355.88333333    356.27500000    358.47500000    359.05833333    359.33333333    358.59166667    359.21666667    360.66666667    360.96666667    361.77500000    363.38333333    364.55833333    367.22500000    367.36666667    367.93333333    369.51666667    372.72500000    372.47500000    373.27500000 
    374.04166667    377.55000000    380.60000000    382.43333333    382.92500000    385.50000000    388.45833333    390.14166667    391.83333333    393.19166667    395.72500000    396.29166667    398.40000000    400.30000000    400.46666667    400.70833333    401.20000000    402.33333333    401.99166667    405.50000000    404.90833333    404.90000000    406.53333333    409.29166667    410.51666667 
    410.15000000    415.02500000    416.88333333    418.36666667    418.60000000    419.47500000    420.65833333    422.30000000    423.38333333    427.39166667    429.73333333    428.69166667    432.07500000    432.78333333    432.33333333    435.97500000    437.40000000    439.16666667    440.00833333    441.20000000    442.53333333    444.00000000    446.55833333    446.48333333    448.78333333 
    446.92500000    450.55000000    451.81666667    455.11666667    456.95000000    460.88333333    463.58333333    465.60000000    467.80000000    467.08333333    469.29166667    471.46666667    474.05000000    475.27500000    478.80833333    478.76666667    481.75833333    482.40000000    484.35000000    487.18333333    489.10833333    489.46666667    490.92500000    491.55833333    492.29166667 
    494.18333333    499.04166667    501.63333333    505.27500000    506.35833333    509.37500000    511.40000000    514.50833333    516.61666667    519.15000000    520.43333333    523.09166667    526.04166667    527.14166667    529.44166667    530.07500000    532.44166667    536.70833333    536.30833333    536.59166667    537.11666667    538.52500000    536.49166667    537.66666667    538.44166667 
    540.79166667    542.03333333    545.50000000    547.45000000    549.24166667    551.00833333    554.99166667    558.42500000    561.96666667    562.10833333    563.60000000    566.18333333    565.86666667    568.71666667    570.89166667    572.82500000    574.73333333    576.44166667    578.24166667    577.11666667    581.20000000    584.13333333    585.08333333    586.96666667    590.38333333 
    588.09166667    594.43333333    594.95000000    599.30000000    601.05000000    603.22500000    606.03333333    607.88333333    610.25833333    611.06666667    611.73333333    614.38333333    616.30833333    619.32500000    623.60000000    625.88333333    628.05833333    628.86666667    631.08333333    630.97500000    634.35833333    634.11666667    638.55833333    639.12500000    643.86666667 
    644.73333333    649.04166667    649.66666667    654.79166667    657.59166667    660.45833333    661.59166667    664.87500000    664.36666667    666.05833333    669.35833333    670.10833333    673.94166667    677.12500000    680.48333333    683.22500000    686.35833333    689.70833333    691.40000000    696.20000000    698.57500000    699.85000000    701.65833333    703.66666667    707.42500000 
    707.65000000    714.78333333    718.35833333    720.64166667    723.17500000    726.28333333    728.86666667    730.05833333    732.17500000    733.15000000    734.76666667    737.40000000    741.20833333    744.20000000    747.56666667    749.43333333    753.58333333    754.91666667    757.96666667    761.41666667    761.78333333    765.86666667    768.59166667    769.95833333    772.95000000 
    773.71666667    780.48333333    783.19166667    784.81666667    790.01666667    794.93333333    797.82500000    801.90833333    804.79166667    808.09166667    813.70000000    816.70000000    820.55000000    824.03333333    825.95833333    831.42500000    833.89166667    837.41666667    839.00000000    843.85000000    847.30000000    851.78333333    853.51666667    857.09166667    858.60000000 
    859.35000000    865.79166667    870.14166667    872.05833333    878.25000000    882.78333333    886.46666667    891.23333333    895.55833333    896.53333333    901.04166667    904.67500000    908.29166667    915.29166667    917.46666667    921.20833333    924.64166667    926.34166667    930.36666667    934.69166667    936.84166667    939.04166667    944.27500000    948.71666667    951.66666667 
    954.92500000    958.81666667    964.90000000    967.91666667    973.39166667    975.90833333    980.39166667    983.25833333    989.24166667    991.64166667    996.08333333    999.37500000   1002.54166667   1008.93333333   1012.01666667   1016.46666667   1019.34166667   1022.39166667   1026.40833333   1028.41666667   1033.30000000   1035.20000000   1038.74166667   1043.66666667   1046.03333333 
   1051.17500000   1057.04166667   1062.91666667   1066.46666667   1072.53333333   1077.66666667   1081.10000000   1086.94166667   1090.10000000   1095.92500000   1100.03333333   1104.42500000   1108.69166667   1113.94166667   1120.25833333   1123.80833333   1127.85000000   1130.87500000   1137.80000000   1140.56666667   1145.14166667   1148.50833333   1151.67500000   1156.48333333   1158.20833333 
   1161.20000000   1167.50833333   1172.75833333   1176.34166667   1182.12500000   1187.00833333   1192.36666667   1198.67500000   1202.25833333   1206.55000000   1210.31666667   1214.11666667   1220.92500000   1224.62500000   1228.48333333   1233.32500000   1236.62500000   1241.51666667   1246.74166667   1251.90000000   1256.31666667   1261.71666667   1264.56666667   1270.80000000   1275.13333333 
   1282.95833333   1286.86666667   1293.45833333   1300.55833333   1306.13333333   1309.89166667   1316.13333333   1320.55833333   1327.65000000   1331.47500000   1336.42500000   1341.79166667   1346.55000000   1352.95833333   1355.88333333   1362.99166667   1365.98333333   1371.72500000   1377.98333333   1378.13333333   1383.99166667   1388.02500000   1393.81666667   1400.34166667   1404.10833333 
   1408.85833333   1414.92500000   1420.93333333   1426.74166667   1434.60833333   1440.35833333   1445.27500000   1451.34166667   1455.58333333   1460.36666667   1466.27500000   1472.24166667   1476.58333333   1483.71666667   1489.54166667   1494.80000000   1498.17500000   1504.27500000   1509.89166667   1514.89166667   1520.18333333   1526.24166667   1531.35000000   1536.65833333   1543.28333333 
   1548.70833333   1554.48333333   1559.58333333   1566.55833333   1572.18333333   1578.49166667   1583.54166667   1590.46666667   1595.16666667   1602.48333333   1608.22500000   1614.22500000   1620.43333333   1627.65000000   1635.26666667   1638.19166667   1643.55833333   1648.82500000   1655.91666667   1664.82500000   1670.19166667   1674.84166667   1681.53333333   1687.54166667   1692.89166667 
   1698.39166667   1707.85833333   1716.39166667   1722.86666667   1732.46666667   1738.29166667   1745.53333333   1748.82500000   1754.94166667   1759.60833333   1766.92500000   1772.80833333   1779.44166667   1783.59166667   1792.00833333   1798.00833333   1802.66666667   1807.77500000   1814.05000000   1820.41666667   1826.09166667   1831.90833333   1837.62500000   1842.71666667   1848.38333333 
   1853.67500000   1863.01666667   1868.95000000   1875.10000000   1880.57500000   1889.70000000   1898.56666667   1903.87500000   1911.76666667   1918.69166667   1925.85833333   1929.89166667   1936.30833333   1942.53333333   1951.21666667   1956.95000000   1963.48333333   1970.74166667   1977.40000000   1985.62500000   1991.43333333   1996.64166667   2003.22500000   2009.25000000   2015.21666667 
   2020.26666667   2029.63333333   2036.09166667   2042.58333333   2050.60833333   2057.65833333   2063.83333333   2070.75000000   2077.59166667   2084.45833333   2091.36666667   2097.30833333   2105.10833333   2109.80833333   2116.00833333   2122.70000000   2129.03333333   2133.65000000   2140.66666667   2148.06666667   2154.98333333   2161.85833333   2168.28333333   2175.74166667   2180.20833333 
   2187.21666667   2197.42500000   2204.26666667   2211.86666667   2219.19166667   2227.05000000   2235.01666667   2241.62500000   2248.11666667   2255.21666667   2262.20833333   2269.18333333   2276.36666667   2282.53333333   2287.66666667   2296.16666667   2302.27500000   2309.19166667   2316.43333333   2322.98333333   2331.31666667   2336.71666667   2344.48333333   2350.17500000   2358.15833333 
   2365.80833333   2372.05000000   2377.87500000   2385.08333333   2393.91666667   2399.81666667   2406.88333333   2412.15833333   2421.62500000   2427.52500000   2433.51666667   2440.12500000   2446.46666667   2452.89166667   2459.18333333   2464.55000000   2472.05833333   2480.97500000   2487.69166667   2494.16666667   2500.54166667   2507.04166667   2512.70833333   2520.80000000   2527.29166667 
   2533.85833333   2541.15000000   2549.04166667   2557.27500000   2563.00000000   2568.72500000   2577.25833333   2582.99166667   2590.07500000   2596.55000000   2603.85833333   2610.71666667   2616.41666667   2622.10833333   2628.73333333   2634.65000000   2640.79166667   2645.54166667   2653.51666667   2659.67500000   2664.52500000   2671.79166667   2679.75833333   2685.85000000   2692.13333333 
   2699.26666667   2706.12500000   2712.48333333   2719.65833333   2725.50000000   2732.88333333   2739.64166667   2747.07500000   2753.53333333   2760.80000000   2767.60833333   2774.92500000   2781.53333333   2787.75833333   2795.00000000   2801.13333333   2807.04166667   2813.06666667   2820.71666667   2826.02500000   2831.17500000   2836.50833333   2842.14166667   2847.65000000   2854.80000000 
   2859.68333333   2866.40833333   2871.10833333   2879.65833333   2884.72500000   2891.30833333   2898.59166667   2905.03333333   2912.45000000   2917.69166667   2922.64166667   2928.81666667   2932.45833333   2938.73333333   2945.05000000   2951.29166667   2955.42500000   2961.43333333   2966.58333333   2972.45000000   2978.24166667   2984.37500000   2990.00000000   2994.64166667   3001.45833333 
   3007.60000000   3015.48333333   3020.98333333   3026.70833333   3033.55833333   3039.00000000   3045.37500000   3050.72500000   3057.34166667   3062.96666667   3067.42500000   3072.85833333   3078.35833333   3084.00000000   3091.85833333   3096.92500000   3102.61666667   3110.01666667   3115.12500000   3120.00833333   3125.79166667   3130.36666667   3134.92500000   3141.50833333   3146.75833333 
   3152.60833333   3159.97500000   3165.97500000   3172.64166667   3177.47500000   3182.75000000   3187.43333333   3193.16666667   3199.78333333   3206.01666667   3210.09166667   3216.65000000   3220.40000000   3226.33333333   3231.25000000   3236.59166667   3242.36666667   3248.48333333   3254.92500000   3258.41666667   3264.61666667   3268.97500000   3273.06666667   3278.06666667   3282.75000000 
   3286.90833333   3290.90833333   3293.75833333   3297.12500000   3301.70000000   3306.91666667   3309.96666667   3312.33333333   3315.74166667   3320.17500000   3324.19166667   3328.60000000   3331.68333333   3333.79166667   3336.12500000   3340.86666667   3343.23333333   3347.13333333   3350.69166667   3353.99166667   3357.90833333   3361.09166667   3363.31666667   3368.24166667   3371.25000000 
   3375.76666667   3378.00833333   3381.22500000   3384.05000000   3387.42500000   3390.17500000   3393.48333333   3395.86666667   3398.32500000   3401.72500000   3404.96666667   3407.20833333   3409.91666667   3412.50000000   3414.95000000   3418.08333333   3420.83333333   3423.40000000   3425.80000000   3428.37500000   3429.70000000   3433.14166667   3434.72500000   3436.45833333   3437.97500000 
   3440.41666667   3441.88333333   3441.97500000   3444.33333333   3445.90000000   3447.35833333   3448.20000000   3450.19166667   3451.49166667   3453.20000000   3453.71666667   3454.87500000   3455.90000000   3456.08333333   3457.30833333   3458.43333333   3458.80000000   3459.43333333   3460.27500000   3461.14166667   3461.71666667   3463.52500000   3465.25000000   3465.41666667   3467.28333333 
   3467.13333333   3467.18333333   3466.84166667   3466.35833333   3465.66666667   3468.25833333   3467.71666667   3467.95833333   3468.00833333   3468.20833333   3468.94166667   3470.36666667   3469.89166667   3471.16666667   3470.00833333   3470.93333333   3470.92500000   3471.48333333   3470.65000000   3471.35833333   3472.61666667   3471.88333333   3471.55833333   3471.65000000   3471.34166667 
   3472.01666667   3472.01666667   3470.88333333   3472.32500000   3473.40000000   3474.26666667   3472.29166667   3472.54166667   3472.04166667   3470.84166667   3469.17500000   3469.78333333   3468.55000000   3469.35000000   3467.98333333   3468.28333333   3468.74166667   3468.87500000   3467.25833333   3466.65000000   3467.19166667   3467.72500000   3467.17500000   3468.25833333   3467.80000000 
   3466.75833333   3466.09166667   3464.84166667   3463.05833333   3461.70000000   3459.75833333   3459.25000000   3457.96666667   3455.55000000   3455.32500000   3452.61666667   3452.81666667   3450.01666667   3447.72500000   3445.95000000   3446.26666667   3445.25833333   3443.49166667   3442.64166667   3441.65000000   3440.75833333   3439.65000000   3438.42500000   3438.15000000   3437.15000000 
   3436.83333333   3434.73333333   3433.65833333   3430.77500000   3428.85000000   3425.86666667   3425.79166667   3424.40000000   3422.50000000   3420.37500000   3416.71666667   3416.70000000   3414.31666667   3411.76666667   3410.20000000   3407.58333333   3406.01666667   3405.62500000   3403.65833333   3403.39166667   3401.45000000   3398.45000000   3397.69166667   3396.81666667   3395.41666667 
   3393.80833333   3389.77500000   3386.54166667   3383.88333333   3379.91666667   3377.38333333   3374.48333333   3371.58333333   3368.17500000   3365.37500000   3363.28333333   3362.56666667   3359.96666667   3357.51666667   3354.83333333   3353.26666667   3350.36666667   3348.34166667   3346.18333333   3343.89166667   3341.33333333   3339.85000000   3338.51666667   3335.74166667   3333.35833333 
   3331.60000000   3327.80000000   3325.44166667   3322.25000000   3317.30833333   3314.27500000   3312.57500000   3309.28333333   3305.63333333   3303.14166667   3298.77500000   3294.65833333   3291.10000000   3288.65833333   3286.66666667   3283.46666667   3279.81666667   3277.68333333   3275.00000000   3272.97500000   3270.77500000   3267.55000000   3264.76666667   3263.16666667   3261.13333333 
   3258.80000000   3255.30833333   3251.84166667   3247.71666667   3243.85000000   3241.22500000   3237.05833333   3233.60000000   3230.10000000   3227.99166667   3223.00833333   3219.26666667   3216.64166667   3212.48333333   3209.44166667   3206.40833333   3203.30000000   3198.65000000   3193.77500000   3191.05833333   3188.57500000   3184.09166667   3179.66666667   3177.48333333   3174.05833333 
   3171.95000000   3167.00833333   3163.05833333   3158.27500000   3153.45000000   3149.65000000   3143.70000000   3139.06666667   3134.54166667   3131.72500000   3126.30000000   3121.99166667   3116.86666667   3113.70833333   3107.90833333   3103.63333333   3097.79166667   3094.10833333   3089.15833333   3085.95000000   3081.43333333   3078.35000000   3072.25833333   3069.39166667   3065.03333333 
   3061.54166667   3055.32500000   3048.29166667   3042.82500000   3036.90833333   3032.41666667   3028.22500000   3021.80833333   3016.25833333   3011.19166667   3007.14166667   3001.00833333   2997.34166667   2993.07500000   2988.10000000   2982.35833333   2977.42500000   2971.07500000   2966.53333333   2962.18333333   2955.60833333   2949.73333333   2945.08333333   2939.23333333   2933.40000000 
   2928.71666667   2920.77500000   2914.96666667   2909.11666667   2901.80000000   2894.70000000   2889.10833333   2882.11666667   2874.98333333   2869.04166667   2863.87500000   2859.12500000   2853.36666667   2846.19166667   2838.32500000   2831.78333333   2825.68333333   2821.32500000   2815.70833333   2809.77500000   2802.31666667   2796.97500000   2791.48333333   2786.50833333   2779.00000000 
   2773.95000000   2765.10833333   2759.65000000   2750.96666667   2744.95833333   2736.45833333   2728.74166667   2723.39166667   2714.72500000   2707.74166667   2701.79166667   2694.27500000   2689.15833333   2682.04166667   2675.31666667   2667.56666667   2660.60833333   2655.01666667   2648.48333333   2642.97500000   2635.82500000   2629.82500000   2622.09166667   2616.50833333   2610.87500000 
   2603.16666667   2593.10000000   2585.75833333   2576.95000000   2568.61666667   2562.57500000   2554.24166667   2546.39166667   2539.46666667   2532.39166667   2524.21666667   2516.69166667   2508.89166667   2500.85000000   2493.67500000   2487.25833333   2478.69166667   2472.20833333   2466.64166667   2459.42500000   2452.77500000   2444.82500000   2438.56666667   2432.80833333   2424.77500000 
   2418.45000000   2410.21666667   2403.44166667   2394.36666667   2384.45000000   2374.90833333   2368.16666667   2358.85000000   2350.72500000   2344.78333333   2335.22500000   2326.86666667   2319.64166667   2311.73333333   2304.12500000   2296.84166667   2287.60000000   2280.15833333   2272.55833333   2263.13333333   2252.88333333   2245.18333333   2237.24166667   2229.57500000   2224.04166667 
   2217.18333333   2207.35000000   2198.68333333   2190.29166667   2180.98333333   2173.20833333   2167.56666667   2156.68333333   2148.30000000   2140.26666667   2132.64166667   2125.28333333   2115.72500000   2105.79166667   2097.33333333   2088.09166667   2080.17500000   2071.95833333   2065.93333333   2057.89166667   2047.52500000   2039.59166667   2030.84166667   2020.85833333   2014.16666667 
   2002.42500000   1994.25000000   1985.25833333   1975.23333333   1967.14166667   1957.25000000   1947.25833333   1939.30000000   1929.72500000   1919.70833333   1910.97500000   1904.46666667   1894.44166667   1886.96666667   1879.17500000   1870.82500000   1861.97500000   1852.32500000   1842.12500000   1834.60000000   1825.13333333   1816.56666667   1809.09166667   1799.47500000   1792.58333333 
   1784.94166667   1775.89166667   1765.75000000   1753.70000000   1744.24166667   1736.61666667   1726.35833333   1715.73333333   1707.85000000   1696.96666667   1689.00000000   1679.28333333   1671.63333333   1661.50000000   1654.00833333   1645.62500000   1638.59166667   1629.87500000   1619.85000000   1612.04166667   1602.25000000   1595.62500000   1588.35000000   1579.70833333   1569.99166667 
   1561.42500000   1549.62500000   1540.35833333   1532.45000000   1524.97500000   1515.56666667   1507.79166667   1499.97500000   1491.47500000   1480.46666667   1470.12500000   1460.31666667   1452.35000000   1441.52500000   1433.80000000   1426.87500000   1418.96666667   1409.42500000   1402.62500000   1392.78333333   1384.76666667   1378.25833333   1371.77500000   1363.72500000   1356.13333333 
   1349.72500000   1340.63333333   1334.08333333   1324.77500000   1315.98333333   1306.29166667   1295.35833333   1288.63333333   1279.88333333   1269.45833333   1261.58333333   1252.12500000   1243.20000000   1237.11666667   1229.66666667   1221.86666667   1214.62500000   1206.94166667   1197.98333333   1190.40000000   1183.54166667   1175.34166667   1167.04166667   1159.43333333   1154.03333333 
   1145.54166667   1138.33333333   1126.06666667   1117.00000000   1111.85833333   1103.09166667   1094.40000000   1086.79166667   1081.30000000   1072.28333333   1064.84166667   1058.07500000   1049.07500000   1041.30833333   1034.45833333   1027.58333333   1020.03333333   1013.50833333   1007.28333333    999.61666667    993.13333333    986.50000000    979.70000000    972.59166667    966.79166667 
    960.61666667    952.05000000    943.88333333    937.05000000    931.00000000    922.60833333    915.49166667    906.54166667    898.08333333    893.08333333    887.66666667    879.99166667    873.48333333    869.55000000    862.21666667    857.76666667    849.21666667    841.37500000    838.11666667    833.32500000    829.80000000    824.18333333    821.62500000    814.99166667    810.63333333 
    804.06666667    796.67500000    786.78333333    781.02500000    775.04166667    768.24166667    763.40833333    759.51666667    752.64166667    745.16666667    739.65833333    733.96666667    727.95833333    724.18333333    719.83333333    715.49166667    709.22500000    706.15833333    700.93333333    699.25833333    695.06666667    692.00833333    687.45000000    682.64166667    677.17500000 
    674.86666667    666.76666667    663.56666667    659.53333333    653.93333333    649.95833333    644.85000000    639.60000000    635.48333333    631.57500000    628.08333333    622.24166667    616.94166667    614.25000000    609.84166667    606.81666667    604.19166667    599.92500000    595.95000000    592.49166667    590.70000000    589.00000000    583.25000000    580.45000000    579.25833333 
    577.73333333    570.69166667    567.16666667    561.96666667    556.13333333    553.91666667    548.84166667    542.77500000    538.94166667    536.38333333    532.50000000    528.41666667    525.37500000    526.57500000    520.72500000    516.18333333    514.42500000    510.77500000    508.12500000    505.75833333    503.75000000    499.46666667    496.20000000    492.35833333    489.70000000 
    486.70000000    484.08333333    479.15833333    475.37500000    472.50833333    468.80000000    465.64166667    461.90833333    458.27500000    454.97500000    452.99166667    451.46666667    447.77500000    444.19166667    442.24166667    439.89166667    437.64166667    435.67500000    431.60000000    426.79166667    426.98333333    425.15833333    422.45000000    420.91666667    421.85833333 
    419.13333333    414.56666667    412.10833333    408.93333333    407.84166667    405.73333333    405.56666667    400.91666667    397.20833333    397.99166667    395.66666667    393.95833333    390.13333333    388.16666667    383.87500000    383.17500000    381.18333333    380.36666667    379.10000000    376.41666667    371.64166667    371.75833333    372.29166667    368.79166667    368.15000000 
    366.18333333    363.94166667    360.10000000    357.32500000    355.44166667    355.11666667    352.45833333    349.13333333    347.61666667    347.03333333    345.55000000    343.61666667    344.71666667    342.75000000    341.30833333    341.19166667    340.69166667    337.68333333    337.48333333    337.20833333    335.99166667    335.54166667    335.37500000    337.00833333    335.60000000 
    334.26666667    332.94166667    330.94166667    329.80833333    329.83333333    324.80000000    322.94166667    322.60833333    322.35000000    318.59166667    318.34166667    315.70833333    314.25000000    310.40000000    310.54166667    310.33333333    308.85000000    306.60833333    307.00000000    305.01666667    305.40000000    305.50000000    303.50000000    302.90833333    301.49166667 
    303.16666667    301.43333333    298.00833333    297.43333333    295.67500000    293.10833333    292.03333333    288.10000000    288.70000000    287.66666667    285.35833333    286.41666667    286.09166667    284.97500000    282.25833333    280.07500000    283.28333333    279.13333333    280.02500000    278.60833333    278.44166667    277.25000000    274.76666667    272.92500000    273.30833333 
    272.42500000    271.16666667    267.08333333    267.15000000    266.35000000    263.84166667    265.33333333    264.90000000    262.10000000    260.75833333    258.90833333    258.35000000    257.79166667    255.56666667    254.75000000    256.11666667    257.36666667    256.50833333    255.27500000    252.84166667    254.41666667    255.43333333    255.10000000    256.06666667    255.75833333 
    256.18333333    251.59166667    249.32500000    249.01666667    248.17500000    247.15000000    245.67500000    244.22500000    244.43333333    242.80000000    244.28333333    243.91666667    240.56666667    238.54166667    236.33333333    236.25000000    235.40833333    233.03333333    234.00000000    230.75000000    234.20833333    233.36666667    234.40833333    234.94166667    233.83333333 
    233.44166667    230.31666667    229.17500000    227.36666667    227.04166667    225.54166667    225.90833333    223.50000000    224.40833333    222.76666667    223.07500000    223.41666667    222.10000000    221.96666667    222.50833333    222.11666667    221.16666667    219.31666667    221.28333333    221.38333333    220.46666667    219.53333333    220.23333333    218.83333333    218.58333333 
    217.05000000    213.95000000    214.12500000    214.05000000    212.67500000    211.32500000    210.79166667    210.26666667    209.52500000    206.30000000    205.30000000    206.40833333    205.76666667    204.12500000    205.27500000    204.95000000    205.34166667    203.49166667    203.05000000    201.94166667    201.68333333    200.45000000    200.44166667    201.82500000    200.57500000 
    202.31666667    198.98333333    199.36666667    195.56666667    196.50833333    195.81666667    194.41666667    195.31666667    193.44166667    193.65833333    193.18333333    192.50833333    193.14166667    192.10833333    191.70833333    192.83333333    190.26666667    190.14166667    190.25833333    189.90833333    190.46666667    189.81666667    190.49166667    188.78333333    190.26666667 
    189.26666667    187.67500000    185.65833333    185.09166667    184.25000000    184.27500000    183.84166667    182.83333333    180.96666667    183.46666667    182.37500000    181.70000000    182.48333333    181.02500000    179.72500000    181.41666667    182.05000000    182.18333333    180.35000000    179.56666667    179.07500000    178.30833333    179.83333333    177.20833333    177.76666667 
    179.66666667    177.06666667    175.71666667    177.21666667    178.79166667    177.18333333    177.42500000    177.79166667    176.08333333    176.19166667    173.81666667    174.42500000    172.54166667    172.67500000    172.40000000    171.20833333    170.27500000    171.68333333    170.90000000    170.95833333    172.11666667    171.51666667    170.31666667    169.45833333    168.99166667 
    169.35833333    166.76666667    164.49166667    165.56666667    163.22500000    164.23333333    162.43333333    162.43333333    160.80000000    162.69166667    160.37500000    163.00000000    162.08333333    162.30833333    162.92500000    161.13333333    161.05833333    161.62500000    159.34166667    158.73333333    160.18333333    158.39166667    158.01666667    155.61666667    157.15000000 
    156.14166667    155.95833333    152.50000000    155.53333333    154.03333333    155.69166667    155.40000000    153.58333333    153.60000000    153.32500000    153.53333333    155.01666667    153.26666667    155.42500000    153.73333333    152.16666667    152.66666667    153.97500000    154.56666667    152.02500000    154.05833333    153.49166667    153.57500000    153.99166667    153.52500000 
    153.93333333    151.37500000    149.41666667    149.39166667    148.16666667    148.91666667    147.15000000    146.12500000    144.57500000    144.80000000    146.15000000    143.92500000    144.70833333    143.69166667    142.76666667    143.38333333    145.08333333    143.08333333    143.90000000    144.46666667    144.49166667    144.48333333    144.98333333    144.40000000    144.30000000 
    142.94166667    142.81666667    140.80833333    141.85000000    139.59166667    139.11666667    139.05833333    139.08333333    139.15000000    139.86666667    139.50000000    139.18333333    137.54166667    137.16666667    138.64166667    139.87500000    140.74166667    138.85000000    138.26666667    137.18333333    138.02500000    136.55833333    137.41666667    136.40000000    137.53333333 
    137.54166667    136.70833333    135.24166667    136.60833333    133.83333333    133.19166667    133.33333333    132.80833333    133.70833333    132.57500000    132.47500000    133.11666667    132.05000000    133.32500000    131.51666667    128.97500000    130.72500000    130.15000000    128.54166667    128.93333333    131.27500000    128.89166667    128.24166667    128.95833333    129.55000000 
    128.35833333    128.52500000    127.10000000    127.93333333    128.35833333    127.25833333    127.58333333    125.52500000    126.04166667    126.15000000    127.45833333    129.04166667    127.58333333    129.42500000    128.55833333    128.12500000    127.25833333    126.20000000    125.30000000    123.95833333    124.84166667    123.80833333    123.97500000    123.58333333    125.55000000 
    125.90833333    124.40000000    122.46666667    123.52500000    122.25000000    121.04166667    122.10833333    121.23333333    119.95000000    120.18333333    119.80000000    120.17500000    122.75000000    121.63333333    120.14166667    123.27500000    122.91666667    120.63333333    120.64166667    120.31666667    119.61666667    120.67500000    120.41666667    120.65833333    118.45000000 
    118.52500000    117.67500000    116.37500000    114.95833333    117.38333333    115.44166667    113.74166667    113.49166667    113.57500000    113.20833333    113.75000000    113.80000000    113.43333333    114.23333333    115.30833333    114.60833333    114.06666667    113.89166667    113.96666667    114.78333333    115.15833333    115.35000000    115.37500000    115.93333333    114.05000000 
    115.04166667    113.39166667    110.68333333    111.67500000    112.41666667    113.19166667    112.61666667    110.78333333    111.40833333    111.35833333    112.13333333    111.67500000    112.58333333    110.11666667    109.95000000    111.00000000    109.90833333    111.78333333    111.09166667    110.61666667    112.93333333    111.38333333    111.82500000    113.21666667    114.10833333 
    110.85000000    109.87500000    111.51666667    108.22500000    108.33333333    107.96666667    106.96666667    104.75833333    105.91666667    106.77500000    107.25000000    105.80833333    104.26666667    105.45833333    105.87500000    105.02500000    104.93333333    105.57500000    105.48333333    106.39166667    106.03333333    106.46666667    104.69166667    105.16666667    106.84166667 
    107.75833333    106.78333333    104.83333333    103.92500000    102.15000000    101.80000000    101.70000000    103.46666667    102.67500000    101.93333333    100.95833333    103.25833333    102.30833333    103.95833333    102.41666667    101.22500000    101.73333333    102.27500000    101.40833333    101.25000000    101.82500000    100.68333333    102.59166667    101.84166667    100.41666667 
    100.47500000    101.37500000     97.60000000     99.48333333     99.61666667     99.40000000     99.26666667    100.17500000     98.25000000     98.66666667     97.15000000     97.74166667     98.65000000     99.48333333     98.46666667     97.40833333     97.57500000     96.49166667     97.70000000     98.33333333     99.38333333     98.66666667     98.84166667     99.30833333     98.22500000 
     99.26666667     97.32500000     98.31666667     97.71666667     97.96666667     95.72500000     95.85000000     95.90000000     94.60833333     94.97500000     95.43333333     96.01666667     95.36666667     95.68333333     95.58333333     95.40000000     95.58333333     93.83333333     94.41666667     94.00833333     96.55833333     96.67500000     97.59166667     96.23333333     96.34166667 
     94.99166667     92.65000000     92.98333333     93.84166667     91.26666667     92.85833333     91.80000000     91.65833333     90.60833333     90.40833333     92.05833333     92.35000000     91.58333333     91.53333333     91.54166667     91.75000000     90.56666667     90.55833333     89.63333333     89.54166667     89.73333333     90.61666667     90.04166667     90.92500000     91.05833333 
