  0.00000000E+00 -6.83740000E+01 -8.03400000E+01 -8.97056667E+01 -9.58000000E+01 -1.00480333E+02 -1.04063000E+02 -1.04460000E+02 -1.06418000E+02 -1.08193333E+02 -1.10439000E+02 -1.10852667E+02 -1.11005333E+02 -1.11110000E+02 -1.11444333E+02 -1.10986667E+02 -1.12827667E+02 -1.11685000E+02 -1.11958333E+02 -1.11061333E+02 -1.09093333E+02 -1.08317667E+02 -1.11484000E+02 -1.09347000E+02 -1.08383000E+02 
 -1.10479667E+02 -1.14947333E+02 -1.15663000E+02 -1.15293333E+02 -1.17038667E+02 -1.14285333E+02 -1.13047000E+02 -1.13896667E+02 -1.14570000E+02 -1.13762333E+02 -1.13830000E+02 -1.14438667E+02 -1.14587667E+02 -1.17100000E+02 -1.16204333E+02 -1.16399333E+02 -1.16610667E+02 -1.16511333E+02 -1.16210000E+02 -1.13497000E+02 -1.13895667E+02 -1.13222333E+02 -1.13107000E+02 -1.13633333E+02 -1.14654667E+02 
 -1.12315333E+02 -1.12802333E+02 -1.16140667E+02 -1.18589667E+02 -1.18640000E+02 -1.19039333E+02 -1.18885667E+02 -1.21078333E+02 -1.23455000E+02 -1.23020333E+02 -1.21455667E+02 -1.19157333E+02 -1.22117667E+02 -1.21579000E+02 -1.22463000E+02 -1.21524000E+02 -1.20250000E+02 -1.21278333E+02 -1.20495000E+02 -1.20163333E+02 -1.21984667E+02 -1.21588667E+02 -1.22789667E+02 -1.20903000E+02 -1.20710000E+02 
 -1.19944333E+02 -1.20917667E+02 -1.21613667E+02 -1.21899667E+02 -1.23919667E+02 -1.24294667E+02 -1.24711667E+02 -1.27613000E+02 -1.27703667E+02 -1.26587667E+02 -1.26074333E+02 -1.28101333E+02 -1.27672667E+02 -1.26594333E+02 -1.26178000E+02 -1.25469333E+02 -1.28213667E+02 -1.25587000E+02 -1.25331333E+02 -1.26719000E+02 -1.26515667E+02 -1.26834000E+02 -1.25488667E+02 -1.28774000E+02 -1.26377667E+02 
 -1.24606333E+02 -1.29332667E+02 -1.27921000E+02 -1.29979333E+02 -1.30366000E+02 -1.30895667E+02 -1.32969333E+02 -1.31024667E+02 -1.28712333E+02 -1.31412667E+02 -1.31952333E+02 -1.30849667E+02 -1.29809667E+02 -1.31762333E+02 -1.33544667E+02 -1.31385667E+02 -1.32746333E+02 -1.32979667E+02 -1.31162667E+02 -1.33160000E+02 -1.31807667E+02 -1.33392333E+02 -1.31515000E+02 -1.33679000E+02 -1.31852667E+02 
 -1.32333667E+02 -1.35641667E+02 -1.33420333E+02 -1.35998000E+02 -1.36617667E+02 -1.36675000E+02 -1.35487333E+02 -1.37256667E+02 -1.38433000E+02 -1.37399000E+02 -1.37999333E+02 -1.38130333E+02 -1.38100333E+02 -1.37979667E+02 -1.39173333E+02 -1.40959333E+02 -1.40690667E+02 -1.39437667E+02 -1.39299333E+02 -1.41119667E+02 -1.40901000E+02 -1.38988333E+02 -1.37788000E+02 -1.37209000E+02 -1.38011000E+02 
 -1.36334000E+02 -1.38250333E+02 -1.41588333E+02 -1.42684333E+02 -1.45351333E+02 -1.44727000E+02 -1.46071667E+02 -1.43694000E+02 -1.44424000E+02 -1.43665333E+02 -1.46144000E+02 -1.45962000E+02 -1.44975667E+02 -1.46951667E+02 -1.45375333E+02 -1.45892667E+02 -1.44332333E+02 -1.43352333E+02 -1.43820000E+02 -1.46045000E+02 -1.42818667E+02 -1.45437333E+02 -1.44771000E+02 -1.42412000E+02 -1.41346333E+02 
 -1.42918000E+02 -1.44552333E+02 -1.45543000E+02 -1.49255667E+02 -1.48366333E+02 -1.49955667E+02 -1.48521000E+02 -1.51325333E+02 -1.49903000E+02 -1.51571667E+02 -1.51805667E+02 -1.51229000E+02 -1.52968333E+02 -1.53476667E+02 -1.52337667E+02 -1.51039333E+02 -1.51012333E+02 -1.51127000E+02 -1.50336667E+02 -1.52236667E+02 -1.51548667E+02 -1.51015333E+02 -1.50537667E+02 -1.51708333E+02 -1.53308000E+02 
 -1.53200667E+02 -1.54470333E+02 -1.54880333E+02 -1.54770333E+02 -1.54986333E+02 -1.56135667E+02 -1.56547667E+02 -1.56382000E+02 -1.58247333E+02 -1.56323667E+02 -1.58691000E+02 -1.58100333E+02 -1.58221000E+02 -1.57597667E+02 -1.55717333E+02 -1.56619667E+02 -1.58384000E+02 -1.57898000E+02 -1.58014667E+02 -1.55357667E+02 -1.57710000E+02 -1.57954333E+02 -1.55672333E+02 -1.55204000E+02 -1.56012333E+02 
 -1.53920000E+02 -1.60720667E+02 -1.62382333E+02 -1.60950000E+02 -1.62790000E+02 -1.62340667E+02 -1.63811000E+02 -1.65390333E+02 -1.66680667E+02 -1.67672333E+02 -1.66711000E+02 -1.66290000E+02 -1.66232667E+02 -1.67541333E+02 -1.64982667E+02 -1.63615333E+02 -1.66009000E+02 -1.68296333E+02 -1.67866667E+02 -1.68099667E+02 -1.68866000E+02 -1.70432667E+02 -1.72452667E+02 -1.72118667E+02 -1.73160333E+02 
 -1.70169333E+02 -1.74085000E+02 -1.74047000E+02 -1.74890333E+02 -1.74956667E+02 -1.74666000E+02 -1.74081333E+02 -1.74820000E+02 -1.74021000E+02 -1.76018000E+02 -1.74573333E+02 -1.74380667E+02 -1.74800000E+02 -1.73590667E+02 -1.72338000E+02 -1.72790667E+02 -1.72154667E+02 -1.75208000E+02 -1.76814000E+02 -1.74546000E+02 -1.75264667E+02 -1.72700000E+02 -1.74411333E+02 -1.75123667E+02 -1.75469333E+02 
 -1.76182000E+02 -1.77777667E+02 -1.79746667E+02 -1.79706000E+02 -1.80351000E+02 -1.79684000E+02 -1.81908000E+02 -1.81522000E+02 -1.80524667E+02 -1.80124333E+02 -1.80545000E+02 -1.81931000E+02 -1.82926333E+02 -1.83828000E+02 -1.85683667E+02 -1.85793333E+02 -1.85327667E+02 -1.84718333E+02 -1.85613000E+02 -1.83391667E+02 -1.85508000E+02 -1.87149333E+02 -1.88940000E+02 -1.89089333E+02 -1.88895000E+02 
 -1.89413667E+02 -1.91624667E+02 -1.93447333E+02 -1.94089000E+02 -1.93291667E+02 -1.93460333E+02 -1.94668667E+02 -1.94345333E+02 -1.94251667E+02 -1.93843667E+02 -1.91504000E+02 -1.93532000E+02 -1.91583667E+02 -1.91087667E+02 -1.94312667E+02 -1.93249333E+02 -1.93122000E+02 -1.92890000E+02 -1.94369000E+02 -1.94800000E+02 -1.96829000E+02 -1.95183667E+02 -1.96179000E+02 -1.96953667E+02 -1.96275667E+02 
 -1.95612667E+02 -2.00646667E+02 -2.01088000E+02 -2.04191000E+02 -2.04626000E+02 -2.04165333E+02 -2.06024333E+02 -2.05328667E+02 -2.05590333E+02 -2.07577000E+02 -2.07196667E+02 -2.06588333E+02 -2.09787000E+02 -2.12628000E+02 -2.11459000E+02 -2.10213333E+02 -2.12386667E+02 -2.11328667E+02 -2.11003000E+02 -2.12819333E+02 -2.13553000E+02 -2.12411667E+02 -2.10835667E+02 -2.13334333E+02 -2.09210333E+02 
 -2.09873333E+02 -2.12802000E+02 -2.12780000E+02 -2.13372333E+02 -2.15157333E+02 -2.16937333E+02 -2.18568667E+02 -2.16398333E+02 -2.17646333E+02 -2.18846667E+02 -2.22632667E+02 -2.20892667E+02 -2.21518667E+02 -2.22023667E+02 -2.22402667E+02 -2.21911000E+02 -2.22957333E+02 -2.23182000E+02 -2.24851333E+02 -2.23387000E+02 -2.24049000E+02 -2.23399000E+02 -2.23465333E+02 -2.26553667E+02 -2.26666333E+02 
 -2.25950333E+02 -2.25818333E+02 -2.25424333E+02 -2.28107667E+02 -2.28463333E+02 -2.32439333E+02 -2.35839667E+02 -2.36963667E+02 -2.36781000E+02 -2.36279000E+02 -2.37603000E+02 -2.39284667E+02 -2.39383000E+02 -2.40008667E+02 -2.35725000E+02 -2.34549667E+02 -2.36077333E+02 -2.35389667E+02 -2.34527000E+02 -2.33065667E+02 -2.33158333E+02 -2.34308667E+02 -2.34625667E+02 -2.35972333E+02 -2.36697667E+02 
 -2.39377667E+02 -2.41953000E+02 -2.44203667E+02 -2.46462000E+02 -2.47496000E+02 -2.45254000E+02 -2.47508000E+02 -2.47932000E+02 -2.49547667E+02 -2.50616333E+02 -2.51742000E+02 -2.53076333E+02 -2.51459000E+02 -2.54371000E+02 -2.54026667E+02 -2.55123333E+02 -2.55726667E+02 -2.53572667E+02 -2.54420000E+02 -2.56940667E+02 -2.58433000E+02 -2.56604667E+02 -2.55532333E+02 -2.58819333E+02 -2.55698000E+02 
 -2.57394000E+02 -2.55735000E+02 -2.57568000E+02 -2.59314333E+02 -2.56695333E+02 -2.60176333E+02 -2.60149667E+02 -2.62000000E+02 -2.62575000E+02 -2.62390000E+02 -2.63748000E+02 -2.64828333E+02 -2.64767000E+02 -2.67211333E+02 -2.68574667E+02 -2.69304333E+02 -2.68434000E+02 -2.67452000E+02 -2.67264000E+02 -2.68052333E+02 -2.67077667E+02 -2.65578667E+02 -2.66084333E+02 -2.67853333E+02 -2.69200000E+02 
 -2.69770000E+02 -2.72844667E+02 -2.74337667E+02 -2.74303667E+02 -2.78566667E+02 -2.80320000E+02 -2.80983000E+02 -2.81894667E+02 -2.81268667E+02 -2.80592000E+02 -2.83578000E+02 -2.83652000E+02 -2.83808667E+02 -2.86156667E+02 -2.86908333E+02 -2.88645333E+02 -2.87932333E+02 -2.90473000E+02 -2.88516333E+02 -2.89858667E+02 -2.90793667E+02 -2.91778667E+02 -2.91882667E+02 -2.89529667E+02 -2.86493667E+02 
 -2.90087667E+02 -2.94605667E+02 -2.94937000E+02 -2.95883667E+02 -2.99973333E+02 -2.97721667E+02 -2.98672667E+02 -2.99613667E+02 -2.99965000E+02 -2.98811333E+02 -3.01536667E+02 -3.02489667E+02 -3.03839667E+02 -3.05585333E+02 -3.07481667E+02 -3.07001000E+02 -3.05111667E+02 -3.05703333E+02 -3.06204667E+02 -3.08904333E+02 -3.07801333E+02 -3.07001000E+02 -3.09292333E+02 -3.09115667E+02 -3.10531000E+02 
 -3.08790000E+02 -3.07714667E+02 -3.03087000E+02 -3.01756000E+02 -3.05197000E+02 -3.00805000E+02 -3.00089667E+02 -3.01614333E+02 -3.01911667E+02 -3.02827000E+02 -3.01175667E+02 -3.00828333E+02 -3.00946667E+02 -3.00099000E+02 -2.98674333E+02 -2.99076667E+02 -2.98694333E+02 -2.96839333E+02 -2.96972667E+02 -2.95795667E+02 -2.95004333E+02 -2.97284333E+02 -2.97213667E+02 -2.94618333E+02 -2.94703000E+02 
 -2.99148000E+02 -2.96126333E+02 -2.93682333E+02 -2.89165667E+02 -2.90998667E+02 -2.90392667E+02 -2.90800333E+02 -2.87635000E+02 -2.86181333E+02 -2.86525333E+02 -2.86214000E+02 -2.83075667E+02 -2.81210333E+02 -2.80348333E+02 -2.80214667E+02 -2.80711667E+02 -2.82520667E+02 -2.82463667E+02 -2.81259667E+02 -2.80529000E+02 -2.79524333E+02 -2.80389667E+02 -2.78146000E+02 -2.74708667E+02 -2.76031667E+02 
 -2.78398000E+02 -2.74244000E+02 -2.71426000E+02 -2.68972333E+02 -2.67617333E+02 -2.65388333E+02 -2.64216000E+02 -2.60368667E+02 -2.61727333E+02 -2.59714333E+02 -2.63933333E+02 -2.65499667E+02 -2.62066667E+02 -2.61387333E+02 -2.60551333E+02 -2.61073333E+02 -2.61130333E+02 -2.59450000E+02 -2.57851667E+02 -2.58772667E+02 -2.60123667E+02 -2.60044000E+02 -2.58851000E+02 -2.58362000E+02 -2.60578000E+02 
 -2.58766667E+02 -2.54459333E+02 -2.52940000E+02 -2.52142000E+02 -2.50878000E+02 -2.49637333E+02 -2.47103000E+02 -2.46751000E+02 -2.46720667E+02 -2.49450000E+02 -2.46818667E+02 -2.46381000E+02 -2.46225667E+02 -2.47201000E+02 -2.45296333E+02 -2.44529000E+02 -2.41971667E+02 -2.40366667E+02 -2.42799667E+02 -2.39971667E+02 -2.41340333E+02 -2.43245000E+02 -2.42973000E+02 -2.43230333E+02 -2.45071000E+02 
 -2.44784333E+02 -2.40951333E+02 -2.39957333E+02 -2.37822333E+02 -2.36615000E+02 -2.34346000E+02 -2.35312333E+02 -2.31719667E+02 -2.31995667E+02 -2.30595000E+02 -2.32225000E+02 -2.30509333E+02 -2.29161667E+02 -2.28188333E+02 -2.28421000E+02 -2.26794333E+02 -2.29824000E+02 -2.27925667E+02 -2.28109000E+02 -2.25658333E+02 -2.24732667E+02 -2.24682667E+02 -2.24832667E+02 -2.25841667E+02 -2.28612000E+02 
 -2.28477000E+02 -2.25265000E+02 -2.25858333E+02 -2.23988000E+02 -2.22490333E+02 -2.20407000E+02 -2.19282000E+02 -2.16717000E+02 -2.13336000E+02 -2.12741667E+02 -2.10083000E+02 -2.07626000E+02 -2.07367667E+02 -2.10683667E+02 -2.09854667E+02 -2.11380000E+02 -2.10787000E+02 -2.09674000E+02 -2.11362000E+02 -2.10849667E+02 -2.11430000E+02 -2.12382000E+02 -2.11343000E+02 -2.11466667E+02 -2.12793000E+02 
 -2.13995000E+02 -2.11033333E+02 -2.09952333E+02 -2.10440333E+02 -2.08945000E+02 -2.07994333E+02 -2.05576333E+02 -2.03763667E+02 -2.01454333E+02 -2.01624333E+02 -1.99791667E+02 -1.98797333E+02 -1.96909667E+02 -1.98933000E+02 -1.99418333E+02 -1.99157000E+02 -1.99182667E+02 -2.00409333E+02 -1.99909000E+02 -1.98922000E+02 -2.00847667E+02 -1.98306333E+02 -2.00470333E+02 -2.01626000E+02 -2.00894000E+02 
 -2.00287333E+02 -1.97797000E+02 -1.97627000E+02 -1.96408333E+02 -1.97007000E+02 -1.96105000E+02 -1.95154667E+02 -1.93253000E+02 -1.93960667E+02 -1.93156667E+02 -1.91804000E+02 -1.90461000E+02 -1.91196000E+02 -1.91483667E+02 -1.89216667E+02 -1.88965000E+02 -1.89735000E+02 -1.90632667E+02 -1.91193000E+02 -1.90953333E+02 -1.90749333E+02 -1.87845000E+02 -1.89091000E+02 -1.88304333E+02 -1.90120667E+02 
 -1.89360333E+02 -1.87046333E+02 -1.87430333E+02 -1.84663000E+02 -1.83982667E+02 -1.82286667E+02 -1.80069333E+02 -1.78562000E+02 -1.74949333E+02 -1.75026000E+02 -1.75436333E+02 -1.75271667E+02 -1.76124333E+02 -1.76644000E+02 -1.76008333E+02 -1.77035667E+02 -1.76896333E+02 -1.77943000E+02 -1.77182333E+02 -1.75423333E+02 -1.74025333E+02 -1.75446333E+02 -1.75164000E+02 -1.76501667E+02 -1.75570000E+02 
 -1.76906667E+02 -1.74177000E+02 -1.73615667E+02 -1.75039667E+02 -1.73252667E+02 -1.74714667E+02 -1.74773000E+02 -1.71956000E+02 -1.72499333E+02 -1.71309333E+02 -1.73303667E+02 -1.75045667E+02 -1.74745000E+02 -1.74736000E+02 -1.75368000E+02 -1.74806333E+02 -1.75411000E+02 -1.75062000E+02 -1.71444333E+02 -1.72559333E+02 -1.71987333E+02 -1.70196000E+02 -1.73083667E+02 -1.71738667E+02 -1.70966000E+02 
 -1.71359000E+02 -1.67992333E+02 -1.66969667E+02 -1.67458667E+02 -1.65183333E+02 -1.64470333E+02 -1.66112000E+02 -1.66565333E+02 -1.65733333E+02 -1.65216000E+02 -1.64138000E+02 -1.63567000E+02 -1.63042667E+02 -1.59597667E+02 -1.58771667E+02 -1.59758667E+02 -1.59382333E+02 -1.61008000E+02 -1.60483667E+02 -1.58653000E+02 -1.57688667E+02 -1.57505000E+02 -1.58552667E+02 -1.58038000E+02 -1.61119000E+02 
 -1.58945000E+02 -1.54984000E+02 -1.53685000E+02 -1.54011000E+02 -1.53511000E+02 -1.53724000E+02 -1.53047333E+02 -1.53505000E+02 -1.53578667E+02 -1.52513333E+02 -1.53897000E+02 -1.54905000E+02 -1.55872000E+02 -1.54181333E+02 -1.53248000E+02 -1.54735000E+02 -1.52622000E+02 -1.53545000E+02 -1.52326000E+02 -1.51715000E+02 -1.53117000E+02 -1.51739333E+02 -1.50511000E+02 -1.50883667E+02 -1.51599333E+02 
 -1.50320333E+02 -1.45741333E+02 -1.44150000E+02 -1.43393667E+02 -1.45602333E+02 -1.46161000E+02 -1.47384333E+02 -1.47557000E+02 -1.45698000E+02 -1.47550667E+02 -1.48099333E+02 -1.49616000E+02 -1.49461000E+02 -1.48757667E+02 -1.48615333E+02 -1.49963000E+02 -1.47222333E+02 -1.46205333E+02 -1.45899000E+02 -1.46620333E+02 -1.42103333E+02 -1.43189000E+02 -1.42469000E+02 -1.41805667E+02 -1.40592667E+02 
 -1.42814333E+02 -1.43173333E+02 -1.41634000E+02 -1.40923000E+02 -1.40157667E+02 -1.37650000E+02 -1.39466000E+02 -1.39572000E+02 -1.41178000E+02 -1.38537667E+02 -1.36436667E+02 -1.38441333E+02 -1.39793000E+02 -1.39251000E+02 -1.38894000E+02 -1.36106000E+02 -1.35109000E+02 -1.36961667E+02 -1.38919667E+02 -1.38011000E+02 -1.38845333E+02 -1.39157333E+02 -1.38598000E+02 -1.39515000E+02 -1.39310333E+02 
 -1.37441667E+02 -1.33648000E+02 -1.32699667E+02 -1.32494333E+02 -1.32942333E+02 -1.33439000E+02 -1.33819333E+02 -1.32525667E+02 -1.31664000E+02 -1.32482667E+02 -1.32738667E+02 -1.33541000E+02 -1.33174333E+02 -1.33436000E+02 -1.33028333E+02 -1.32616667E+02 -1.31419000E+02 -1.33466333E+02 -1.33689333E+02 -1.33573333E+02 -1.33059333E+02 -1.34308333E+02 -1.32416667E+02 -1.33060000E+02 -1.33617333E+02 
 -1.34122667E+02 -1.31850000E+02 -1.29950667E+02 -1.30012667E+02 -1.30301333E+02 -1.29396667E+02 -1.29839333E+02 -1.29860000E+02 -1.31063333E+02 -1.28375333E+02 -1.27347667E+02 -1.24763333E+02 -1.24950333E+02 -1.25975667E+02 -1.23417667E+02 -1.21983000E+02 -1.23232000E+02 -1.24003333E+02 -1.24983333E+02 -1.24023667E+02 -1.24888667E+02 -1.24670667E+02 -1.26783333E+02 -1.26949667E+02 -1.27007333E+02 
 -1.27233000E+02 -1.26055667E+02 -1.23500667E+02 -1.22342333E+02 -1.21895000E+02 -1.21421333E+02 -1.20291333E+02 -1.22913333E+02 -1.21646333E+02 -1.22616333E+02 -1.21866667E+02 -1.20385333E+02 -1.21045333E+02 -1.19960333E+02 -1.19221667E+02 -1.20868333E+02 -1.22867667E+02 -1.23330333E+02 -1.22551667E+02 -1.21852000E+02 -1.22290333E+02 -1.20345333E+02 -1.21488667E+02 -1.22078000E+02 -1.20932667E+02 
 -1.20108000E+02 -1.18255333E+02 -1.16112000E+02 -1.17259333E+02 -1.16463333E+02 -1.17098333E+02 -1.14002333E+02 -1.15841333E+02 -1.15154667E+02 -1.15739667E+02 -1.15761333E+02 -1.14339000E+02 -1.13301667E+02 -1.14072333E+02 -1.14326333E+02 -1.14454333E+02 -1.14334000E+02 -1.14714000E+02 -1.14553333E+02 -1.15536000E+02 -1.13085667E+02 -1.16287667E+02 -1.15892333E+02 -1.14915333E+02 -1.15558333E+02 
 -1.13500667E+02 -1.16830000E+02 -1.14654667E+02 -1.15171667E+02 -1.14184000E+02 -1.14527333E+02 -1.12653667E+02 -1.11563333E+02 -1.13002667E+02 -1.13194333E+02 -1.11301333E+02 -1.11578000E+02 -1.12048667E+02 -1.12207333E+02 -1.12396667E+02 -1.09755333E+02 -1.12228667E+02 -1.10346667E+02 -1.10875333E+02 -1.13001000E+02 -1.13207667E+02 -1.10693667E+02 -1.10089667E+02 -1.08501667E+02 -1.09934667E+02 
 -1.11829333E+02 -1.09449333E+02 -1.10101333E+02 -1.09086333E+02 -1.08766667E+02 -1.08114333E+02 -1.06173667E+02 -1.07176667E+02 -1.08497000E+02 -1.07845667E+02 -1.07733333E+02 -1.06170333E+02 -1.06095333E+02 -1.05625333E+02 -1.05171667E+02 -1.06055333E+02 -1.07789000E+02 -1.07771333E+02 -1.06904000E+02 -1.07244333E+02 -1.06133000E+02 -1.06675333E+02 -1.06374333E+02 -1.07338000E+02 -1.06102667E+02 
