      0.00000000      7.88333333     10.20833333      9.78333333      9.40833333      9.42500000      9.65833333      9.05000000      9.31666667      9.28333333      9.31666667      9.44166667      8.64166667      9.74166667      8.93333333      9.03333333      9.60833333      9.60000000      9.81666667      9.70000000      9.85000000      9.92500000      9.70833333      9.02500000      9.30000000 
      9.62500000     10.33333333     10.08333333     10.31666667     10.39166667      9.38333333     10.70000000     11.16666667     10.00000000     10.58333333      9.95833333     10.01666667      9.79166667     10.59166667     10.35833333     10.45000000     10.93333333     10.15833333      9.49166667     10.45000000     10.79166667     10.31666667     10.36666667      9.91666667     10.74166667 
     10.15000000     11.72500000     11.17500000     12.26666667     11.09166667     10.75833333     11.27500000     11.96666667     10.93333333     11.03333333     11.76666667     10.62500000     11.21666667     10.95833333     10.75000000     11.13333333     11.55000000     11.85000000     11.72500000     10.94166667     11.53333333     12.06666667     11.61666667     12.23333333     11.62500000 
     11.16666667     11.85833333     11.49166667     12.60000000     12.80000000     13.18333333     12.31666667     12.48333333     12.26666667     11.49166667     12.67500000     13.16666667     12.17500000     13.93333333     12.09166667     12.05833333     12.00000000     11.86666667     12.36666667     11.88333333     11.31666667     12.90833333     12.52500000     12.17500000     12.23333333 
     11.64166667     13.45833333     13.58333333     13.73333333     12.45833333     12.85000000     13.20833333     12.55833333     12.80833333     12.78333333     14.32500000     14.60000000     13.79166667     13.18333333     14.10000000     13.27500000     13.09166667     13.65000000     12.75000000     13.90000000     14.43333333     14.20000000     13.28333333     13.59166667     14.28333333 
     13.43333333     13.56666667     14.99166667     14.62500000     14.28333333     14.16666667     13.84166667     15.15000000     15.18333333     15.09166667     14.91666667     14.75833333     14.24166667     14.87500000     15.05833333     14.84166667     14.94166667     14.55000000     14.53333333     14.81666667     14.66666667     14.84166667     14.61666667     14.63333333     14.11666667 
     14.10000000     16.34166667     16.28333333     16.59166667     15.99166667     16.25833333     16.87500000     16.55000000     15.97500000     15.77500000     16.19166667     16.55000000     15.13333333     16.38333333     16.90833333     16.50833333     16.27500000     15.86666667     16.09166667     16.52500000     16.58333333     16.23333333     16.90833333     16.82500000     16.25000000 
     16.05000000     17.74166667     17.52500000     17.71666667     16.76666667     16.78333333     18.41666667     19.06666667     18.29166667     17.43333333     18.04166667     17.61666667     18.68333333     18.24166667     18.98333333     19.03333333     17.99166667     17.16666667     18.53333333     17.86666667     18.25833333     18.10833333     18.89166667     18.97500000     18.37500000 
     17.92500000     19.22500000     18.65833333     19.88333333     20.00000000     19.68333333     19.85833333     20.10000000     19.74166667     20.19166667     19.44166667     19.25833333     20.05000000     21.21666667     20.40833333     20.30833333     20.13333333     20.45000000     19.23333333     19.48333333     19.95000000     19.76666667     19.33333333     20.37500000     19.64166667 
     20.06666667     21.22500000     22.21666667     22.54166667     22.20833333     21.86666667     22.71666667     22.40000000     22.73333333     22.67500000     22.34166667     21.35833333     22.05000000     21.21666667     21.90833333     21.22500000     21.33333333     21.84166667     21.66666667     21.64166667     20.81666667     20.71666667     20.76666667     22.15000000     21.50833333 
     21.18333333     22.50833333     23.08333333     24.58333333     24.65833333     25.93333333     25.26666667     23.64166667     23.61666667     23.26666667     23.40000000     23.47500000     23.35000000     24.98333333     25.05000000     24.34166667     24.41666667     23.73333333     23.34166667     23.10833333     23.44166667     23.29166667     25.39166667     25.38333333     24.79166667 
     23.60000000     25.12500000     25.82500000     25.40000000     25.80000000     27.50000000     26.35833333     26.20833333     26.22500000     27.04166667     27.80833333     27.51666667     26.68333333     26.78333333     26.28333333     25.82500000     26.68333333     27.05833333     27.40000000     25.89166667     27.20833333     25.80000000     25.42500000     26.33333333     26.85833333 
     26.69166667     28.92500000     29.54166667     30.88333333     30.11666667     29.69166667     30.57500000     30.35000000     28.68333333     29.55000000     28.95000000     29.63333333     30.00833333     29.74166667     31.03333333     29.94166667     30.40000000     30.06666667     30.85000000     29.66666667     28.24166667     29.94166667     29.39166667     29.68333333     29.33333333 
     28.85833333     31.21666667     33.40000000     33.91666667     35.89166667     35.00000000     33.86666667     34.05000000     34.36666667     33.32500000     34.22500000     34.67500000     34.80833333     34.41666667     34.37500000     34.45000000     33.76666667     31.60833333     33.12500000     33.65000000     32.45833333     32.72500000     31.96666667     31.80000000     32.97500000 
     33.79166667     35.20000000     36.96666667     37.00833333     39.31666667     37.78333333     38.02500000     37.08333333     36.60000000     35.58333333     36.58333333     36.56666667     37.46666667     38.08333333     38.24166667     37.34166667     37.53333333     37.85000000     36.97500000     37.74166667     37.78333333     37.26666667     37.35000000     38.51666667     37.90000000 
     37.70833333     39.51666667     38.90000000     39.81666667     39.75833333     40.23333333     42.10000000     42.05000000     43.09166667     41.79166667     41.98333333     41.75833333     40.34166667     40.35000000     41.87500000     41.25000000     41.65833333     40.70000000     41.02500000     41.35000000     41.38333333     42.58333333     41.25000000     41.86666667     41.46666667 
     43.24166667     44.60833333     46.15000000     46.85833333     48.83333333     47.62500000     47.31666667     49.45000000     48.01666667     46.95000000     46.53333333     45.65000000     46.10000000     46.32500000     46.19166667     47.53333333     46.74166667     47.58333333     47.37500000     46.10833333     46.34166667     46.18333333     46.96666667     45.85833333     44.82500000 
     46.17500000     47.14166667     49.73333333     49.54166667     50.46666667     50.62500000     51.50833333     53.03333333     50.75000000     51.71666667     51.92500000     50.60833333     52.15000000     51.74166667     51.26666667     51.64166667     51.59166667     50.07500000     49.98333333     52.29166667     53.05833333     53.45000000     53.35833333     52.78333333     52.03333333 
     55.25000000     56.48333333     59.51666667     58.55000000     58.42500000     60.02500000     59.80000000     59.63333333     60.69166667     60.36666667     61.64166667     60.15000000     59.91666667     59.72500000     60.44166667     58.84166667     58.58333333     60.62500000     61.45000000     59.95833333     58.70000000     58.79166667     58.78333333     61.33333333     60.45833333 
     60.77500000     62.85833333     65.90000000     66.25833333     66.66666667     64.99166667     65.83333333     67.12500000     67.01666667     67.67500000     68.68333333     68.49166667     67.83333333     67.26666667     66.79166667     66.29166667     65.50833333     66.92500000     65.78333333     64.90833333     65.64166667     65.85000000     66.97500000     67.52500000     67.47500000 
     69.08333333     71.83333333     72.77500000     73.52500000     73.70833333     74.28333333     74.64166667     77.00000000     75.84166667     77.29166667     77.69166667     76.54166667     78.25833333     77.99166667     78.90000000     78.81666667     78.88333333     77.68333333     77.31666667     77.69166667     76.95833333     76.60833333     78.11666667     76.45833333     77.71666667 
     77.77500000     80.75833333     81.70833333     83.17500000     83.27500000     86.15000000     86.10833333     88.09166667     86.95000000     86.86666667     86.96666667     86.92500000     89.61666667     86.90000000     86.90833333     88.84166667     87.80833333     87.65833333     86.36666667     84.57500000     87.21666667     88.18333333     87.55000000     87.03333333     88.08333333 
     87.13333333     89.90000000     91.24166667     93.92500000     95.25000000     96.29166667     97.31666667     97.44166667     94.95000000     98.50833333    101.25000000    100.17500000     98.89166667    100.15000000     98.50000000     99.02500000    102.18333333    100.00833333     98.44166667    100.35833333    101.13333333    100.05833333     98.86666667     98.82500000     99.59166667 
    100.09166667    103.48333333    106.35833333    109.68333333    110.00833333    111.05000000    110.09166667    112.85833333    111.89166667    113.28333333    112.54166667    113.07500000    116.02500000    116.55000000    113.44166667    114.31666667    114.69166667    117.03333333    117.05833333    116.02500000    115.75000000    115.81666667    118.03333333    117.75000000    116.55000000 
    115.95833333    119.56666667    122.44166667    125.09166667    125.30000000    128.01666667    127.58333333    128.13333333    129.99166667    129.40000000    130.66666667    130.47500000    130.87500000    131.26666667    129.69166667    129.27500000    131.01666667    132.45000000    132.58333333    132.20833333    129.60833333    130.20000000    129.85000000    128.85833333    130.05000000 
    128.69166667    132.85833333    136.58333333    140.14166667    142.48333333    146.17500000    145.98333333    145.25833333    148.30000000    152.10833333    151.89166667    152.16666667    151.42500000    151.65000000    150.13333333    149.45833333    153.10000000    152.57500000    151.99166667    152.30833333    151.71666667    152.19166667    155.07500000    154.19166667    154.38333333 
    152.06666667    155.80833333    159.15833333    164.59166667    167.60833333    168.40833333    171.76666667    173.55833333    175.02500000    175.23333333    175.31666667    173.54166667    175.26666667    177.04166667    176.28333333    178.44166667    177.45833333    179.55000000    178.55833333    179.51666667    179.84166667    176.22500000    176.71666667    179.02500000    179.23333333 
    179.65000000    182.82500000    188.02500000    192.76666667    195.75000000    199.47500000    202.37500000    203.02500000    205.75833333    206.61666667    204.83333333    208.61666667    210.73333333    208.98333333    208.08333333    207.70000000    206.27500000    208.20000000    206.80000000    206.42500000    206.96666667    205.20000000    207.04166667    206.37500000    206.38333333 
    208.10000000    212.17500000    215.79166667    219.57500000    222.85833333    224.25833333    225.57500000    228.82500000    231.17500000    234.21666667    236.82500000    238.42500000    241.67500000    241.49166667    241.52500000    243.81666667    242.45833333    244.65833333    243.57500000    243.40833333    245.38333333    246.15833333    245.09166667    246.73333333    244.00833333 
    245.15000000    248.22500000    250.51666667    257.21666667    258.72500000    263.25000000    264.82500000    267.54166667    268.52500000    269.18333333    274.28333333    277.57500000    280.40833333    284.24166667    284.75000000    281.12500000    280.88333333    278.66666667    279.64166667    282.61666667    281.50000000    282.33333333    284.49166667    287.42500000    288.19166667 
    284.60833333    287.79166667    295.54166667    299.30000000    303.71666667    308.14166667    310.19166667    312.98333333    315.15833333    321.11666667    322.43333333    326.98333333    326.90833333    330.90000000    330.44166667    333.42500000    332.87500000    334.40833333    336.53333333    335.90000000    334.97500000    336.35833333    338.95833333    339.49166667    340.05000000 
    343.62500000    350.86666667    356.59166667    361.76666667    366.13333333    371.95000000    378.20000000    381.89166667    383.80000000    388.15833333    388.71666667    391.00000000    393.58333333    396.88333333    397.65000000    398.82500000    397.37500000    398.16666667    398.88333333    401.06666667    402.40000000    404.13333333    403.69166667    405.80833333    405.35833333 
    408.78333333    416.93333333    423.50000000    430.84166667    432.97500000    437.29166667    442.22500000    443.55833333    446.34166667    448.82500000    453.40000000    458.05833333    462.15000000    465.90833333    469.97500000    468.87500000    469.93333333    470.37500000    473.60833333    474.70000000    477.51666667    476.47500000    476.91666667    475.02500000    474.40833333 
    472.39166667    480.75833333    492.12500000    500.97500000    506.50000000    514.57500000    519.76666667    525.16666667    530.81666667    533.79166667    537.83333333    542.08333333    551.18333333    549.95000000    557.50000000    562.50000000    560.90833333    559.80833333    558.00000000    562.32500000    560.50000000    564.82500000    567.71666667    571.26666667    571.40833333 
    572.90833333    579.37500000    591.90833333    594.79166667    606.13333333    607.45000000    616.17500000    622.31666667    631.21666667    639.71666667    644.54166667    645.94166667    653.58333333    657.04166667    660.69166667    663.01666667    665.58333333    668.62500000    671.46666667    674.52500000    677.10000000    678.15833333    682.02500000    682.31666667    680.02500000 
    683.56666667    690.97500000    700.00833333    709.26666667    715.60000000    728.37500000    739.09166667    745.72500000    756.24166667    763.50833333    768.12500000    768.70833333    774.70833333    779.20000000    783.61666667    784.58333333    788.35000000    792.91666667    794.96666667    799.40833333    800.75833333    804.84166667    807.57500000    813.85833333    817.62500000 
    815.00833333    827.80000000    837.10000000    844.60000000    854.87500000    860.92500000    873.47500000    880.80000000    888.69166667    897.85833333    904.66666667    909.94166667    919.04166667    924.57500000    926.42500000    933.70000000    938.15000000    945.03333333    947.77500000    953.25833333    956.24166667    962.74166667    962.50000000    963.16666667    971.00833333 
    973.42500000    984.48333333    993.40833333   1006.99166667   1015.26666667   1022.81666667   1030.08333333   1040.45833333   1052.21666667   1056.31666667   1064.45833333   1069.89166667   1076.38333333   1079.77500000   1086.41666667   1092.10833333   1091.90000000   1098.85000000   1104.46666667   1107.76666667   1106.82500000   1112.58333333   1116.16666667   1119.28333333   1122.89166667 
   1123.91666667   1142.95000000   1156.02500000   1174.45833333   1186.90000000   1199.04166667   1211.66666667   1216.84166667   1233.59166667   1245.14166667   1251.41666667   1261.74166667   1265.65833333   1271.74166667   1281.68333333   1285.59166667   1289.00000000   1295.90833333   1302.54166667   1309.11666667   1314.30833333   1318.84166667   1323.66666667   1335.57500000   1336.55000000 
   1345.54166667   1360.62500000   1376.80833333   1391.44166667   1400.24166667   1410.04166667   1419.90833333   1433.12500000   1442.45000000   1453.28333333   1463.17500000   1470.11666667   1473.60833333   1478.15833333   1482.91666667   1485.68333333   1491.09166667   1494.79166667   1503.70000000   1507.91666667   1513.71666667   1512.70000000   1517.65833333   1524.09166667   1532.09166667 
   1539.51666667   1559.92500000   1574.22500000   1587.40000000   1599.39166667   1612.10000000   1623.28333333   1634.36666667   1648.91666667   1660.56666667   1661.90000000   1668.71666667   1677.78333333   1688.39166667   1694.15833333   1701.95000000   1711.67500000   1719.69166667   1721.51666667   1731.31666667   1738.11666667   1743.81666667   1747.82500000   1752.95000000   1761.67500000 
   1763.76666667   1783.87500000   1801.52500000   1820.80000000   1828.05000000   1842.75000000   1851.99166667   1860.98333333   1878.36666667   1887.15833333   1894.65000000   1906.14166667   1921.55833333   1932.58333333   1938.25833333   1946.73333333   1950.06666667   1952.40000000   1956.29166667   1965.46666667   1975.00833333   1979.35000000   1988.12500000   1992.23333333   1996.52500000 
   2000.38333333   2018.34166667   2027.33333333   2038.20833333   2045.41666667   2054.78333333   2067.90833333   2082.27500000   2093.19166667   2106.00833333   2117.45833333   2128.00000000   2136.84166667   2140.15000000   2149.51666667   2159.20000000   2170.52500000   2177.44166667   2184.55000000   2192.52500000   2199.45833333   2202.72500000   2205.58333333   2215.13333333   2221.94166667 
   2226.38333333   2240.33333333   2247.65000000   2267.47500000   2276.36666667   2283.54166667   2291.74166667   2298.90833333   2312.85833333   2322.79166667   2331.50833333   2340.90000000   2356.70833333   2362.47500000   2374.28333333   2381.42500000   2394.34166667   2397.38333333   2406.24166667   2412.29166667   2416.43333333   2419.99166667   2422.19166667   2424.00833333   2424.63333333 
   2430.84166667   2447.85833333   2457.23333333   2471.49166667   2486.76666667   2499.35000000   2506.70000000   2516.80833333   2529.04166667   2536.95833333   2543.48333333   2553.62500000   2556.70833333   2561.90000000   2572.56666667   2578.20000000   2588.23333333   2592.54166667   2594.80833333   2599.34166667   2607.40000000   2612.54166667   2613.77500000   2621.50000000   2630.80833333 
   2636.81666667   2652.19166667   2663.21666667   2675.31666667   2685.61666667   2691.10833333   2697.36666667   2709.57500000   2722.49166667   2728.22500000   2737.61666667   2743.95833333   2753.30000000   2758.00833333   2763.80000000   2770.41666667   2775.20833333   2781.30000000   2787.12500000   2791.00000000   2792.40833333   2798.99166667   2800.58333333   2800.27500000   2799.17500000 
   2803.36666667   2813.67500000   2825.08333333   2832.93333333   2843.58333333   2855.96666667   2858.47500000   2872.78333333   2877.25833333   2885.29166667   2897.35000000   2905.72500000   2916.95000000   2920.83333333   2928.01666667   2932.00833333   2941.30833333   2945.49166667   2946.49166667   2952.09166667   2955.16666667   2957.70000000   2959.77500000   2961.10833333   2965.57500000 
   2960.69166667   2973.67500000   2980.68333333   2997.70833333   3005.40000000   3013.00833333   3024.30833333   3028.19166667   3032.62500000   3033.98333333   3038.50000000   3045.76666667   3056.95833333   3058.71666667   3066.07500000   3073.53333333   3077.38333333   3078.05833333   3084.88333333   3086.15000000   3088.22500000   3087.86666667   3091.66666667   3097.96666667   3094.55833333 
   3094.34166667   3111.40000000   3119.28333333   3126.81666667   3131.99166667   3138.19166667   3144.92500000   3150.55000000   3154.13333333   3156.22500000   3160.65000000   3162.19166667   3168.13333333   3173.85833333   3172.30000000   3173.95833333   3182.43333333   3186.20000000   3187.55833333   3187.05833333   3186.80833333   3190.62500000   3189.15833333   3191.74166667   3192.83333333 
   3195.30000000   3209.20000000   3214.34166667   3222.39166667   3230.21666667   3235.94166667   3245.72500000   3255.24166667   3260.81666667   3269.00833333   3273.35833333   3272.37500000   3272.32500000   3276.96666667   3281.22500000   3281.88333333   3282.22500000   3286.38333333   3289.31666667   3292.91666667   3297.96666667   3302.47500000   3305.76666667   3307.21666667   3307.56666667 
   3308.82500000   3316.50833333   3321.34166667   3323.34166667   3331.45000000   3339.09166667   3342.36666667   3341.70833333   3346.00833333   3349.09166667   3351.48333333   3352.94166667   3353.15000000   3353.75833333   3359.16666667   3355.66666667   3360.50833333   3363.25833333   3367.25833333   3371.10833333   3370.05833333   3372.80833333   3374.36666667   3373.01666667   3375.45833333 
   3374.63333333   3382.00833333   3385.25000000   3392.45833333   3403.17500000   3404.34166667   3411.20000000   3418.73333333   3424.06666667   3428.81666667   3433.32500000   3435.47500000   3442.23333333   3440.80833333   3440.98333333   3442.03333333   3443.35000000   3444.85833333   3448.28333333   3451.58333333   3452.03333333   3452.40000000   3452.14166667   3455.30833333   3458.35833333 
   3457.39166667   3466.09166667   3468.00833333   3474.30833333   3480.25000000   3489.70000000   3488.72500000   3490.99166667   3490.52500000   3496.01666667   3494.85833333   3498.70000000   3497.35833333   3501.69166667   3499.40000000   3502.80000000   3505.70833333   3502.07500000   3505.64166667   3507.33333333   3507.57500000   3505.89166667   3504.94166667   3506.94166667   3508.38333333 
   3509.00833333   3517.10833333   3525.63333333   3529.36666667   3539.17500000   3538.57500000   3543.27500000   3541.40000000   3543.29166667   3546.68333333   3549.18333333   3550.54166667   3554.75833333   3550.47500000   3559.60000000   3557.43333333   3559.01666667   3558.29166667   3558.10833333   3558.85833333   3565.16666667   3563.42500000   3568.65000000   3564.12500000   3569.30833333 
   3567.97500000   3578.20833333   3583.58333333   3586.72500000   3586.13333333   3590.00833333   3593.39166667   3591.20833333   3595.72500000   3598.06666667   3600.43333333   3600.84166667   3601.40833333   3600.62500000   3600.89166667   3601.60833333   3601.30833333   3598.15000000   3600.44166667   3596.02500000   3602.69166667   3605.65833333   3608.31666667   3606.11666667   3607.49166667 
   3603.45000000   3609.89166667   3619.45833333   3623.37500000   3624.90833333   3625.37500000   3625.86666667   3629.76666667   3630.65000000   3636.30833333   3641.04166667   3638.90833333   3640.45833333   3642.39166667   3642.52500000   3644.15000000   3645.10000000   3646.07500000   3644.72500000   3646.10833333   3646.16666667   3649.65833333   3649.64166667   3648.39166667   3650.09166667 
   3647.31666667   3656.13333333   3658.65833333   3662.37500000   3666.20833333   3668.95000000   3670.47500000   3670.52500000   3673.10833333   3676.77500000   3676.63333333   3678.60833333   3682.05833333   3682.16666667   3682.58333333   3682.18333333   3681.14166667   3679.84166667   3684.81666667   3687.48333333   3681.40000000   3687.27500000   3683.72500000   3686.60000000   3683.45000000 
   3686.95833333   3692.80000000   3695.55833333   3697.35000000   3698.78333333   3700.85833333   3701.29166667   3703.25833333   3704.44166667   3705.19166667   3706.84166667   3709.75833333   3712.60000000   3714.20000000   3714.40000000   3717.18333333   3715.35833333   3719.13333333   3716.65000000   3717.74166667   3717.40833333   3717.67500000   3716.12500000   3719.21666667   3715.49166667 
   3713.29166667   3722.69166667   3723.35833333   3727.61666667   3728.71666667   3729.06666667   3731.75833333   3729.00000000   3735.01666667   3735.05833333   3740.90000000   3740.96666667   3740.85833333   3743.71666667   3743.55000000   3740.45833333   3741.69166667   3744.59166667   3738.42500000   3737.89166667   3737.45000000   3739.60000000   3736.79166667   3737.44166667   3739.57500000 
   3740.28333333   3744.52500000   3745.96666667   3752.22500000   3749.93333333   3755.00833333   3757.22500000   3760.69166667   3759.57500000   3760.62500000   3762.60000000   3761.48333333   3762.93333333   3765.80833333   3765.21666667   3766.04166667   3765.36666667   3766.63333333   3763.45000000   3766.42500000   3759.46666667   3765.01666667   3763.31666667   3763.71666667   3765.85000000 
   3762.31666667   3768.05833333   3770.00000000   3769.85000000   3776.02500000   3778.34166667   3775.28333333   3778.41666667   3779.10000000   3784.30000000   3782.75833333   3782.14166667   3780.18333333   3781.30000000   3777.84166667   3779.21666667   3778.92500000   3782.06666667   3782.52500000   3787.95833333   3785.05000000   3786.54166667   3788.13333333   3786.02500000   3785.62500000 
   3783.10833333   3786.81666667   3790.36666667   3794.56666667   3792.31666667   3797.88333333   3797.78333333   3792.60000000   3797.70000000   3795.91666667   3798.57500000   3797.50000000   3800.39166667   3800.56666667   3802.34166667   3803.41666667   3804.13333333   3804.64166667   3804.35833333   3801.59166667   3802.05833333   3805.64166667   3806.85833333   3807.41666667   3803.92500000 
   3805.75000000   3810.71666667   3812.60000000   3813.42500000   3812.34166667   3816.15833333   3818.66666667   3821.03333333   3819.16666667   3822.15833333   3820.02500000   3819.56666667   3820.14166667   3818.95833333   3824.48333333   3823.33333333   3823.40000000   3826.15833333   3823.28333333   3826.68333333   3826.60000000   3824.05000000   3825.06666667   3826.98333333   3826.15000000 
   3827.44166667   3828.32500000   3830.70000000   3832.75833333   3832.71666667   3827.80833333   3832.86666667   3835.08333333   3837.40833333   3835.45833333   3833.93333333   3835.13333333   3835.82500000   3835.12500000   3833.28333333   3832.09166667   3833.53333333   3831.81666667   3832.18333333   3833.75000000   3834.31666667   3839.78333333   3838.77500000   3837.75833333   3833.69166667 
   3837.08333333   3837.22500000   3840.69166667   3843.20833333   3842.55000000   3843.06666667   3846.08333333   3847.44166667   3849.41666667   3845.40833333   3851.39166667   3850.23333333   3848.40000000   3852.00000000   3851.80000000   3849.80000000   3847.63333333   3847.64166667   3849.27500000   3850.09166667   3854.10000000   3853.49166667   3855.25833333   3854.00833333   3853.94166667 
   3850.55000000   3855.60833333   3858.37500000   3856.14166667   3858.02500000   3858.84166667   3858.86666667   3859.00833333   3860.95833333   3860.50833333   3862.02500000   3862.57500000   3862.65833333   3865.25833333   3862.60833333   3863.59166667   3864.90833333   3867.25000000   3864.53333333   3864.70000000   3866.14166667   3864.58333333   3862.50000000   3862.04166667   3865.04166667 
   3866.40000000   3868.22500000   3871.06666667   3872.58333333   3869.57500000   3874.10000000   3876.32500000   3876.70000000   3870.93333333   3871.14166667   3874.91666667   3873.26666667   3877.87500000   3877.37500000   3874.95833333   3877.42500000   3879.60000000   3878.11666667   3875.71666667   3876.28333333   3876.31666667   3875.68333333   3874.04166667   3873.99166667   3878.12500000 
   3878.13333333   3876.81666667   3882.22500000   3880.80000000   3882.21666667   3883.82500000   3884.89166667   3883.13333333   3883.01666667   3882.69166667   3885.41666667   3887.06666667   3888.35833333   3885.62500000   3882.59166667   3885.17500000   3882.77500000   3885.58333333   3884.56666667   3885.45833333   3886.58333333   3885.87500000   3887.45000000   3889.55833333   3884.84166667 
   3886.30833333   3887.55833333   3888.68333333   3887.67500000   3889.33333333   3892.05833333   3893.60833333   3895.40000000   3894.17500000   3894.40000000   3897.20000000   3898.90833333   3897.31666667   3894.37500000   3891.41666667   3895.07500000   3891.70000000   3892.85833333   3897.35833333   3892.42500000   3893.58333333   3891.21666667   3893.51666667   3892.28333333   3892.39166667 
   3892.55000000   3900.22500000   3899.96666667   3899.30833333   3899.49166667   3901.95000000   3903.14166667   3901.06666667   3900.55000000   3904.77500000   3903.18333333   3903.32500000   3901.34166667   3903.67500000   3900.24166667   3903.32500000   3899.92500000   3905.74166667   3903.68333333   3904.40000000   3899.80000000   3903.78333333   3901.11666667   3905.32500000   3903.57500000 
   3901.02500000   3906.40000000   3907.28333333   3908.32500000   3909.67500000   3909.59166667   3908.48333333   3910.65833333   3914.84166667   3910.21666667   3911.52500000   3910.95000000   3910.83333333   3911.61666667   3911.93333333   3911.98333333   3913.85000000   3911.38333333   3910.80000000   3910.88333333   3912.75833333   3914.85000000   3912.40833333   3911.82500000   3913.76666667 
   3910.91666667   3915.51666667   3918.65833333   3917.38333333   3917.24166667   3919.09166667   3918.05833333   3919.88333333   3920.61666667   3920.68333333   3922.40833333   3918.99166667   3922.19166667   3920.90000000   3920.49166667   3920.67500000   3923.88333333   3920.23333333   3922.19166667   3921.35000000   3924.70833333   3921.34166667   3922.19166667   3923.20000000   3924.50000000 
   3922.53333333   3923.92500000   3925.27500000   3925.47500000   3922.94166667   3923.20000000   3925.00833333   3924.40833333   3925.66666667   3926.63333333   3930.41666667   3930.25000000   3927.90833333   3927.22500000   3924.80833333   3925.08333333   3922.97500000   3927.07500000   3924.99166667   3926.58333333   3928.15000000   3927.43333333   3928.07500000   3931.40000000   3930.06666667 
   3929.89166667   3931.24166667   3931.19166667   3933.60833333   3933.10833333   3932.70833333   3937.10833333   3932.32500000   3932.47500000   3934.57500000   3933.10000000   3934.55833333   3933.20833333   3934.60833333   3932.36666667   3933.07500000   3932.78333333   3932.61666667   3933.11666667   3931.95000000   3932.90000000   3934.25833333   3933.21666667   3931.73333333   3936.22500000 
   3932.49166667   3934.95000000   3935.20000000   3936.27500000   3939.57500000   3938.59166667   3938.80833333   3939.52500000   3941.13333333   3938.69166667   3939.88333333   3938.18333333   3937.07500000   3937.21666667   3938.47500000   3938.53333333   3941.45833333   3939.06666667   3941.24166667   3939.82500000   3941.04166667   3939.10833333   3938.90833333   3941.39166667   3938.84166667 
   3938.08333333   3943.44166667   3946.75000000   3942.40000000   3945.76666667   3949.15000000   3946.30000000   3944.13333333   3945.05000000   3945.96666667   3946.30000000   3944.35000000   3945.85833333   3949.32500000   3947.64166667   3951.19166667   3950.04166667   3947.60000000   3948.82500000   3947.89166667   3947.86666667   3944.95833333   3944.94166667   3946.05000000   3946.82500000 
   3944.50000000   3947.86666667   3947.48333333   3948.66666667   3949.70833333   3951.50000000   3951.03333333   3948.65000000   3948.45833333   3952.10833333   3951.77500000   3953.28333333   3952.91666667   3949.72500000   3951.76666667   3950.32500000   3950.65000000   3950.96666667   3952.14166667   3950.89166667   3953.75000000   3954.07500000   3951.25000000   3952.21666667   3952.91666667 
   3951.67500000   3955.90833333   3955.67500000   3955.81666667   3958.40833333   3956.84166667   3957.96666667   3956.60833333   3957.22500000   3957.71666667   3958.47500000   3956.97500000   3957.26666667   3958.40833333   3956.74166667   3959.12500000   3958.10833333   3958.30000000   3959.98333333   3958.90833333   3958.48333333   3958.73333333   3956.35000000   3957.01666667   3959.50000000 
   3959.21666667   3963.53333333   3964.58333333   3964.67500000   3965.20833333   3964.75833333   3963.30833333   3964.76666667   3963.40000000   3962.93333333   3964.70833333   3964.90833333   3964.36666667   3963.22500000   3962.25833333   3964.01666667   3963.60000000   3962.86666667   3964.08333333   3965.06666667   3963.51666667   3962.26666667   3964.66666667   3963.05000000   3961.04166667 
   3963.07500000   3963.16666667   3963.40000000   3962.18333333   3963.50833333   3965.17500000   3965.41666667   3964.52500000   3967.58333333   3966.73333333   3967.68333333   3969.04166667   3968.42500000   3968.38333333   3970.64166667   3969.31666667   3968.12500000   3969.94166667   3968.40000000   3969.29166667   3967.65833333   3965.17500000   3964.70000000   3964.88333333   3965.97500000 
   3963.99166667   3961.74166667   3961.80833333   3959.58333333   3961.43333333   3963.70833333   3961.46666667   3962.61666667   3960.59166667   3961.02500000   3961.92500000   3962.28333333   3963.64166667   3963.05833333   3961.86666667   3963.57500000   3961.62500000   3965.14166667   3963.18333333   3962.25833333   3965.42500000   3963.10833333   3963.22500000   3962.55000000   3960.97500000 
   3963.92500000   3959.40000000   3959.07500000   3961.07500000   3960.04166667   3956.90833333   3957.72500000   3958.75833333   3956.78333333   3957.30833333   3957.01666667   3957.17500000   3957.60833333   3955.12500000   3958.44166667   3959.40000000   3957.42500000   3956.99166667   3959.31666667   3957.53333333   3957.05000000   3957.58333333   3957.33333333   3955.99166667   3958.64166667 
   3958.26666667   3958.15833333   3954.31666667   3954.20833333   3952.10000000   3951.10000000   3950.46666667   3949.08333333   3951.52500000   3950.30000000   3949.95000000   3953.15000000   3954.99166667   3953.62500000   3954.09166667   3951.60000000   3954.22500000   3952.15833333   3955.80833333   3952.19166667   3952.62500000   3952.04166667   3952.50000000   3954.46666667   3955.41666667 
   3954.04166667   3952.32500000   3947.14166667   3947.45833333   3947.36666667   3948.00000000   3947.46666667   3946.30833333   3949.90833333   3948.65000000   3950.10833333   3950.04166667   3948.34166667   3947.86666667   3946.95833333   3945.61666667   3947.93333333   3949.95833333   3949.95833333   3948.64166667   3947.90000000   3947.83333333   3947.27500000   3947.37500000   3946.87500000 
   3945.51666667   3946.18333333   3943.73333333   3940.64166667   3942.07500000   3942.65833333   3942.94166667   3943.70833333   3943.39166667   3939.91666667   3943.30833333   3939.75000000   3940.42500000   3941.20833333   3939.69166667   3941.92500000   3940.44166667   3941.60000000   3942.43333333   3941.22500000   3943.00000000   3940.29166667   3941.86666667   3940.35000000   3940.04166667 
   3940.86666667   3937.72500000   3937.40833333   3934.93333333   3937.16666667   3936.10833333   3935.50833333   3936.30000000   3935.00833333   3935.35000000   3935.36666667   3934.83333333   3934.85833333   3933.56666667   3932.60000000   3933.70833333   3933.53333333   3933.25833333   3932.50000000   3934.81666667   3935.50833333   3935.54166667   3932.75833333   3933.37500000   3934.26666667 
   3933.81666667   3929.18333333   3930.85000000   3929.83333333   3931.22500000   3926.70000000   3929.37500000   3928.10000000   3925.90833333   3928.70000000   3928.48333333   3928.88333333   3924.96666667   3927.07500000   3922.61666667   3925.80000000   3925.58333333   3923.79166667   3926.95833333   3927.00000000   3926.07500000   3926.65833333   3927.66666667   3926.57500000   3927.28333333 
   3929.71666667   3926.31666667   3925.35833333   3922.36666667   3922.35833333   3924.35000000   3920.60000000   3921.85833333   3918.30833333   3918.64166667   3920.67500000   3922.50000000   3920.59166667   3921.84166667   3920.11666667   3921.20833333   3922.65000000   3923.69166667   3921.88333333   3920.95000000   3922.60000000   3921.43333333   3920.75833333   3920.40000000   3922.41666667 
   3920.05000000   3919.70833333   3914.58333333   3918.81666667   3916.11666667   3914.40833333   3915.82500000   3914.30000000   3910.38333333   3911.97500000   3914.66666667   3915.29166667   3913.57500000   3911.55000000   3913.90000000   3914.10833333   3914.60833333   3914.96666667   3915.17500000   3915.29166667   3914.40000000   3915.49166667   3915.22500000   3913.65833333   3915.05833333 
   3913.29166667   3912.06666667   3909.40833333   3908.88333333   3906.52500000   3908.75000000   3911.51666667   3909.40000000   3909.29166667   3908.10000000   3906.66666667   3906.78333333   3906.99166667   3906.40000000   3911.30833333   3905.26666667   3906.50833333   3905.40833333   3902.67500000   3906.52500000   3905.01666667   3906.17500000   3905.15000000   3905.84166667   3906.17500000 
   3906.30833333   3902.51666667   3900.44166667   3899.83333333   3898.09166667   3902.64166667   3898.58333333   3897.93333333   3894.55833333   3897.61666667   3897.61666667   3896.70833333   3895.11666667   3897.26666667   3899.57500000   3899.95833333   3899.25000000   3901.49166667   3900.17500000   3897.27500000   3899.30833333   3897.84166667   3897.20000000   3895.58333333   3897.76666667 
   3896.93333333   3892.35000000   3892.73333333   3891.30000000   3889.50000000   3890.75833333   3888.00833333   3887.35833333   3887.65833333   3888.50833333   3884.35000000   3887.25000000   3886.10000000   3885.07500000   3886.76666667   3889.08333333   3887.49166667   3886.14166667   3886.81666667   3888.21666667   3886.41666667   3887.90833333   3888.53333333   3890.62500000   3891.57500000 
   3888.00833333   3884.43333333   3882.68333333   3881.50833333   3882.15000000   3880.70000000   3879.69166667   3880.27500000   3880.18333333   3876.89166667   3878.49166667   3879.28333333   3881.26666667   3879.00833333   3876.24166667   3878.82500000   3879.91666667   3877.01666667   3875.36666667   3871.96666667   3875.22500000   3873.79166667   3877.93333333   3877.00833333   3877.26666667 
   3877.32500000   3874.96666667   3873.19166667   3873.76666667   3869.66666667   3865.98333333   3867.20833333   3870.96666667   3866.54166667   3871.37500000   3869.02500000   3870.40000000   3867.49166667   3864.19166667   3864.62500000   3863.72500000   3862.54166667   3864.88333333   3865.87500000   3865.36666667   3863.29166667   3863.74166667   3860.46666667   3864.17500000   3864.70833333 
   3863.81666667   3859.91666667   3856.97500000   3853.68333333   3855.47500000   3851.55833333   3853.12500000   3850.93333333   3850.70833333   3852.23333333   3850.40833333   3852.70833333   3851.33333333   3849.08333333   3847.37500000   3852.26666667   3854.67500000   3853.08333333   3852.46666667   3851.90833333   3854.66666667   3852.05000000   3852.66666667   3853.55833333   3852.26666667 
   3855.17500000   3854.23333333   3853.22500000   3849.85000000   3846.62500000   3842.67500000   3840.17500000   3841.39166667   3840.04166667   3837.01666667   3839.04166667   3834.50833333   3836.95833333   3839.20833333   3838.34166667   3838.79166667   3838.10833333   3840.44166667   3838.65000000   3837.95000000   3841.85833333   3841.30000000   3839.24166667   3841.00000000   3840.50833333 
   3837.85833333   3834.31666667   3829.72500000   3829.44166667   3829.05833333   3825.75000000   3827.50833333   3826.04166667   3823.81666667   3822.70833333   3824.55833333   3822.29166667   3825.60000000   3824.42500000   3827.12500000   3824.92500000   3827.84166667   3826.73333333   3822.89166667   3822.84166667   3823.18333333   3818.57500000   3820.66666667   3822.60833333   3823.39166667 
   3820.09166667   3819.69166667   3814.99166667   3814.13333333   3813.87500000   3815.29166667   3813.00833333   3812.76666667   3809.80000000   3810.11666667   3808.61666667   3806.57500000   3807.00000000   3806.75000000   3807.35833333   3805.85833333   3802.75000000   3804.06666667   3806.54166667   3806.19166667   3807.11666667   3804.69166667   3806.78333333   3805.99166667   3805.42500000 
   3806.55000000   3802.28333333   3797.73333333   3797.79166667   3797.29166667   3794.71666667   3795.26666667   3792.21666667   3793.21666667   3789.34166667   3791.56666667   3789.82500000   3793.01666667   3792.85000000   3793.84166667   3794.10000000   3795.05833333   3794.33333333   3792.35833333   3789.77500000   3789.68333333   3790.65833333   3785.75833333   3786.45833333   3786.61666667 
   3786.30833333   3782.29166667   3781.15833333   3776.85000000   3777.15833333   3776.01666667   3774.70000000   3776.73333333   3771.88333333   3773.51666667   3773.89166667   3770.36666667   3772.40833333   3771.25833333   3769.80833333   3769.05000000   3771.23333333   3766.10833333   3767.66666667   3764.11666667   3766.30833333   3764.71666667   3768.67500000   3767.35000000   3770.63333333 
   3766.86666667   3762.72500000   3761.25833333   3756.54166667   3758.26666667   3754.82500000   3747.72500000   3752.11666667   3750.54166667   3748.40000000   3748.30000000   3746.31666667   3749.34166667   3747.55000000   3746.14166667   3744.87500000   3747.86666667   3749.04166667   3747.74166667   3749.51666667   3748.15000000   3746.63333333   3747.15833333   3748.85833333   3746.47500000 
   3747.27500000   3744.73333333   3740.20833333   3737.65000000   3735.90000000   3731.44166667   3728.69166667   3730.03333333   3727.25000000   3725.12500000   3726.40000000   3722.96666667   3723.10833333   3721.80000000   3721.25833333   3718.47500000   3719.86666667   3720.00833333   3719.60833333   3720.05000000   3720.03333333   3719.26666667   3720.39166667   3717.53333333   3714.29166667 
   3715.05000000   3714.26666667   3712.05000000   3711.30833333   3706.48333333   3703.59166667   3700.78333333   3698.32500000   3698.85833333   3695.24166667   3696.15833333   3695.81666667   3694.15833333   3691.54166667   3691.67500000   3691.11666667   3690.42500000   3688.58333333   3691.60000000   3688.72500000   3687.15000000   3688.75000000   3691.62500000   3692.10000000   3695.13333333 
   3691.46666667   3682.06666667   3679.01666667   3677.17500000   3674.33333333   3677.83333333   3671.80833333   3666.60000000   3669.92500000   3665.35000000   3664.68333333   3665.67500000   3662.97500000   3662.47500000   3661.71666667   3657.82500000   3657.73333333   3659.54166667   3661.33333333   3663.10833333   3659.94166667   3657.35000000   3655.97500000   3658.90000000   3656.17500000 
   3655.44166667   3648.15000000   3644.93333333   3648.07500000   3641.80000000   3639.02500000   3637.96666667   3630.81666667   3632.43333333   3632.81666667   3631.80000000   3631.47500000   3628.67500000   3626.82500000   3622.46666667   3620.70000000   3621.40833333   3621.34166667   3620.20833333   3618.85833333   3619.27500000   3620.55833333   3617.78333333   3620.32500000   3621.03333333 
   3621.84166667   3612.67500000   3607.86666667   3600.21666667   3595.86666667   3594.24166667   3595.84166667   3586.97500000   3586.32500000   3584.57500000   3586.35000000   3583.95000000   3582.35833333   3585.15833333   3583.36666667   3579.21666667   3577.40833333   3577.40833333   3571.61666667   3577.14166667   3577.30833333   3577.50833333   3575.01666667   3575.17500000   3576.12500000 
   3572.62500000   3565.99166667   3561.98333333   3561.05000000   3552.94166667   3551.05000000   3547.33333333   3546.06666667   3544.32500000   3542.22500000   3538.30833333   3536.64166667   3533.31666667   3530.82500000   3530.35000000   3530.30833333   3530.65000000   3527.88333333   3526.05000000   3526.59166667   3529.85833333   3529.46666667   3529.26666667   3528.80000000   3524.44166667 
   3520.81666667   3514.04166667   3508.53333333   3505.02500000   3496.83333333   3497.50833333   3494.33333333   3486.74166667   3489.08333333   3485.36666667   3488.20833333   3481.52500000   3483.66666667   3484.43333333   3479.20000000   3477.16666667   3476.60000000   3479.95000000   3479.61666667   3481.97500000   3478.70000000   3477.99166667   3477.55833333   3474.04166667   3473.75000000 
   3472.09166667   3463.10000000   3460.17500000   3451.30833333   3448.11666667   3443.08333333   3438.11666667   3436.95833333   3431.84166667   3433.85833333   3431.08333333   3426.66666667   3425.45833333   3420.05000000   3419.62500000   3419.62500000   3417.23333333   3416.14166667   3417.61666667   3420.00833333   3418.42500000   3416.37500000   3412.66666667   3413.85833333   3413.11666667 
   3405.02500000   3399.90000000   3392.40833333   3387.00000000   3376.33333333   3374.69166667   3369.73333333   3365.33333333   3364.65833333   3363.25833333   3360.73333333   3361.33333333   3352.47500000   3347.94166667   3341.30000000   3339.99166667   3338.85833333   3335.65833333   3333.14166667   3332.94166667   3330.84166667   3330.24166667   3332.84166667   3333.65833333   3329.53333333 
   3329.49166667   3318.44166667   3308.40000000   3306.34166667   3304.47500000   3296.05000000   3290.35000000   3279.10000000   3275.63333333   3271.42500000   3270.79166667   3268.72500000   3266.00833333   3261.40833333   3260.66666667   3255.13333333   3255.65000000   3250.39166667   3251.63333333   3245.14166667   3245.78333333   3245.15833333   3245.22500000   3242.30000000   3243.14166667 
   3241.84166667   3230.45000000   3222.10000000   3215.28333333   3208.32500000   3206.93333333   3195.72500000   3194.66666667   3194.66666667   3189.70000000   3188.76666667   3188.89166667   3182.28333333   3178.19166667   3172.37500000   3166.96666667   3166.20833333   3164.41666667   3157.45000000   3159.08333333   3156.80833333   3156.93333333   3157.36666667   3153.96666667   3151.71666667 
   3153.01666667   3143.50833333   3134.76666667   3128.19166667   3116.33333333   3108.71666667   3105.93333333   3101.83333333   3097.06666667   3090.28333333   3088.00000000   3081.33333333   3075.25000000   3066.45833333   3056.95833333   3060.55833333   3050.91666667   3052.60833333   3048.82500000   3048.44166667   3045.40000000   3042.97500000   3037.05833333   3038.20833333   3033.35000000 
   3036.25000000   3022.73333333   3013.95833333   3002.75833333   2992.86666667   2986.42500000   2980.10000000   2977.04166667   2968.96666667   2968.95000000   2962.13333333   2958.19166667   2949.65000000   2940.40000000   2937.34166667   2933.97500000   2927.00000000   2927.39166667   2919.60000000   2918.61666667   2912.35833333   2912.04166667   2903.58333333   2900.84166667   2899.55833333 
   2901.07500000   2885.35833333   2869.65833333   2861.42500000   2853.10000000   2845.11666667   2838.97500000   2830.00000000   2825.77500000   2818.36666667   2814.81666667   2806.06666667   2796.75833333   2785.98333333   2781.65833333   2777.76666667   2769.98333333   2770.86666667   2766.84166667   2765.02500000   2761.41666667   2759.20833333   2755.70000000   2748.65833333   2747.00000000 
   2746.57500000   2730.20833333   2718.05000000   2702.75833333   2695.01666667   2686.89166667   2674.61666667   2662.31666667   2652.67500000   2647.88333333   2647.29166667   2637.70000000   2633.70833333   2627.77500000   2624.04166667   2616.31666667   2613.75000000   2611.15833333   2603.24166667   2600.62500000   2597.33333333   2587.46666667   2587.50000000   2583.42500000   2582.42500000 
   2576.79166667   2563.00833333   2548.34166667   2536.20000000   2523.01666667   2513.50833333   2501.22500000   2489.25833333   2476.88333333   2473.05000000   2466.55833333   2461.95000000   2453.56666667   2449.30833333   2441.55833333   2437.55000000   2431.40833333   2424.84166667   2424.31666667   2416.99166667   2410.54166667   2408.09166667   2401.36666667   2391.45833333   2394.34166667 
   2394.65000000   2377.60000000   2364.07500000   2351.40000000   2342.25833333   2327.24166667   2312.80000000   2298.72500000   2286.45000000   2278.35000000   2268.14166667   2260.42500000   2246.30833333   2237.33333333   2228.59166667   2223.59166667   2218.89166667   2210.38333333   2203.44166667   2196.72500000   2191.57500000   2185.19166667   2181.43333333   2172.34166667   2166.38333333 
   2161.05833333   2148.38333333   2135.77500000   2121.56666667   2107.05833333   2091.94166667   2084.67500000   2070.81666667   2063.62500000   2052.53333333   2042.90833333   2031.50833333   2020.43333333   2013.53333333   2003.85833333   1998.99166667   1990.35833333   1986.20000000   1979.69166667   1977.00000000   1968.00833333   1952.00000000   1947.39166667   1942.37500000   1933.24166667 
   1931.10833333   1918.46666667   1902.65000000   1893.79166667   1885.15833333   1870.76666667   1857.51666667   1848.67500000   1838.83333333   1826.70833333   1818.24166667   1812.75833333   1803.35000000   1792.03333333   1785.27500000   1778.24166667   1770.74166667   1764.28333333   1756.24166667   1747.43333333   1740.68333333   1732.67500000   1727.85833333   1716.62500000   1709.99166667 
   1707.90000000   1687.46666667   1673.13333333   1661.93333333   1644.90833333   1636.98333333   1625.14166667   1618.53333333   1600.99166667   1589.89166667   1578.76666667   1566.08333333   1557.06666667   1549.20833333   1542.02500000   1529.64166667   1525.60833333   1518.52500000   1510.85833333   1499.03333333   1493.05000000   1488.34166667   1484.70833333   1483.08333333   1480.36666667 
   1483.50833333   1463.61666667   1446.92500000   1432.27500000   1415.93333333   1403.29166667   1395.94166667   1379.38333333   1370.47500000   1362.65833333   1352.66666667   1343.00833333   1334.62500000   1326.35000000   1320.49166667   1308.92500000   1299.98333333   1290.18333333   1285.95000000   1282.74166667   1281.57500000   1274.87500000   1272.53333333   1268.34166667   1263.98333333 
   1256.75000000   1242.40833333   1224.35833333   1213.85000000   1199.89166667   1188.99166667   1181.31666667   1170.15833333   1158.75833333   1147.79166667   1139.14166667   1130.82500000   1123.85000000   1112.70833333   1106.74166667   1098.70000000   1094.30833333   1086.14166667   1082.69166667   1082.20000000   1075.88333333   1071.24166667   1072.96666667   1065.52500000   1059.30000000 
   1054.13333333   1038.58333333   1027.00833333   1015.06666667   1002.67500000    993.43333333    982.90833333    970.51666667    963.34166667    956.26666667    949.30000000    943.45000000    940.18333333    935.75833333    934.46666667    926.90833333    924.64166667    917.27500000    915.49166667    913.33333333    907.70833333    909.86666667    907.70833333    900.89166667    901.82500000 
    895.75000000    885.25000000    873.95833333    858.56666667    848.81666667    840.45833333    829.65833333    819.29166667    809.06666667    800.00000000    790.30000000    783.70833333    781.86666667    774.89166667    771.33333333    764.76666667    759.82500000    755.01666667    752.20000000    749.12500000    743.74166667    742.26666667    738.28333333    734.80833333    732.45000000 
    733.89166667    719.20833333    711.19166667    699.10833333    684.69166667    676.32500000    666.79166667    659.76666667    655.60000000    648.84166667    645.20000000    637.81666667    636.01666667    630.65833333    627.54166667    622.35833333    618.58333333    612.64166667    609.80000000    605.09166667    604.45833333    605.45833333    604.30833333    602.85000000    603.80833333 
    602.72500000    592.25833333    583.14166667    577.24166667    575.64166667    566.42500000    560.00833333    549.57500000    543.01666667    535.79166667    531.09166667    526.66666667    521.50833333    522.22500000    518.41666667    518.34166667    514.30833333    512.03333333    510.50833333    510.70833333    506.60833333    508.43333333    505.47500000    501.84166667    500.11666667 
    500.51666667    491.20833333    483.70833333    476.85833333    467.63333333    457.81666667    449.95000000    448.43333333    443.65833333    441.65000000    437.32500000    436.79166667    431.40833333    428.80833333    428.02500000    425.07500000    424.04166667    424.46666667    419.60833333    421.32500000    422.15000000    418.33333333    418.96666667    419.55000000    420.55000000 
    417.85833333    407.03333333    398.97500000    391.32500000    386.56666667    379.39166667    377.89166667    369.86666667    366.77500000    366.33333333    363.82500000    362.15833333    362.58333333    359.64166667    354.99166667    355.99166667    353.96666667    352.63333333    350.63333333    351.03333333    351.34166667    349.87500000    348.04166667    352.20833333    352.07500000 
    352.58333333    345.33333333    340.39166667    331.51666667    323.42500000    315.15000000    310.54166667    308.75000000    302.91666667    302.20000000    298.79166667    298.31666667    296.21666667    296.44166667    296.47500000    296.50000000    294.97500000    296.75000000    296.34166667    297.15000000    296.05000000    298.09166667    295.64166667    294.45833333    296.54166667 
    295.55833333    290.73333333    282.65000000    276.31666667    268.95000000    264.70000000    260.87500000    259.06666667    259.59166667    256.88333333    255.99166667    252.26666667    251.12500000    251.46666667    253.52500000    253.88333333    250.21666667    247.88333333    244.10833333    246.30833333    249.09166667    247.81666667    245.93333333    242.11666667    242.82500000 
    241.50000000    235.57500000    232.26666667    228.76666667    227.00000000    223.59166667    220.33333333    217.49166667    216.54166667    214.47500000    215.42500000    213.20833333    210.61666667    211.12500000    211.05000000    211.32500000    212.02500000    212.37500000    212.00000000    208.60833333    205.98333333    207.15833333    207.01666667    208.23333333    208.28333333 
    207.54166667    203.60833333    199.04166667    196.25000000    194.40833333    191.93333333    190.18333333    187.55833333    189.47500000    185.25833333    183.74166667    183.00833333    179.58333333    177.39166667    175.99166667    178.45833333    176.75833333    175.68333333    174.96666667    176.10833333    176.10833333    175.59166667    174.20000000    178.66666667    177.25000000 
    177.26666667    171.60000000    169.31666667    164.73333333    164.04166667    160.57500000    157.35000000    158.69166667    158.49166667    156.30833333    158.07500000    153.80833333    152.24166667    152.43333333    154.20833333    153.97500000    153.71666667    154.70833333    155.45833333    156.49166667    155.72500000    153.72500000    157.45833333    157.60000000    156.59166667 
    155.54166667    150.82500000    144.41666667    140.11666667    139.46666667    136.93333333    135.67500000    133.49166667    132.98333333    133.75833333    133.38333333    131.48333333    132.18333333    133.20000000    133.79166667    132.17500000    132.14166667    131.79166667    132.38333333    134.30000000    134.00000000    132.23333333    133.15833333    133.06666667    134.08333333 
    135.81666667    130.50000000    124.99166667    121.24166667    117.86666667    119.21666667    118.88333333    115.82500000    114.87500000    114.59166667    113.00833333    112.35833333    114.29166667    116.57500000    114.85833333    112.78333333    110.41666667    112.45000000    111.51666667    109.72500000    109.79166667    109.70000000    112.20833333    112.74166667    114.73333333 
    116.93333333    109.39166667    106.02500000    103.56666667    102.14166667    100.70000000     99.55000000     98.44166667     97.31666667     98.89166667     99.25000000     97.46666667     97.65000000     96.50000000     97.60000000     97.69166667    100.29166667    101.80833333    101.71666667    104.01666667    103.88333333    100.28333333    100.84166667    102.06666667    100.25833333 
    100.79166667     97.85000000     95.91666667     91.73333333     89.20833333     88.85000000     88.92500000     90.78333333     88.98333333     88.18333333     88.48333333     85.87500000     85.09166667     86.09166667     86.26666667     85.94166667     86.91666667     87.34166667     88.16666667     88.28333333     89.23333333     88.31666667     86.89166667     86.96666667     87.30833333 
     87.32500000     82.92500000     80.76666667     79.17500000     77.28333333     78.69166667     79.24166667     78.71666667     79.62500000     77.39166667     75.11666667     76.17500000     76.19166667     74.70833333     74.46666667     77.30833333     77.07500000     77.83333333     79.16666667     77.65000000     78.68333333     77.77500000     77.57500000     76.24166667     77.42500000 
     77.21666667     73.64166667     71.29166667     69.31666667     70.49166667     69.56666667     68.05833333     68.71666667     67.97500000     67.17500000     66.76666667     66.68333333     65.84166667     66.29166667     68.27500000     70.10833333     70.81666667     70.28333333     69.37500000     70.36666667     69.30833333     67.04166667     66.79166667     69.24166667     67.55000000 
     67.06666667     61.77500000     61.49166667     59.84166667     59.93333333     60.60000000     62.03333333     59.45833333     57.75000000     59.58333333     59.93333333     60.66666667     59.17500000     58.47500000     59.29166667     57.79166667     58.54166667     59.82500000     60.50000000     60.62500000     62.28333333     58.99166667     57.61666667     58.03333333     57.39166667 
     59.57500000     56.25833333     52.86666667     53.41666667     53.06666667     52.51666667     53.87500000     54.59166667     53.56666667     53.43333333     54.65000000     52.18333333     52.31666667     50.58333333     52.48333333     53.24166667     53.36666667     52.71666667     52.20833333     52.45833333     52.47500000     51.45833333     52.27500000     52.35833333     50.70833333 
     51.75000000     50.00000000     48.21666667     48.75833333     47.25833333     46.06666667     45.98333333     45.95000000     44.35000000     44.60000000     45.63333333     47.82500000     48.65000000     46.57500000     47.07500000     45.32500000     47.23333333     46.60833333     47.16666667     47.29166667     47.83333333     48.35833333     47.41666667     46.58333333     47.23333333 
     46.85833333     44.74166667     42.14166667     41.66666667     41.99166667     40.87500000     41.52500000     41.25833333     41.24166667     41.23333333     42.68333333     41.51666667     41.80833333     42.30833333     43.34166667     42.25833333     41.95000000     41.60833333     42.10833333     42.27500000     40.53333333     40.30833333     41.35000000     41.70000000     42.46666667 
     42.30833333     39.16666667     39.55833333     38.85833333     38.11666667     36.85000000     36.88333333     37.15000000     36.56666667     37.82500000     36.80000000     38.45833333     38.06666667     36.72500000     37.53333333     37.49166667     35.75833333     36.43333333     36.17500000     37.26666667     37.37500000     36.68333333     39.35000000     37.15833333     37.01666667 
     37.75000000     33.88333333     34.37500000     33.68333333     34.24166667     34.08333333     35.43333333     32.50833333     33.21666667     33.48333333     32.33333333     33.33333333     32.90000000     32.30000000     32.00833333     32.95000000     34.07500000     33.89166667     33.34166667     32.86666667     33.14166667     33.82500000     33.41666667     31.75833333     32.67500000 
     34.89166667     32.65833333     31.05000000     30.35833333     29.63333333     28.90833333     28.84166667     29.68333333     30.25000000     30.35000000     29.73333333     30.15833333     30.01666667     29.02500000     29.05000000     28.80833333     29.63333333     29.17500000     28.60833333     28.07500000     28.75833333     29.48333333     31.20000000     29.98333333     31.10833333 
     31.46666667     27.88333333     27.74166667     26.49166667     27.16666667     27.12500000     26.55833333     26.99166667     26.37500000     27.94166667     26.38333333     26.65000000     26.91666667     26.19166667     26.52500000     25.70000000     26.10833333     27.28333333     26.33333333     26.44166667     25.88333333     25.87500000     26.64166667     26.73333333     26.10000000 
     26.28333333     25.14166667     24.70000000     25.45000000     24.67500000     24.82500000     23.99166667     24.40833333     24.37500000     23.62500000     23.98333333     23.50000000     24.59166667     25.20000000     24.65000000     23.50000000     25.20000000     23.79166667     23.97500000     23.10833333     24.01666667     25.11666667     25.19166667     23.70000000     24.11666667 
     24.08333333     22.69166667     20.72500000     21.29166667     21.92500000     22.13333333     21.65833333     22.64166667     22.22500000     22.54166667     22.08333333     21.75000000     22.25833333     21.49166667     22.14166667     23.65000000     23.57500000     21.94166667     21.97500000     21.60000000     22.85000000     22.20833333     22.14166667     22.25833333     21.54166667 
     21.83333333     20.01666667     19.46666667     19.04166667     19.45833333     19.96666667     18.73333333     19.86666667     20.20000000     18.63333333     19.17500000     19.08333333     20.08333333     19.55833333     20.69166667     20.05833333     20.30000000     20.49166667     20.06666667     20.95833333     20.53333333     19.81666667     19.45000000     19.86666667     20.04166667 
     19.70000000     18.36666667     18.26666667     18.51666667     18.27500000     18.38333333     18.58333333     19.26666667     18.25000000     18.01666667     17.24166667     18.45833333     17.82500000     17.88333333     18.40000000     17.68333333     17.60833333     17.57500000     17.10833333     18.37500000     18.80833333     18.11666667     18.13333333     18.43333333     18.57500000 
     18.48333333     16.13333333     16.10000000     15.62500000     15.57500000     16.30833333     17.27500000     15.86666667     17.42500000     16.00833333     16.60000000     16.27500000     16.09166667     15.78333333     15.95000000     16.99166667     16.31666667     16.09166667     16.20000000     16.91666667     16.92500000     16.58333333     16.32500000     16.66666667     16.31666667 
     16.00000000     14.95000000     15.60833333     15.30000000     15.80000000     15.34166667     15.25000000     14.86666667     14.38333333     14.67500000     14.89166667     14.98333333     14.90000000     14.40833333     13.91666667     14.22500000     14.34166667     15.75000000     13.48333333     14.66666667     15.50000000     15.35833333     15.75000000     14.75833333     14.90833333 
     14.95833333     14.21666667     13.02500000     13.31666667     13.45000000     13.80833333     13.30000000     13.84166667     14.08333333     13.52500000     14.58333333     14.18333333     13.56666667     13.67500000     12.37500000     13.36666667     13.02500000     13.82500000     13.15000000     13.36666667     12.78333333     13.05833333     12.48333333     13.13333333     12.95833333 
     13.34166667     12.94166667     12.32500000     12.31666667     12.17500000     12.62500000     12.25833333     12.35833333     12.43333333     11.88333333     12.02500000     13.28333333     12.25000000     11.99166667     12.95833333     12.25000000     11.86666667     11.72500000     11.94166667     12.84166667     12.15000000     12.41666667     12.11666667     12.16666667     12.04166667 
     11.25833333     10.49166667     10.60000000     12.25000000     10.95833333     11.42500000     11.45000000     12.01666667     10.55833333     10.58333333     11.80000000     11.90000000     11.56666667     11.85000000     11.66666667     12.02500000     10.99166667     11.08333333     11.37500000     11.15000000     11.90000000     10.85000000     10.75833333     10.94166667     11.04166667 
     10.95000000     10.45000000     10.27500000     10.20000000     10.08333333     10.30000000     10.45000000     10.55833333     10.68333333      9.53333333     10.27500000     10.13333333     10.33333333     10.53333333     10.34166667      9.80000000      9.70833333      9.80833333     11.27500000     10.62500000     10.87500000     10.85833333      9.89166667     10.13333333     10.00000000 
     10.55000000     10.02500000      9.16666667      8.99166667      8.76666667      9.55000000      9.74166667      9.15833333      9.79166667      9.40833333      9.80833333     10.05000000      9.39166667      9.85833333      8.95833333      9.55833333      9.60833333      9.79166667      9.08333333      9.35000000      9.30000000      8.98333333      9.75000000      9.53333333      9.63333333 
      9.35833333      8.83333333      7.85000000      8.45000000      8.55833333      8.85833333      9.06666667      8.59166667      8.59166667      8.43333333      8.29166667      9.24166667      8.67500000      8.83333333      8.27500000      8.76666667      8.61666667      8.38333333      9.23333333      8.41666667      8.51666667      9.04166667      8.72500000      8.07500000      7.97500000 
