      0.00000000     35.25000000     39.80000000     37.30000000     38.00000000     37.20000000     39.23333333     37.03333333     36.85000000     37.53333333     37.01666667     38.26666667     36.65000000     37.71666667     38.21666667     38.11666667     39.40000000     38.10000000     39.68333333     39.76666667     38.10000000     38.31666667     38.81666667     38.33333333     37.30000000 
     36.78333333     40.66666667     40.10000000     40.03333333     41.20000000     37.91666667     40.03333333     40.53333333     38.76666667     39.76666667     40.55000000     38.15000000     38.80000000     40.85000000     39.76666667     39.88333333     40.91666667     39.18333333     39.21666667     40.23333333     39.50000000     40.06666667     39.38333333     39.03333333     40.86666667 
     40.71666667     41.96666667     42.95000000     43.33333333     42.00000000     41.60000000     40.03333333     44.03333333     41.28333333     39.86666667     42.98333333     41.71666667     41.06666667     42.50000000     41.60000000     42.01666667     42.26666667     41.81666667     42.88333333     42.20000000     41.78333333     41.76666667     41.65000000     42.60000000     42.76666667 
     40.81666667     43.38333333     43.45000000     44.68333333     44.26666667     46.96666667     45.18333333     45.05000000     44.50000000     43.78333333     45.51666667     44.40000000     43.75000000     45.36666667     44.55000000     44.48333333     45.38333333     43.46666667     44.71666667     44.43333333     44.33333333     44.50000000     45.53333333     42.85000000     44.66666667 
     43.98333333     47.20000000     47.65000000     45.58333333     46.96666667     45.13333333     46.48333333     45.11666667     47.43333333     45.00000000     47.76666667     48.96666667     45.63333333     46.21666667     47.88333333     46.98333333     47.71666667     48.35000000     45.53333333     46.83333333     46.78333333     46.68333333     45.78333333     47.58333333     48.23333333 
     47.01666667     48.06666667     48.95000000     48.58333333     48.86666667     47.71666667     47.60000000     49.01666667     50.58333333     49.80000000     49.66666667     48.50000000     48.60000000     49.01666667     48.11666667     50.10000000     48.21666667     49.35000000     48.93333333     49.88333333     50.08333333     49.66666667     47.33333333     50.65000000     48.68333333 
     49.35000000     52.36666667     52.68333333     51.38333333     51.20000000     52.46666667     52.43333333     52.08333333     51.93333333     53.28333333     50.73333333     51.83333333     52.45000000     52.51666667     52.96666667     52.25000000     51.65000000     52.48333333     52.16666667     51.61666667     53.00000000     52.95000000     50.73333333     51.21666667     52.46666667 
     51.51666667     54.08333333     55.53333333     54.16666667     55.00000000     54.28333333     55.95000000     55.26666667     55.86666667     54.65000000     56.20000000     55.78333333     56.28333333     55.15000000     57.40000000     57.03333333     56.13333333     54.45000000     56.00000000     53.51666667     55.81666667     56.48333333     56.46666667     55.28333333     57.21666667 
     56.26666667     58.33333333     57.71666667     58.90000000     58.46666667     58.75000000     58.26666667     59.86666667     59.40000000     57.81666667     58.28333333     57.33333333     59.55000000     58.18333333     57.73333333     58.90000000     58.18333333     58.15000000     58.06666667     57.15000000     57.78333333     57.20000000     57.15000000     58.36666667     57.80000000 
     59.11666667     61.61666667     60.88333333     62.21666667     61.56666667     61.70000000     63.88333333     61.40000000     61.98333333     62.45000000     60.90000000     60.70000000     61.65000000     60.75000000     60.68333333     61.36666667     62.41666667     60.48333333     59.86666667     61.38333333     60.83333333     61.26666667     60.88333333     63.05000000     60.26666667 
     59.81666667     62.70000000     63.76666667     66.83333333     66.98333333     67.55000000     66.48333333     65.38333333     63.61666667     63.88333333     64.55000000     62.55000000     64.66666667     67.06666667     66.55000000     64.00000000     65.81666667     64.41666667     64.81666667     63.15000000     65.75000000     64.26666667     66.30000000     65.66666667     65.53333333 
     64.45000000     67.66666667     68.08333333     67.86666667     69.70000000     70.38333333     66.96666667     69.20000000     68.06666667     69.91666667     70.83333333     69.81666667     69.85000000     67.60000000     68.10000000     68.68333333     69.30000000     68.98333333     68.05000000     67.26666667     69.31666667     68.60000000     68.23333333     66.90000000     70.48333333 
     67.38333333     72.65000000     73.68333333     72.63333333     73.85000000     72.66666667     75.31666667     73.90000000     72.83333333     73.13333333     72.45000000     73.65000000     72.48333333     71.58333333     74.05000000     72.88333333     73.35000000     72.95000000     73.40000000     72.68333333     71.91666667     74.25000000     74.83333333     73.65000000     74.35000000 
     72.36666667     75.40000000     78.53333333     77.90000000     80.45000000     79.06666667     79.51666667     79.05000000     80.13333333     78.11666667     78.71666667     78.15000000     78.76666667     78.68333333     79.05000000     76.80000000     79.45000000     77.30000000     79.08333333     79.73333333     76.90000000     76.58333333     75.65000000     78.10000000     77.25000000 
     77.18333333     81.73333333     82.55000000     82.93333333     83.20000000     82.38333333     82.06666667     83.88333333     82.75000000     82.33333333     81.60000000     83.05000000     83.73333333     83.66666667     82.86666667     83.00000000     81.80000000     84.53333333     82.61666667     84.26666667     82.55000000     84.36666667     84.58333333     84.30000000     82.90000000 
     81.21666667     86.45000000     86.05000000     88.61666667     87.70000000     86.88333333     90.11666667     87.81666667     91.55000000     89.05000000     87.98333333     89.68333333     87.25000000     88.33333333     89.25000000     88.56666667     89.76666667     87.95000000     87.53333333     88.36666667     89.35000000     87.61666667     87.86666667     87.51666667     88.18333333 
     87.70000000     92.51666667     97.80000000     94.71666667     95.95000000     95.31666667     95.33333333     97.31666667     96.88333333     94.98333333     94.46666667     92.03333333     93.55000000     94.35000000     96.13333333     95.36666667     92.65000000     93.10000000     94.01666667     94.78333333     96.51666667     95.55000000     95.01666667     93.15000000     94.13333333 
     94.46666667     97.08333333    100.23333333     98.21666667     99.18333333     98.90000000    101.28333333     99.73333333     99.35000000    101.00000000    101.40000000     98.51666667     98.93333333     99.50000000     99.26666667    101.01666667     99.71666667     98.10000000     96.86666667    100.55000000     99.78333333    100.20000000    101.55000000    100.70000000    100.48333333 
    103.81666667    107.81666667    108.80000000    105.45000000    106.26666667    108.71666667    106.81666667    108.70000000    107.06666667    109.35000000    110.40000000    108.43333333    109.01666667    108.83333333    109.36666667    109.05000000    106.41666667    108.66666667    109.90000000    109.48333333    107.70000000    107.95000000    107.80000000    108.51666667    108.41666667 
    108.78333333    110.91666667    114.96666667    115.35000000    115.73333333    114.83333333    113.63333333    113.56666667    116.91666667    115.95000000    117.71666667    115.45000000    116.15000000    116.45000000    115.00000000    115.16666667    116.46666667    115.16666667    113.60000000    114.08333333    114.03333333    113.58333333    117.30000000    116.26666667    115.78333333 
    117.25000000    119.38333333    119.05000000    119.43333333    120.06666667    121.66666667    124.11666667    122.91666667    123.46666667    126.06666667    125.36666667    125.56666667    125.41666667    125.21666667    126.36666667    126.53333333    125.38333333    124.05000000    124.65000000    125.68333333    122.95000000    123.33333333    124.13333333    123.66666667    126.48333333 
    124.86666667    128.65000000    130.10000000    129.51666667    130.35000000    132.91666667    131.83333333    132.38333333    132.93333333    129.66666667    133.06666667    132.20000000    132.90000000    132.66666667    132.05000000    134.01666667    133.73333333    132.38333333    131.56666667    133.86666667    133.11666667    134.95000000    134.16666667    132.81666667    132.95000000 
    133.90000000    138.16666667    138.51666667    140.06666667    140.51666667    141.21666667    141.26666667    142.48333333    141.71666667    141.11666667    142.05000000    141.61666667    142.16666667    141.55000000    140.93333333    144.26666667    142.13333333    143.98333333    142.48333333    141.40000000    143.63333333    143.53333333    143.60000000    143.30000000    143.55000000 
    144.15000000    148.41666667    152.58333333    153.10000000    152.56666667    151.68333333    153.05000000    152.18333333    154.01666667    152.66666667    154.13333333    155.45000000    155.90000000    155.46666667    154.95000000    153.73333333    153.56666667    154.85000000    155.76666667    155.08333333    153.86666667    154.28333333    157.30000000    157.38333333    155.06666667 
    155.05000000    159.85000000    161.11666667    162.15000000    161.71666667    162.13333333    163.01666667    163.95000000    165.63333333    165.48333333    165.90000000    165.45000000    165.73333333    168.76666667    166.53333333    166.20000000    167.38333333    165.93333333    166.20000000    165.43333333    165.03333333    166.68333333    166.60000000    165.91666667    164.68333333 
    164.45000000    167.75000000    168.48333333    168.55000000    171.06666667    174.60000000    173.83333333    173.70000000    176.06666667    179.81666667    179.30000000    178.81666667    179.73333333    178.68333333    179.93333333    178.96666667    181.93333333    178.08333333    180.01666667    178.90000000    179.50000000    178.68333333    179.76666667    181.86666667    180.98333333 
    177.70000000    183.21666667    185.51666667    186.68333333    189.70000000    193.98333333    192.33333333    193.18333333    193.23333333    194.03333333    191.63333333    193.91666667    191.96666667    193.91666667    194.50000000    194.46666667    194.56666667    196.05000000    197.23333333    197.58333333    195.36666667    194.90000000    194.68333333    193.63333333    194.98333333 
    193.35000000    199.06666667    201.80000000    201.86666667    203.83333333    205.33333333    206.35000000    209.73333333    211.10000000    210.26666667    210.08333333    211.46666667    210.33333333    209.70000000    210.40000000    210.71666667    210.23333333    209.55000000    211.51666667    211.00000000    210.11666667    211.16666667    210.83333333    209.11666667    209.40000000 
    210.11666667    213.25000000    216.36666667    217.61666667    219.71666667    218.56666667    220.93333333    223.53333333    225.16666667    226.03333333    225.05000000    223.01666667    226.10000000    229.23333333    229.41666667    229.20000000    229.31666667    228.13333333    227.38333333    228.90000000    229.11666667    227.80000000    227.63333333    228.30000000    230.15000000 
    228.40000000    232.55000000    234.81666667    236.18333333    238.53333333    239.33333333    241.56666667    240.06666667    242.80000000    243.83333333    243.28333333    243.33333333    244.08333333    245.66666667    246.36666667    245.91666667    245.41666667    245.05000000    245.61666667    245.45000000    243.86666667    243.91666667    246.88333333    247.76666667    247.03333333 
    248.76666667    250.80000000    252.16666667    254.40000000    257.30000000    257.98333333    258.11666667    258.73333333    259.18333333    260.76666667    261.53333333    263.71666667    266.73333333    265.81666667    265.30000000    265.26666667    267.88333333    267.26666667    265.83333333    268.60000000    269.65000000    268.05000000    268.45000000    268.25000000    269.90000000 
    269.66666667    273.15000000    275.65000000    279.21666667    281.60000000    284.11666667    284.98333333    285.48333333    286.75000000    289.36666667    289.93333333    292.68333333    292.95000000    292.78333333    291.95000000    289.51666667    290.20000000    291.35000000    293.91666667    290.76666667    294.26666667    292.60000000    290.08333333    292.51666667    292.40000000 
    292.10000000    294.96666667    298.65000000    300.13333333    302.71666667    307.75000000    307.23333333    308.80000000    306.33333333    309.80000000    312.30000000    312.33333333    312.43333333    311.98333333    313.21666667    314.80000000    316.23333333    313.86666667    314.81666667    318.83333333    314.88333333    315.30000000    314.71666667    314.78333333    314.35000000 
    315.20000000    320.40000000    324.75000000    324.30000000    325.23333333    325.98333333    328.35000000    326.81666667    329.33333333    332.40000000    336.25000000    333.35000000    335.41666667    338.36666667    337.85000000    339.18333333    339.83333333    339.25000000    339.36666667    338.80000000    339.91666667    341.35000000    341.85000000    340.65000000    343.91666667 
    343.06666667    344.00000000    349.88333333    352.45000000    351.83333333    351.76666667    354.40000000    355.40000000    358.31666667    360.58333333    361.28333333    364.76666667    364.08333333    365.21666667    367.11666667    364.93333333    365.01666667    365.30000000    367.56666667    368.81666667    368.21666667    370.15000000    370.05000000    368.65000000    369.15000000 
    367.28333333    370.91666667    375.75000000    375.25000000    378.15000000    380.23333333    383.13333333    383.40000000    385.96666667    386.95000000    387.31666667    388.13333333    388.90000000    389.15000000    388.18333333    390.33333333    391.98333333    392.11666667    391.31666667    391.53333333    394.10000000    396.21666667    394.20000000    394.21666667    393.60000000 
    394.41666667    397.76666667    401.11666667    400.96666667    401.30000000    403.33333333    403.06666667    405.00000000    408.70000000    410.56666667    412.46666667    412.28333333    412.43333333    414.31666667    415.88333333    416.16666667    416.88333333    418.66666667    415.65000000    416.60000000    418.25000000    419.26666667    417.93333333    419.96666667    419.06666667 
    420.38333333    423.78333333    423.73333333    423.18333333    427.06666667    430.63333333    430.63333333    434.38333333    432.56666667    436.90000000    434.11666667    436.11666667    436.81666667    441.21666667    437.75000000    437.66666667    439.78333333    438.51666667    440.58333333    441.41666667    442.53333333    440.31666667    441.06666667    442.31666667    444.31666667 
    443.33333333    444.83333333    448.83333333    449.71666667    449.95000000    453.36666667    452.20000000    456.93333333    455.95000000    454.56666667    456.25000000    456.06666667    458.03333333    459.70000000    458.95000000    461.58333333    461.98333333    460.46666667    460.75000000    461.38333333    461.46666667    461.66666667    464.41666667    459.70000000    464.68333333 
    462.98333333    465.25000000    467.15000000    468.38333333    471.30000000    471.58333333    474.30000000    474.85000000    475.40000000    476.43333333    475.75000000    476.28333333    478.10000000    477.80000000    477.30000000    477.65000000    475.11666667    477.38333333    478.15000000    474.51666667    476.50000000    475.83333333    476.93333333    477.00000000    478.45000000 
    477.96666667    478.98333333    480.83333333    481.63333333    479.68333333    481.33333333    481.31666667    481.68333333    481.91666667    478.98333333    483.93333333    484.00000000    482.05000000    482.33333333    483.61666667    485.66666667    482.33333333    483.18333333    483.73333333    485.18333333    487.20000000    486.06666667    484.86666667    487.96666667    486.11666667 
    488.11666667    485.38333333    486.13333333    483.98333333    488.70000000    487.20000000    490.05000000    489.01666667    487.66666667    489.06666667    490.18333333    491.05000000    486.20000000    486.56666667    487.11666667    484.88333333    485.31666667    486.25000000    488.41666667    485.05000000    487.00000000    487.76666667    487.76666667    489.53333333    488.66666667 
    488.61666667    485.85000000    485.38333333    485.01666667    487.28333333    487.98333333    484.23333333    484.08333333    486.23333333    485.45000000    484.45000000    487.00000000    486.90000000    487.46666667    487.05000000    484.35000000    483.41666667    485.20000000    484.63333333    484.26666667    480.43333333    483.35000000    484.16666667    481.06666667    476.85000000 
    475.75000000    473.93333333    478.05000000    476.16666667    474.28333333    476.63333333    475.66666667    477.83333333    476.03333333    475.33333333    475.05000000    475.78333333    471.98333333    473.48333333    470.51666667    471.28333333    467.28333333    471.55000000    467.66666667    465.90000000    466.76666667    469.35000000    470.18333333    471.08333333    474.30000000 
    470.85000000    466.73333333    469.55000000    467.91666667    466.53333333    462.50000000    462.03333333    463.00000000    459.80000000    459.85000000    459.23333333    459.15000000    458.73333333    460.41666667    458.00000000    458.88333333    455.18333333    456.16666667    457.66666667    458.25000000    456.36666667    455.65000000    459.41666667    456.46666667    454.06666667 
    451.28333333    449.20000000    450.85000000    449.50000000    449.08333333    449.35000000    449.83333333    447.26666667    443.86666667    445.25000000    441.55000000    443.46666667    440.21666667    440.23333333    439.25000000    440.73333333    439.45000000    435.10000000    435.33333333    435.28333333    436.31666667    433.31666667    434.58333333    435.33333333    437.26666667 
    434.33333333    433.90000000    431.28333333    431.78333333    430.70000000    428.16666667    430.40000000    424.43333333    426.28333333    424.96666667    421.08333333    420.31666667    418.76666667    418.56666667    416.66666667    417.21666667    414.81666667    413.60000000    415.83333333    413.01666667    414.15000000    413.96666667    414.55000000    415.91666667    410.65000000 
    416.03333333    411.13333333    414.15000000    407.18333333    406.81666667    404.48333333    401.98333333    402.41666667    402.75000000    404.06666667    403.76666667    401.00000000    396.28333333    399.73333333    398.90000000    397.25000000    396.36666667    397.75000000    394.21666667    394.96666667    393.55000000    395.91666667    395.21666667    391.78333333    393.46666667 
    394.63333333    387.26666667    388.35000000    386.58333333    384.81666667    383.83333333    381.70000000    381.08333333    381.01666667    380.88333333    380.10000000    382.66666667    379.30000000    376.73333333    379.91666667    379.48333333    376.98333333    374.21666667    375.20000000    377.33333333    377.73333333    376.33333333    380.61666667    377.31666667    376.55000000 
    376.73333333    370.23333333    369.91666667    369.41666667    366.95000000    367.56666667    364.36666667    361.95000000    361.36666667    358.20000000    358.26666667    360.18333333    360.65000000    357.51666667    356.01666667    356.71666667    357.65000000    355.95000000    355.95000000    355.50000000    353.91666667    353.68333333    352.31666667    351.01666667    352.85000000 
    353.45000000    349.56666667    347.56666667    350.30000000    346.28333333    344.66666667    343.70000000    345.21666667    343.03333333    342.45000000    341.11666667    341.95000000    343.71666667    343.91666667    339.81666667    343.45000000    342.33333333    339.98333333    338.16666667    335.96666667    338.13333333    337.95000000    337.35000000    337.71666667    335.38333333 
    338.01666667    333.75000000    334.13333333    332.70000000    328.33333333    328.53333333    327.08333333    323.61666667    323.73333333    321.46666667    319.28333333    321.83333333    317.96666667    321.50000000    321.20000000    320.03333333    319.05000000    318.56666667    316.73333333    317.81666667    317.10000000    317.75000000    317.26666667    316.11666667    314.55000000 
    315.41666667    310.85000000    313.01666667    311.06666667    309.81666667    304.01666667    305.40000000    304.65000000    306.20000000    303.71666667    305.60000000    302.73333333    303.16666667    301.06666667    304.28333333    301.53333333    301.95000000    305.13333333    302.61666667    301.71666667    301.06666667    302.66666667    301.98333333    302.08333333    301.11666667 
    300.11666667    296.98333333    294.26666667    293.43333333    288.45000000    289.63333333    287.65000000    290.01666667    289.70000000    289.33333333    288.78333333    288.13333333    285.76666667    289.78333333    282.48333333    285.38333333    285.11666667    286.30000000    286.48333333    286.93333333    284.66666667    287.18333333    285.10000000    288.48333333    283.43333333 
    285.65000000    279.93333333    277.18333333    275.86666667    278.41666667    277.15000000    275.11666667    277.03333333    274.48333333    273.45000000    273.11666667    272.28333333    271.61666667    273.26666667    273.58333333    273.58333333    273.75000000    275.66666667    273.08333333    278.30000000    273.65000000    271.81666667    269.93333333    271.73333333    269.95000000 
    274.41666667    271.65000000    266.06666667    264.80000000    264.56666667    265.58333333    265.90000000    263.90000000    264.71666667    261.38333333    259.96666667    261.56666667    260.70000000    259.56666667    259.96666667    258.91666667    258.38333333    257.75000000    259.51666667    259.01666667    259.55000000    257.51666667    257.05000000    257.63333333    255.76666667 
    259.31666667    254.15000000    252.63333333    252.30000000    250.03333333    248.90000000    249.41666667    250.63333333    247.81666667    245.46666667    246.63333333    246.88333333    245.58333333    246.51666667    246.35000000    245.88333333    246.55000000    248.26666667    244.18333333    241.95000000    247.46666667    243.13333333    246.20000000    243.93333333    246.60000000 
    244.56666667    241.00000000    240.50000000    240.06666667    240.03333333    239.20000000    238.31666667    237.61666667    237.23333333    238.25000000    236.96666667    235.65000000    234.61666667    234.05000000    234.03333333    232.73333333    233.55000000    232.11666667    234.53333333    233.70000000    233.06666667    233.20000000    234.66666667    231.11666667    234.58333333 
    237.00000000    230.71666667    232.01666667    227.45000000    227.58333333    227.98333333    226.45000000    229.60000000    226.05000000    226.06666667    221.88333333    222.16666667    223.45000000    221.86666667    223.26666667    224.95000000    224.58333333    221.18333333    224.78333333    225.61666667    226.28333333    223.63333333    226.13333333    226.30000000    223.53333333 
    223.88333333    220.38333333    220.55000000    217.08333333    220.78333333    217.98333333    216.83333333    214.55000000    216.56666667    215.60000000    215.51666667    216.38333333    215.55000000    213.23333333    214.30000000    213.48333333    214.55000000    212.93333333    216.10000000    211.91666667    217.70000000    212.98333333    215.83333333    215.11666667    213.48333333 
    216.60000000    212.36666667    211.35000000    212.46666667    209.08333333    207.81666667    210.78333333    208.93333333    209.61666667    205.45000000    206.80000000    207.28333333    207.53333333    207.11666667    209.86666667    209.00000000    209.58333333    206.98333333    207.45000000    203.96666667    206.55000000    204.86666667    204.53333333    205.73333333    205.76666667 
    207.53333333    205.01666667    203.28333333    200.41666667    202.40000000    199.36666667    199.28333333    203.56666667    199.00000000    202.63333333    200.86666667    201.10000000    198.98333333    198.66666667    197.03333333    197.40000000    197.88333333    198.38333333    198.76666667    200.63333333    199.61666667    197.61666667    196.43333333    195.38333333    199.23333333 
    197.33333333    193.70000000    193.78333333    192.83333333    194.41666667    191.33333333    190.78333333    189.58333333    190.63333333    189.18333333    190.33333333    192.01666667    191.46666667    192.68333333    187.83333333    189.68333333    189.36666667    187.41666667    189.33333333    187.21666667    187.46666667    189.83333333    189.75000000    187.20000000    189.20000000 
    187.95000000    187.38333333    185.40000000    183.90000000    183.58333333    187.51666667    184.10000000    183.33333333    181.05000000    183.03333333    184.18333333    183.81666667    182.85000000    183.15000000    184.98333333    185.53333333    184.43333333    185.36666667    185.08333333    184.41666667    185.06666667    180.01666667    180.96666667    181.36666667    184.20000000 
    181.36666667    182.03333333    179.86666667    178.35000000    179.31666667    180.06666667    178.21666667    177.43333333    175.80000000    179.95000000    175.26666667    176.86666667    178.08333333    174.81666667    174.95000000    176.56666667    177.55000000    177.91666667    176.53333333    176.58333333    174.06666667    174.21666667    172.75000000    173.48333333    173.68333333 
    176.53333333    173.05000000    170.71666667    173.21666667    172.10000000    172.13333333    172.65000000    172.06666667    171.63333333    171.93333333    171.33333333    170.75000000    170.76666667    168.31666667    171.15000000    170.65000000    169.75000000    166.43333333    169.11666667    169.18333333    167.73333333    169.30000000    170.45000000    170.76666667    168.48333333 
    167.91666667    167.68333333    166.20000000    165.30000000    167.83333333    164.48333333    161.81666667    162.00000000    166.28333333    167.23333333    163.50000000    165.76666667    162.13333333    163.13333333    165.26666667    163.33333333    161.15000000    162.25000000    164.45000000    163.73333333    163.33333333    162.61666667    164.66666667    165.35000000    162.65000000 
    162.21666667    163.73333333    159.03333333    160.43333333    159.55000000    160.08333333    158.31666667    160.26666667    159.81666667    160.55000000    158.25000000    157.08333333    155.90000000    158.10000000    160.43333333    157.81666667    160.01666667    156.61666667    158.25000000    157.63333333    156.83333333    158.43333333    156.75000000    154.91666667    158.90000000 
    158.01666667    157.11666667    156.28333333    157.98333333    156.55000000    154.38333333    154.08333333    152.46666667    153.85000000    153.88333333    151.86666667    150.85000000    152.23333333    153.91666667    156.18333333    153.55000000    156.63333333    154.71666667    150.63333333    155.16666667    154.18333333    156.35000000    154.25000000    155.31666667    154.93333333 
    155.31666667    148.93333333    150.11666667    149.95000000    150.13333333    149.26666667    148.63333333    150.85000000    151.26666667    147.46666667    148.53333333    147.95000000    150.18333333    148.51666667    150.56666667    147.71666667    150.75000000    145.80000000    148.11666667    147.70000000    151.75000000    148.43333333    151.61666667    147.06666667    148.08333333 
    150.55000000    146.25000000    146.13333333    145.00000000    144.88333333    144.80000000    146.28333333    144.58333333    141.66666667    145.30000000    144.15000000    144.60000000    144.80000000    144.16666667    143.20000000    144.05000000    142.41666667    145.03333333    145.01666667    145.61666667    143.68333333    142.08333333    144.01666667    144.71666667    142.70000000 
    145.15000000    141.73333333    138.88333333    140.80000000    141.20000000    139.08333333    140.65000000    139.03333333    138.48333333    139.06666667    136.95000000    140.86666667    137.71666667    139.18333333    139.45000000    139.91666667    137.03333333    139.63333333    137.83333333    138.73333333    136.01666667    139.06666667    138.41666667    137.70000000    136.40000000 
    138.20000000    137.33333333    135.66666667    135.56666667    137.08333333    137.23333333    135.86666667    137.48333333    136.21666667    135.55000000    132.31666667    132.40000000    134.33333333    134.56666667    136.16666667    136.05000000    137.88333333    134.58333333    136.15000000    135.56666667    134.40000000    135.23333333    134.20000000    132.03333333    133.36666667 
    133.26666667    132.75000000    132.80000000    130.75000000    131.35000000    132.11666667    128.33333333    132.66666667    131.91666667    130.58333333    131.93333333    130.46666667    132.13333333    130.71666667    132.51666667    131.50000000    131.90000000    132.25000000    131.88333333    133.21666667    132.05000000    130.83333333    131.38333333    132.85000000    128.40000000 
    131.56666667    129.76666667    129.46666667    129.20000000    126.75000000    127.60000000    128.10000000    127.68333333    126.00000000    128.50000000    127.48333333    128.60000000    130.15000000    130.25000000    128.41666667    128.75000000    125.88333333    128.66666667    126.28333333    127.65000000    126.45000000    127.90000000    128.71666667    125.78333333    127.83333333 
    128.73333333    125.00000000    121.96666667    126.76666667    123.90000000    120.68333333    123.43333333    125.43333333    124.95000000    123.96666667    123.95000000    126.06666667    124.50000000    121.21666667    122.88333333    119.76666667    120.43333333    122.80000000    121.80000000    122.31666667    122.06666667    125.05000000    124.83333333    123.85000000    123.00000000 
    124.95000000    122.30000000    122.83333333    121.90000000    121.21666667    119.18333333    119.86666667    121.90000000    122.26666667    118.88333333    119.63333333    118.81666667    119.03333333    121.81666667    119.71666667    121.15000000    121.68333333    120.96666667    120.21666667    121.16666667    118.81666667    118.60000000    120.63333333    120.26666667    119.75000000 
    120.40000000    116.98333333    116.91666667    117.35000000    115.43333333    116.76666667    116.93333333    117.30000000    117.00000000    116.95000000    115.63333333    116.55000000    116.38333333    115.51666667    117.50000000    115.58333333    116.33333333    116.33333333    114.50000000    115.50000000    115.75000000    115.56666667    117.73333333    117.08333333    114.91666667 
    116.11666667    112.48333333    111.71666667    111.18333333    111.11666667    111.80000000    112.96666667    111.45000000    112.36666667    112.95000000    111.60000000    111.15000000    111.33333333    112.55000000    113.58333333    111.88333333    112.66666667    113.60000000    112.58333333    111.36666667    112.60000000    113.73333333    111.58333333    112.73333333    114.76666667 
    112.38333333    112.53333333    111.91666667    113.20000000    112.33333333    111.00000000    110.76666667    112.00000000    109.05000000    110.26666667    109.61666667    108.76666667    109.76666667    109.71666667    107.51666667    108.48333333    109.65000000    107.46666667    109.33333333    108.35000000    109.28333333    111.43333333    112.26666667    111.73333333    110.86666667 
    112.70000000    114.20000000    113.93333333    115.38333333    114.13333333    112.10000000    114.11666667    113.60000000    115.03333333    114.56666667    113.75000000    113.10000000    112.21666667    112.76666667    114.08333333    112.73333333    114.16666667    111.31666667    113.21666667    113.91666667    110.85000000    112.78333333    112.61666667    113.41666667    114.73333333 
    111.98333333    116.06666667    116.35000000    113.86666667    114.65000000    117.95000000    116.58333333    115.43333333    117.55000000    116.90000000    116.60000000    116.86666667    116.48333333    118.78333333    115.61666667    114.83333333    116.31666667    117.36666667    115.25000000    116.63333333    117.38333333    116.43333333    116.28333333    117.75000000    115.10000000 
    115.96666667    115.70000000    119.06666667    118.65000000    120.56666667    120.93333333    121.25000000    122.28333333    119.81666667    121.05000000    121.66666667    119.40000000    117.65000000    118.88333333    118.50000000    120.60000000    118.18333333    120.23333333    116.98333333    120.46666667    119.96666667    120.01666667    119.66666667    117.71666667    116.88333333 
    118.98333333    119.88333333    124.50000000    123.80000000    123.60000000    123.06666667    122.98333333    123.95000000    120.75000000    122.51666667    120.91666667    120.96666667    122.73333333    122.63333333    123.25000000    124.30000000    122.83333333    121.36666667    120.96666667    121.98333333    122.26666667    122.20000000    122.83333333    122.48333333    122.95000000 
    123.90000000    123.51666667    125.43333333    128.06666667    126.73333333    126.28333333    125.80000000    124.58333333    125.31666667    128.13333333    124.65000000    127.80000000    126.98333333    126.61666667    128.36666667    126.41666667    127.58333333    126.53333333    125.93333333    127.01666667    125.50000000    127.68333333    126.05000000    127.85000000    127.91666667 
    127.13333333    129.73333333    129.66666667    131.33333333    128.60000000    130.15000000    130.56666667    129.71666667    131.00000000    130.40000000    130.43333333    130.61666667    130.31666667    130.88333333    131.98333333    130.86666667    131.26666667    131.41666667    132.60000000    130.53333333    129.76666667    130.00000000    132.23333333    131.61666667    130.66666667 
    131.11666667    134.35000000    133.25000000    133.83333333    132.38333333    136.71666667    133.85000000    135.33333333    137.05000000    134.38333333    134.10000000    133.98333333    137.60000000    135.06666667    139.01666667    135.80000000    135.75000000    138.15000000    134.95000000    134.98333333    136.16666667    135.85000000    134.90000000    136.11666667    136.05000000 
    133.45000000    136.35000000    136.81666667    138.91666667    138.95000000    136.78333333    139.48333333    138.43333333    141.60000000    140.91666667    139.21666667    136.91666667    138.98333333    137.96666667    140.06666667    139.65000000    138.11666667    136.71666667    138.56666667    139.21666667    138.33333333    139.30000000    139.33333333    139.58333333    137.25000000 
    140.13333333    140.16666667    144.10000000    140.21666667    142.15000000    143.56666667    141.81666667    142.63333333    145.66666667    144.46666667    142.16666667    141.50000000    142.30000000    145.01666667    143.00000000    142.93333333    141.96666667    142.31666667    141.58333333    141.68333333    142.70000000    142.00000000    141.88333333    143.46666667    141.86666667 
    143.20000000    143.58333333    145.85000000    145.65000000    147.38333333    146.08333333    143.76666667    146.13333333    146.21666667    146.66666667    147.25000000    147.53333333    146.66666667    147.45000000    143.13333333    148.35000000    147.13333333    147.66666667    150.76666667    146.95000000    148.75000000    147.80000000    148.63333333    147.98333333    147.95000000 
    147.11666667    149.96666667    151.38333333    151.45000000    152.48333333    147.76666667    151.51666667    151.55000000    154.40000000    151.51666667    151.31666667    152.88333333    154.26666667    151.48333333    150.66666667    151.16666667    152.06666667    149.86666667    151.03333333    153.03333333    150.13333333    150.90000000    152.36666667    153.36666667    151.23333333 
    151.98333333    156.03333333    155.31666667    155.73333333    157.06666667    155.73333333    158.00000000    158.58333333    158.15000000    156.75000000    160.80000000    157.45000000    157.88333333    159.65000000    158.28333333    156.48333333    157.96666667    158.48333333    158.23333333    157.11666667    158.50000000    158.05000000    157.88333333    156.15000000    155.36666667 
    158.40000000    160.40000000    161.31666667    162.10000000    160.30000000    160.91666667    161.65000000    161.41666667    160.00000000    163.25000000    162.40000000    162.15000000    159.61666667    161.33333333    164.11666667    162.03333333    161.28333333    162.71666667    163.90000000    167.03333333    163.56666667    165.60000000    161.50000000    162.93333333    162.60000000 
    163.06666667    164.78333333    165.66666667    165.33333333    167.90000000    171.08333333    169.76666667    166.10000000    170.15000000    165.66666667    167.38333333    166.40000000    168.43333333    170.76666667    169.85000000    170.56666667    170.86666667    169.38333333    168.41666667    169.15000000    170.15000000    169.20000000    172.65000000    168.86666667    169.01666667 
    169.65000000    172.58333333    175.03333333    176.25000000    174.55000000    178.01666667    175.85000000    177.30000000    177.13333333    175.56666667    177.31666667    175.40000000    175.68333333    177.10000000    179.58333333    175.53333333    173.68333333    174.86666667    175.51666667    176.36666667    173.98333333    176.78333333    175.73333333    175.38333333    176.15000000 
    173.93333333    175.08333333    174.81666667    176.46666667    179.15000000    181.03333333    183.90000000    181.55000000    182.10000000    183.60000000    182.26666667    185.33333333    182.96666667    181.28333333    182.16666667    182.53333333    182.25000000    181.38333333    182.48333333    183.48333333    180.28333333    180.41666667    182.01666667    180.56666667    180.75000000 
    183.25000000    184.95000000    187.95000000    187.08333333    186.05000000    189.40000000    186.98333333    187.48333333    188.61666667    189.16666667    188.35000000    189.63333333    187.41666667    189.20000000    187.70000000    188.61666667    186.65000000    186.81666667    189.95000000    190.05000000    189.43333333    192.76666667    190.31666667    188.83333333    188.83333333 
    191.46666667    191.40000000    194.06666667    194.13333333    194.23333333    192.65000000    194.86666667    194.58333333    196.55000000    195.50000000    195.95000000    197.61666667    196.35000000    196.11666667    196.15000000    197.93333333    200.45000000    199.38333333    197.00000000    197.93333333    196.66666667    199.36666667    196.81666667    197.35000000    196.66666667 
    197.03333333    199.93333333    202.21666667    201.90000000    202.28333333    204.61666667    202.30000000    204.38333333    203.18333333    206.85000000    204.70000000    204.40000000    201.33333333    202.76666667    201.35000000    202.73333333    201.63333333    202.36666667    202.98333333    204.73333333    204.93333333    204.36666667    207.71666667    206.03333333    204.93333333 
    205.46666667    207.78333333    208.10000000    211.61666667    210.76666667    211.08333333    211.90000000    210.61666667    213.21666667    211.28333333    210.90000000    213.36666667    211.21666667    212.63333333    214.03333333    214.50000000    211.80000000    215.55000000    213.88333333    217.25000000    214.71666667    216.15000000    213.11666667    215.16666667    212.61666667 
    215.03333333    216.68333333    217.43333333    219.86666667    217.18333333    218.63333333    224.21666667    220.35000000    222.25000000    223.56666667    223.40000000    223.51666667    220.96666667    221.58333333    222.85000000    223.68333333    220.88333333    220.88333333    221.11666667    219.68333333    221.90000000    222.48333333    222.96666667    221.93333333    223.05000000 
    223.68333333    223.88333333    225.91666667    227.56666667    228.18333333    230.56666667    231.05000000    229.23333333    231.68333333    232.43333333    229.75000000    231.41666667    230.65000000    232.46666667    232.88333333    234.53333333    233.48333333    233.86666667    233.30000000    232.36666667    232.41666667    233.00000000    232.08333333    232.98333333    236.96666667 
    236.70000000    236.16666667    237.43333333    236.48333333    238.41666667    240.01666667    240.88333333    242.10000000    241.01666667    242.60000000    241.88333333    242.40000000    242.55000000    243.81666667    243.98333333    243.40000000    243.66666667    245.45000000    243.45000000    245.36666667    246.80000000    245.05000000    243.91666667    243.23333333    240.20000000 
    243.25000000    248.80000000    250.83333333    250.95000000    252.23333333    248.55000000    252.03333333    254.83333333    252.03333333    254.48333333    255.16666667    254.78333333    255.48333333    254.88333333    255.06666667    256.45000000    257.06666667    256.36666667    254.85000000    252.46666667    254.85000000    255.95000000    256.40000000    253.76666667    256.88333333 
    256.71666667    260.75000000    260.20000000    257.70000000    262.21666667    263.53333333    262.65000000    267.98333333    263.98333333    263.11666667    264.10000000    263.75000000    266.78333333    266.81666667    268.10000000    269.33333333    268.18333333    268.45000000    269.55000000    270.05000000    268.81666667    268.10000000    269.43333333    268.01666667    267.25000000 
    266.23333333    270.53333333    273.71666667    275.88333333    278.11666667    278.43333333    276.83333333    280.90000000    281.51666667    282.28333333    279.11666667    281.26666667    281.43333333    279.20000000    279.20000000    281.06666667    281.10000000    281.76666667    286.11666667    281.46666667    280.81666667    280.66666667    281.55000000    282.66666667    282.98333333 
    285.43333333    288.91666667    288.16666667    286.53333333    291.60000000    292.83333333    295.16666667    294.03333333    293.86666667    293.08333333    295.15000000    295.93333333    295.43333333    297.98333333    297.11666667    296.31666667    296.71666667    296.76666667    297.96666667    297.63333333    295.16666667    297.15000000    296.26666667    297.80000000    298.55000000 
    300.50000000    303.81666667    304.80000000    304.06666667    307.68333333    305.70000000    306.23333333    310.61666667    307.70000000    311.41666667    307.76666667    312.95000000    310.91666667    308.48333333    311.21666667    311.81666667    313.15000000    311.43333333    312.35000000    309.60000000    311.40000000    310.35000000    311.38333333    312.38333333    312.11666667 
    312.05000000    316.83333333    315.65000000    319.53333333    320.33333333    321.66666667    323.93333333    324.05000000    326.08333333    322.96666667    322.31666667    324.98333333    324.03333333    326.31666667    326.78333333    325.53333333    327.40000000    328.11666667    327.16666667    326.11666667    327.10000000    325.75000000    326.75000000    326.80000000    325.65000000 
    329.85000000    331.63333333    333.73333333    334.45000000    340.30000000    339.18333333    340.20000000    342.21666667    341.65000000    340.15000000    341.53333333    338.76666667    343.63333333    342.81666667    346.30000000    347.33333333    347.71666667    345.50000000    344.98333333    346.50000000    348.50000000    348.96666667    345.48333333    347.11666667    347.76666667 
    347.23333333    351.10000000    353.88333333    354.30000000    353.53333333    356.56666667    357.13333333    362.08333333    363.05000000    363.55000000    362.71666667    361.98333333    362.26666667    364.71666667    363.51666667    366.83333333    364.25000000    364.08333333    363.80000000    368.30000000    365.81666667    365.65000000    366.06666667    367.88333333    365.05000000 
    365.10000000    371.08333333    373.18333333    374.48333333    376.65000000    373.95000000    378.13333333    379.43333333    377.40000000    378.80000000    378.53333333    377.28333333    378.53333333    380.48333333    382.13333333    382.85000000    384.48333333    384.10000000    386.90000000    384.23333333    385.66666667    385.10000000    384.16666667    384.43333333    384.65000000 
    381.60000000    387.00000000    388.75000000    390.48333333    393.71666667    395.21666667    393.73333333    394.63333333    393.75000000    397.86666667    397.21666667    397.26666667    397.80000000    401.41666667    406.18333333    400.28333333    406.05000000    403.58333333    403.41666667    401.28333333    402.13333333    403.28333333    407.06666667    403.56666667    408.61666667 
    405.21666667    410.53333333    412.66666667    414.23333333    414.78333333    416.46666667    416.93333333    414.30000000    415.58333333    414.65000000    416.50000000    416.18333333    419.10000000    423.40000000    420.21666667    420.00000000    423.46666667    421.16666667    422.51666667    422.21666667    424.33333333    420.41666667    425.35000000    423.85000000    426.11666667 
    423.73333333    428.75000000    432.83333333    431.35000000    433.73333333    435.86666667    436.36666667    436.10000000    436.15000000    437.41666667    437.50000000    438.40000000    440.68333333    443.56666667    443.60000000    443.58333333    445.03333333    442.10000000    441.78333333    441.91666667    443.13333333    441.56666667    442.45000000    443.10000000    441.16666667 
    442.58333333    446.01666667    447.46666667    450.25000000    450.05000000    449.23333333    454.05000000    454.06666667    455.61666667    455.65000000    453.28333333    454.60000000    455.18333333    454.68333333    455.86666667    458.13333333    458.96666667    456.15000000    461.20000000    459.75000000    457.33333333    460.21666667    456.45000000    458.00000000    458.66666667 
    461.83333333    463.86666667    464.50000000    466.38333333    467.43333333    467.88333333    466.58333333    468.40000000    469.63333333    468.58333333    470.50000000    469.61666667    471.41666667    467.75000000    470.18333333    471.95000000    472.61666667    473.36666667    471.61666667    474.71666667    475.01666667    473.66666667    474.26666667    475.21666667    472.80000000 
    473.71666667    475.91666667    476.88333333    476.61666667    476.50000000    477.45000000    476.81666667    480.05000000    480.10000000    478.36666667    481.25000000    481.05000000    483.33333333    483.00000000    484.83333333    483.56666667    481.36666667    480.95000000    482.53333333    481.55000000    481.48333333    485.08333333    484.36666667    484.35000000    485.08333333 
    486.18333333    487.26666667    485.48333333    486.23333333    484.60000000    486.75000000    484.01666667    487.40000000    485.78333333    485.35000000    485.06666667    488.20000000    488.10000000    485.45000000    486.71666667    487.50000000    489.56666667    484.81666667    487.53333333    485.06666667    486.45000000    490.33333333    488.91666667    487.76666667    490.21666667 
    489.68333333    489.20000000    488.00000000    489.68333333    487.33333333    487.46666667    487.46666667    490.10000000    488.23333333    487.83333333    485.76666667    484.51666667    485.58333333    487.11666667    484.23333333    485.53333333    485.53333333    485.63333333    483.81666667    486.61666667    484.38333333    484.03333333    485.75000000    486.11666667    484.70000000 
    482.56666667    482.76666667    480.65000000    478.73333333    478.85000000    476.06666667    478.25000000    476.38333333    477.35000000    476.65000000    475.18333333    474.86666667    475.61666667    473.28333333    471.56666667    475.16666667    473.38333333    472.70000000    472.05000000    473.55000000    473.50000000    474.23333333    472.96666667    473.41666667    471.88333333 
    469.26666667    470.61666667    471.56666667    468.53333333    469.90000000    469.91666667    467.23333333    467.63333333    464.31666667    463.23333333    462.88333333    462.05000000    460.50000000    460.41666667    462.88333333    461.86666667    461.00000000    460.86666667    459.65000000    455.40000000    455.10000000    455.90000000    457.73333333    454.96666667    455.86666667 
    455.95000000    455.31666667    452.23333333    451.45000000    450.03333333    447.10000000    443.33333333    441.20000000    443.26666667    440.83333333    440.13333333    439.31666667    437.25000000    437.75000000    434.60000000    435.80000000    433.83333333    434.05000000    433.75000000    433.70000000    433.96666667    436.15000000    432.50000000    432.96666667    433.65000000 
    433.58333333    432.18333333    429.06666667    427.10000000    424.60000000    420.51666667    419.45000000    419.23333333    418.06666667    418.55000000    417.03333333    416.06666667    415.13333333    413.46666667    413.50000000    412.20000000    410.18333333    411.11666667    409.76666667    410.11666667    408.78333333    408.65000000    408.58333333    407.05000000    405.83333333 
    406.31666667    405.01666667    401.58333333    400.53333333    397.58333333    394.86666667    396.18333333    392.50000000    390.21666667    388.63333333    386.10000000    386.11666667    383.90000000    382.48333333    380.35000000    381.40000000    381.85000000    381.35000000    376.96666667    381.01666667    377.40000000    379.08333333    378.76666667    380.11666667    380.83333333 
    381.28333333    377.48333333    373.88333333    371.20000000    367.15000000    366.48333333    364.23333333    363.60000000    360.31666667    359.11666667    357.96666667    359.38333333    356.18333333    355.75000000    355.05000000    352.56666667    349.71666667    349.73333333    348.58333333    348.95000000    346.40000000    345.13333333    347.81666667    349.15000000    349.86666667 
    349.38333333    347.05000000    341.93333333    341.70000000    336.76666667    335.50000000    335.66666667    332.41666667    330.96666667    327.78333333    326.98333333    324.33333333    326.15000000    326.63333333    324.76666667    326.03333333    324.66666667    325.55000000    321.76666667    320.50000000    322.03333333    322.30000000    323.00000000    321.75000000    323.61666667 
    319.78333333    314.61666667    315.33333333    310.93333333    307.51666667    307.46666667    305.26666667    302.41666667    300.66666667    301.95000000    302.05000000    299.40000000    299.66666667    298.35000000    297.43333333    299.03333333    296.65000000    295.36666667    297.16666667    295.95000000    297.40000000    296.70000000    295.81666667    297.35000000    297.75000000 
    296.98333333    291.05000000    288.56666667    284.10000000    281.53333333    281.36666667    279.61666667    278.43333333    277.36666667    275.46666667    275.33333333    276.48333333    274.53333333    275.45000000    273.66666667    273.15000000    272.36666667    271.16666667    270.90000000    268.28333333    269.63333333    268.50000000    271.60000000    269.68333333    271.63333333 
    272.76666667    268.80000000    264.11666667    260.61666667    259.23333333    256.35000000    254.70000000    254.18333333    251.95000000    252.73333333    253.56666667    250.91666667    250.55000000    249.56666667    249.46666667    248.51666667    251.21666667    250.11666667    251.40000000    248.80000000    250.90000000    250.40000000    251.20000000    250.76666667    252.96666667 
    252.60000000    247.26666667    244.28333333    241.28333333    234.65000000    233.88333333    233.61666667    233.00000000    232.73333333    231.53333333    230.28333333    230.13333333    229.76666667    231.80000000    229.65000000    230.15000000    230.35000000    229.76666667    228.78333333    229.53333333    228.48333333    230.11666667    230.28333333    229.38333333    229.85000000 
    228.60000000    223.10000000    221.43333333    217.60000000    216.23333333    216.88333333    215.83333333    214.91666667    214.30000000    214.63333333    214.50000000    214.15000000    213.05000000    212.83333333    211.63333333    211.93333333    211.88333333    210.65000000    212.15000000    212.93333333    210.88333333    209.91666667    210.71666667    210.33333333    208.91666667 
    209.31666667    205.08333333    203.46666667    202.50000000    201.61666667    199.51666667    196.55000000    196.76666667    196.30000000    195.11666667    193.78333333    194.90000000    196.08333333    194.55000000    192.30000000    193.13333333    192.75000000    194.75000000    193.21666667    192.60000000    194.86666667    192.66666667    194.05000000    195.43333333    195.58333333 
    193.90000000    188.36666667    185.20000000    184.71666667    187.06666667    181.98333333    178.43333333    179.05000000    179.56666667    180.36666667    182.65000000    180.53333333    180.93333333    179.93333333    182.46666667    182.98333333    180.65000000    180.53333333    180.23333333    181.73333333    179.26666667    181.05000000    182.61666667    178.06666667    181.40000000 
    183.36666667    175.75000000    171.45000000    172.06666667    169.06666667    170.90000000    167.43333333    167.06666667    167.46666667    168.00000000    167.81666667    168.35000000    166.33333333    168.33333333    166.91666667    165.66666667    164.43333333    163.13333333    162.33333333    169.40000000    168.36666667    166.10000000    166.80000000    166.18333333    167.61666667 
    167.26666667    161.46666667    158.53333333    157.96666667    154.96666667    156.66666667    157.43333333    156.30000000    155.70000000    152.86666667    154.76666667    153.03333333    152.26666667    155.93333333    155.93333333    153.68333333    153.28333333    149.36666667    152.25000000    152.33333333    151.46666667    151.50000000    151.85000000    154.83333333    155.28333333 
    155.21666667    148.95000000    145.40000000    144.56666667    144.73333333    142.10000000    142.56666667    142.46666667    141.31666667    142.93333333    141.10000000    142.45000000    141.41666667    142.88333333    141.15000000    142.71666667    143.43333333    142.06666667    142.48333333    144.66666667    144.41666667    146.11666667    143.16666667    145.65000000    142.28333333 
    141.91666667    137.90000000    137.13333333    136.03333333    133.36666667    134.26666667    135.41666667    135.06666667    132.51666667    133.33333333    133.65000000    132.28333333    133.05000000    132.08333333    132.20000000    131.68333333    132.33333333    132.40000000    132.73333333    129.78333333    134.10000000    133.08333333    133.18333333    135.85000000    134.40000000 
    131.83333333    128.35000000    126.41666667    124.41666667    126.48333333    125.95000000    124.86666667    123.03333333    122.35000000    122.68333333    122.85000000    123.00000000    124.26666667    122.66666667    123.25000000    123.85000000    124.18333333    124.25000000    123.36666667    124.13333333    123.23333333    126.95000000    124.70000000    124.78333333    123.50000000 
    123.30000000    120.18333333    118.70000000    116.76666667    116.55000000    115.88333333    116.21666667    114.96666667    115.93333333    114.46666667    115.71666667    115.08333333    112.60000000    114.71666667    117.15000000    115.98333333    117.25000000    114.36666667    117.58333333    116.95000000    114.16666667    114.23333333    116.21666667    115.86666667    115.98333333 
    117.48333333    110.21666667    110.18333333    107.80000000    107.66666667    106.76666667    108.78333333    106.56666667    104.81666667    108.98333333    106.58333333    106.98333333    107.56666667    108.21666667    109.13333333    106.20000000    107.20000000    111.11666667    107.25000000    108.46666667    109.38333333    108.98333333    106.60000000    106.38333333    106.46666667 
    109.25000000    104.71666667    100.68333333    101.50000000     99.86666667    100.03333333    101.16666667    100.61666667    102.03333333    102.85000000    100.55000000    100.31666667    101.46666667    100.46666667    100.30000000    102.83333333    100.53333333     98.21666667    100.70000000    101.85000000    101.15000000    101.71666667    101.23333333    100.50000000     98.13333333 
     99.06666667     97.65000000     94.83333333     94.38333333     95.55000000     91.60000000     94.35000000     95.30000000     92.55000000     92.01666667     91.13333333     95.70000000     94.60000000     93.53333333     95.21666667     93.51666667     96.06666667     95.35000000     94.28333333     95.71666667     94.78333333     97.10000000     95.25000000     94.85000000     94.40000000 
     96.63333333     92.48333333     87.90000000     88.73333333     88.85000000     86.40000000     86.75000000     87.23333333     88.88333333     87.58333333     89.56666667     87.61666667     88.11666667     90.03333333     88.18333333     89.23333333     89.05000000     89.63333333     88.53333333     89.05000000     87.35000000     86.41666667     86.98333333     87.61666667     89.50000000 
     88.95000000     86.08333333     85.21666667     84.55000000     83.90000000     83.43333333     83.45000000     82.91666667     82.10000000     83.63333333     83.11666667     84.35000000     83.80000000     82.36666667     84.31666667     82.75000000     82.40000000     82.15000000     82.80000000     82.53333333     84.73333333     83.75000000     82.93333333     82.53333333     83.31666667 
     83.20000000     79.65000000     80.25000000     78.26666667     77.68333333     79.70000000     80.21666667     78.78333333     78.15000000     78.48333333     77.05000000     78.26666667     78.70000000     76.50000000     77.20000000     77.50000000     79.88333333     78.21666667     78.58333333     76.91666667     77.71666667     77.41666667     77.36666667     77.16666667     78.23333333 
     77.63333333     77.76666667     76.50000000     73.65000000     74.66666667     74.33333333     72.23333333     72.73333333     74.31666667     73.35000000     74.16666667     73.25000000     74.20000000     74.53333333     73.10000000     71.58333333     76.05000000     73.65000000     73.36666667     71.63333333     71.53333333     72.80000000     75.10000000     72.03333333     73.43333333 
     74.78333333     68.95000000     70.23333333     68.60000000     69.01666667     69.70000000     69.08333333     69.10000000     68.00000000     70.28333333     68.48333333     70.61666667     68.06666667     70.15000000     69.26666667     67.98333333     68.16666667     70.21666667     68.56666667     69.45000000     68.73333333     67.35000000     68.45000000     67.93333333     68.13333333 
     67.38333333     66.70000000     67.05000000     66.51666667     66.38333333     65.70000000     64.46666667     65.75000000     66.30000000     64.73333333     65.51666667     65.68333333     64.93333333     65.96666667     65.55000000     65.41666667     65.93333333     64.93333333     64.48333333     64.51666667     64.51666667     66.75000000     68.25000000     64.60000000     65.48333333 
     64.08333333     60.00000000     59.48333333     61.96666667     61.13333333     62.28333333     61.86666667     62.01666667     60.90000000     62.45000000     61.06666667     62.36666667     62.11666667     60.98333333     59.91666667     62.71666667     63.98333333     60.78333333     60.98333333     60.33333333     62.76666667     61.61666667     61.86666667     62.60000000     59.73333333 
     62.83333333     58.10000000     56.83333333     57.66666667     57.80000000     59.70000000     56.28333333     59.48333333     57.20000000     57.30000000     57.25000000     56.81666667     58.81666667     56.85000000     58.40000000     59.48333333     60.25000000     59.25000000     58.26666667     58.95000000     59.80000000     57.98333333     57.06666667     57.30000000     58.35000000 
     59.56666667     55.30000000     54.35000000     54.25000000     54.80000000     55.03333333     55.33333333     55.51666667     55.35000000     54.88333333     55.33333333     57.56666667     54.71666667     53.91666667     55.41666667     55.26666667     55.31666667     54.56666667     56.20000000     57.25000000     56.71666667     55.10000000     56.21666667     56.31666667     57.40000000 
     55.40000000     52.05000000     50.63333333     52.85000000     50.03333333     52.06666667     52.88333333     51.41666667     53.18333333     52.25000000     52.25000000     50.81666667     50.45000000     51.86666667     52.20000000     51.71666667     51.20000000     52.53333333     52.18333333     52.96666667     53.63333333     52.30000000     53.40000000     52.16666667     51.48333333 
     52.68333333     47.95000000     50.35000000     48.85000000     49.21666667     50.51666667     49.50000000     48.38333333     48.31666667     49.61666667     48.80000000     48.61666667     48.90000000     48.65000000     48.36666667     48.01666667     50.16666667     49.68333333     47.56666667     49.83333333     50.45000000     50.81666667     50.33333333     49.71666667     48.81666667 
     48.78333333     48.36666667     47.55000000     46.56666667     46.31666667     46.03333333     46.56666667     46.66666667     47.46666667     47.68333333     47.66666667     46.73333333     45.68333333     47.20000000     45.41666667     46.60000000     45.93333333     46.16666667     46.35000000     46.75000000     45.48333333     46.85000000     46.95000000     46.03333333     46.98333333 
     45.70000000     44.65000000     42.31666667     43.95000000     42.05000000     45.58333333     43.71666667     44.50000000     43.95000000     44.33333333     43.86666667     45.13333333     43.88333333     43.11666667     44.11666667     43.88333333     44.48333333     44.61666667     43.21666667     44.65000000     44.26666667     45.35000000     45.00000000     43.28333333     43.03333333 
     41.95000000     41.30000000     41.51666667     42.95000000     41.96666667     41.26666667     41.81666667     41.46666667     40.45000000     40.56666667     43.05000000     41.13333333     40.75000000     42.00000000     42.23333333     43.41666667     43.13333333     41.78333333     42.18333333     41.63333333     42.66666667     40.70000000     41.33333333     41.65000000     42.11666667 
     42.16666667     39.28333333     40.61666667     39.10000000     40.30000000     39.71666667     41.60000000     39.86666667     40.48333333     39.41666667     39.43333333     41.46666667     40.18333333     39.15000000     39.61666667     39.38333333     38.93333333     39.51666667     41.26666667     39.91666667     40.48333333     40.55000000     39.50000000     41.05000000     39.16666667 
     39.43333333     38.81666667     38.78333333     37.41666667     37.43333333     39.06666667     37.03333333     39.30000000     38.55000000     38.20000000     38.20000000     38.86666667     38.13333333     38.28333333     37.10000000     38.40000000     38.48333333     39.58333333     39.11666667     38.01666667     37.98333333     37.20000000     36.71666667     38.38333333     37.61666667 
     38.23333333     35.20000000     34.55000000     35.81666667     35.51666667     35.71666667     36.06666667     36.81666667     36.98333333     35.46666667     35.01666667     37.86666667     36.06666667     35.36666667     35.83333333     37.36666667     34.58333333     36.91666667     37.03333333     35.96666667     35.16666667     36.95000000     35.78333333     35.08333333     35.81666667 
