      0.00000000     90.70000000     98.42500000     95.52500000     95.44166667     94.15833333     97.57500000     93.63333333     93.94166667     95.42500000     94.26666667     95.68333333     93.67500000     94.13333333     94.48333333     95.51666667     95.50833333     94.61666667     96.71666667     97.13333333     97.05000000     94.85833333     95.93333333     93.96666667     94.39166667 
     94.49166667     99.06666667     99.05833333     98.46666667     99.51666667     94.66666667     99.56666667    100.47500000     97.90833333     97.86666667     98.46666667     95.65000000     97.76666667    100.85833333     98.08333333     99.04166667    100.87500000     97.85833333     96.90000000     98.22500000     99.76666667     99.29166667     97.97500000     97.33333333    100.70833333 
     98.85833333    101.97500000    103.46666667    104.38333333    101.50000000    100.52500000    101.12500000    105.65833333    101.45000000     99.26666667    104.13333333    100.71666667    100.64166667    101.96666667    100.55833333    101.85000000    104.36666667    102.59166667    104.54166667    101.70833333    103.10000000    102.74166667    102.54166667    104.53333333    103.13333333 
    101.09166667    106.02500000    104.10000000    108.05000000    107.39166667    109.64166667    106.51666667    107.40000000    107.15000000    105.55833333    108.03333333    106.67500000    105.40000000    109.18333333    107.42500000    106.82500000    108.20833333    104.94166667    107.33333333    106.25833333    105.17500000    107.47500000    108.25000000    104.25833333    106.49166667 
    105.46666667    111.73333333    111.55000000    110.96666667    109.73333333    109.71666667    109.40833333    108.40833333    111.08333333    108.52500000    112.85000000    114.33333333    111.03333333    110.79166667    112.05833333    111.80833333    111.27500000    113.62500000    109.02500000    111.89166667    111.59166667    112.35000000    109.39166667    111.91666667    112.61666667 
    112.05000000    112.60833333    114.30000000    113.91666667    114.95833333    112.25000000    112.64166667    114.64166667    116.65000000    116.10000000    115.23333333    115.64166667    114.50833333    114.98333333    114.00000000    116.76666667    115.59166667    115.45000000    115.79166667    115.80000000    115.29166667    113.83333333    113.13333333    116.63333333    114.41666667 
    115.34166667    121.06666667    120.80000000    119.96666667    119.41666667    120.42500000    120.92500000    119.86666667    120.49166667    121.23333333    118.00833333    120.70000000    119.53333333    120.60833333    121.77500000    121.50833333    119.03333333    119.45000000    119.56666667    119.83333333    121.16666667    121.73333333    121.45000000    121.49166667    121.62500000 
    119.35000000    124.02500000    126.27500000    124.55833333    124.45833333    123.65833333    129.40833333    126.19166667    126.75000000    124.99166667    127.35833333    126.65833333    127.88333333    126.05000000    128.86666667    129.58333333    126.88333333    123.98333333    127.25833333    123.92500000    127.21666667    127.23333333    129.06666667    128.80000000    129.20000000 
    126.90833333    132.86666667    129.90833333    132.61666667    131.85833333    132.26666667    132.12500000    134.20000000    134.28333333    131.77500000    130.74166667    129.97500000    132.48333333    132.29166667    131.62500000    132.71666667    130.90000000    132.25000000    131.93333333    130.66666667    130.67500000    130.57500000    130.09166667    132.21666667    131.44166667 
    131.80833333    137.38333333    137.89166667    139.38333333    138.65833333    136.25833333    142.11666667    138.65833333    139.06666667    138.95833333    136.30000000    136.09166667    137.27500000    135.82500000    136.71666667    137.54166667    138.55000000    136.55000000    136.65833333    137.00833333    135.54166667    136.03333333    137.32500000    138.91666667    136.00000000 
    135.17500000    141.07500000    141.88333333    146.76666667    146.83333333    148.45833333    147.20833333    144.21666667    142.73333333    141.80000000    143.48333333    141.02500000    143.04166667    146.76666667    147.87500000    143.10833333    145.97500000    143.94166667    144.13333333    141.25833333    144.79166667    142.00000000    146.66666667    146.55833333    147.20000000 
    143.60833333    148.12500000    150.10833333    148.91666667    151.50000000    154.59166667    148.43333333    151.40000000    149.83333333    154.18333333    154.25833333    152.27500000    152.90833333    150.66666667    151.69166667    151.70000000    152.64166667    151.49166667    151.36666667    148.70833333    154.16666667    151.40833333    150.03333333    147.90833333    152.87500000 
    150.65833333    158.70000000    158.85833333    160.30000000    162.50833333    159.18333333    163.26666667    161.55833333    158.55833333    159.32500000    158.89166667    161.15000000    159.13333333    158.32500000    163.21666667    160.40833333    160.38333333    159.62500000    162.63333333    158.86666667    155.94166667    161.33333333    159.15000000    161.11666667    160.89166667 
    158.49166667    165.20000000    169.90000000    169.08333333    174.44166667    172.44166667    171.57500000    170.97500000    172.55833333    168.88333333    170.15833333    169.30000000    171.25000000    170.67500000    171.04166667    168.38333333    170.15000000    166.94166667    171.31666667    170.74166667    166.63333333    167.22500000    166.24166667    167.08333333    168.97500000 
    168.44166667    175.64166667    179.35833333    178.23333333    181.55000000    178.90000000    178.21666667    180.15000000    178.48333333    175.68333333    176.78333333    177.87500000    179.44166667    180.14166667    182.00833333    179.18333333    177.74166667    180.22500000    179.00000000    181.20000000    179.50833333    179.90833333    180.15833333    181.25000000    178.74166667 
    177.95000000    185.59166667    184.30833333    188.00833333    185.94166667    186.39166667    191.45833333    189.11666667    194.22500000    190.86666667    188.88333333    190.77500000    188.09166667    187.78333333    190.00000000    189.10000000    191.65833333    188.03333333    188.53333333    188.79166667    191.61666667    190.00833333    188.41666667    188.41666667    190.65000000 
    190.01666667    197.91666667    202.58333333    200.82500000    205.02500000    203.00000000    203.02500000    207.13333333    205.11666667    201.76666667    201.48333333    199.12500000    200.95000000    199.21666667    202.83333333    203.38333333    198.84166667    200.05000000    202.30000000    201.99166667    204.06666667    203.04166667    201.90833333    198.00833333    198.25833333 
    200.41666667    205.70000000    208.95000000    208.90833333    210.43333333    210.54166667    214.64166667    213.80000000    211.35000000    213.85833333    213.40833333    210.34166667    211.59166667    212.55000000    211.26666667    213.16666667    211.36666667    208.67500000    207.43333333    213.10000000    213.79166667    215.53333333    216.05000000    214.57500000    214.10833333 
    221.08333333    226.21666667    230.34166667    226.25000000    226.35000000    231.53333333    228.43333333    228.89166667    230.80000000    230.05833333    232.98333333    230.90833333    231.83333333    229.38333333    232.25833333    229.42500000    226.05833333    230.83333333    233.79166667    230.72500000    228.98333333    228.25000000    228.20833333    231.77500000    230.48333333 
    231.96666667    235.75000000    243.82500000    244.86666667    245.17500000    241.78333333    242.93333333    242.89166667    245.75833333    245.38333333    248.48333333    246.46666667    246.82500000    246.34166667    243.53333333    244.10000000    245.21666667    245.30000000    242.11666667    242.36666667    241.84166667    242.82500000    246.87500000    247.73333333    245.84166667 
    247.96666667    254.36666667    255.52500000    256.51666667    257.52500000    259.38333333    262.10000000    263.15833333    263.45000000    266.70000000    265.95000000    266.71666667    266.58333333    267.93333333    269.25833333    269.33333333    267.27500000    264.70833333    265.53333333    266.35833333    264.90000000    262.81666667    265.07500000    264.35000000    267.60000000 
    266.10000000    274.04166667    276.15833333    277.35000000    278.31666667    283.48333333    282.11666667    284.23333333    283.67500000    280.74166667    284.29166667    284.23333333    287.71666667    282.68333333    282.61666667    287.73333333    286.24166667    284.94166667    282.34166667    283.25000000    284.69166667    286.62500000    286.30000000    283.36666667    284.68333333 
    285.95000000    292.20833333    295.23333333    299.36666667    300.64166667    302.62500000    303.10833333    303.76666667    301.03333333    304.46666667    307.95833333    307.39166667    307.26666667    306.35833333    303.85000000    307.79166667    309.02500000    309.15000000    305.93333333    304.78333333    311.64166667    307.89166667    307.26666667    306.75000000    307.55833333 
    308.05000000    317.50833333    324.36666667    328.46666667    328.94166667    329.50833333    328.25000000    330.49166667    331.81666667    331.00000000    331.37500000    334.20833333    338.55833333    338.60000000    333.85833333    333.93333333    333.18333333    338.12500000    338.51666667    337.67500000    336.44166667    336.30833333    341.35833333    340.51666667    337.44166667 
    337.35833333    346.85833333    350.18333333    353.83333333    353.34166667    356.39166667    358.12500000    359.11666667    361.30000000    360.80833333    362.75000000    362.45000000    362.39166667    366.85833333    363.47500000    361.97500000    363.88333333    365.03333333    365.63333333    363.99166667    361.37500000    363.62500000    362.87500000    361.99166667    360.80000000 
    359.33333333    367.75000000    372.78333333    375.66666667    380.69166667    387.60000000    386.42500000    385.83333333    392.28333333    398.67500000    397.45833333    398.07500000    398.46666667    398.20000000    397.40833333    395.03333333    402.31666667    398.14166667    399.49166667    397.50000000    398.21666667    398.71666667    400.39166667    402.30000000    402.49166667 
    396.57500000    406.44166667    412.90000000    417.63333333    423.61666667    428.91666667    433.02500000    434.35000000    436.90833333    437.08333333    433.89166667    434.75000000    433.20833333    438.05833333    437.62500000    439.85000000    439.29166667    443.70833333    442.90000000    443.92500000    442.33333333    439.58333333    438.98333333    440.30833333    442.29166667 
    439.57500000    450.86666667    457.24166667    463.71666667    467.73333333    472.65833333    475.80000000    480.70000000    484.75833333    484.29166667    481.28333333    487.84166667    488.94166667    487.10833333    486.22500000    486.40000000    484.62500000    485.41666667    485.26666667    484.72500000    484.50833333    483.20000000    484.85833333    483.43333333    484.15000000 
    486.89166667    494.45000000    501.25000000    505.95833333    510.25000000    509.65833333    514.92500000    521.04166667    523.91666667    527.45833333    530.48333333    529.76666667    535.26666667    537.87500000    538.98333333    541.62500000    539.73333333    540.19166667    539.07500000    539.52500000    542.66666667    541.53333333    539.96666667    542.54166667    541.84166667 
    540.17500000    548.88333333    553.45833333    561.62500000    565.54166667    571.42500000    573.93333333    575.65000000    578.92500000    581.74166667    585.50833333    589.25000000    593.48333333    598.01666667    599.25000000    595.22500000    594.40833333    592.10000000    595.15833333    596.50000000    593.95833333    594.29166667    598.53333333    602.90833333    604.05000000 
    601.35833333    608.16666667    616.40000000    622.37500000    630.10000000    634.99166667    636.37500000    639.20833333    643.24166667    648.86666667    651.80833333    657.60833333    662.50000000    664.90000000    664.27500000    666.44166667    668.28333333    669.94166667    670.22500000    671.48333333    671.93333333    672.80833333    675.91666667    673.95000000    677.79166667 
    681.70000000    694.45833333    700.03333333    708.79166667    716.16666667    724.04166667    732.45833333    735.10833333    738.43333333    745.29166667    746.06666667    751.35833333    754.67500000    756.88333333    757.45000000    754.97500000    753.48333333    757.56666667    761.42500000    759.34166667    763.85833333    763.82500000    760.56666667    766.15833333    764.59166667 
    767.05833333    779.94166667    789.97500000    798.12500000    804.10833333    812.75833333    817.75000000    819.97500000    819.80833333    827.17500000    832.53333333    837.76666667    840.83333333    844.43333333    849.61666667    849.14166667    851.70833333    850.23333333    856.56666667    860.66666667    859.59166667    858.48333333    857.78333333    856.48333333    854.68333333 
    853.75000000    867.56666667    883.70000000    893.54166667    899.71666667    907.14166667    915.97500000    917.48333333    926.14166667    933.00000000    939.85833333    941.70833333    952.28333333    954.13333333    960.50833333    966.88333333    965.92500000    964.78333333    963.20000000    966.52500000    967.08333333    969.96666667    974.48333333    976.00000000    979.80833333 
    980.55833333    990.13333333   1005.96666667   1013.65833333   1023.00833333   1024.64166667   1037.30833333   1043.78333333   1054.33333333   1065.04166667   1069.72500000   1075.63333333   1081.08333333   1087.35000000   1091.67500000   1093.26666667   1093.60833333   1097.35000000   1103.43333333   1106.50000000   1108.66666667   1111.62500000   1115.90000000   1114.67500000   1112.28333333 
   1114.75833333   1126.77500000   1137.55833333   1147.34166667   1158.44166667   1172.40000000   1184.62500000   1192.68333333   1203.70000000   1213.32500000   1216.35000000   1219.61666667   1225.40000000   1230.06666667   1233.02500000   1237.19166667   1241.56666667   1246.21666667   1248.22500000   1253.58333333   1258.37500000   1262.20833333   1262.90833333   1269.04166667   1271.62500000 
   1271.69166667   1288.35000000   1299.49166667   1306.62500000   1317.10000000   1326.09166667   1337.82500000   1346.29166667   1358.56666667   1368.04166667   1376.51666667   1382.39166667   1391.03333333   1398.83333333   1401.30000000   1408.57500000   1413.43333333   1423.40000000   1423.26666667   1429.17500000   1433.73333333   1441.17500000   1439.22500000   1440.31666667   1447.28333333 
   1452.85000000   1468.82500000   1474.43333333   1489.88333333   1499.75833333   1511.51666667   1518.50833333   1532.98333333   1542.18333333   1549.73333333   1554.96666667   1561.89166667   1569.63333333   1578.10000000   1580.65000000   1586.02500000   1587.91666667   1593.07500000   1600.95000000   1603.91666667   1605.50000000   1609.40833333   1613.70000000   1618.35000000   1623.83333333 
   1623.07500000   1643.72500000   1660.89166667   1679.61666667   1692.50833333   1707.46666667   1718.51666667   1728.55000000   1743.45000000   1753.50000000   1760.00833333   1770.55833333   1777.77500000   1784.35000000   1793.79166667   1799.36666667   1804.03333333   1808.35000000   1815.50833333   1822.57500000   1828.39166667   1832.17500000   1840.41666667   1846.93333333   1852.65000000 
   1860.50833333   1878.05833333   1895.23333333   1910.20833333   1922.51666667   1932.70000000   1944.49166667   1957.64166667   1967.50000000   1979.57500000   1986.47500000   1995.61666667   2001.50000000   2005.18333333   2009.74166667   2013.01666667   2015.34166667   2020.20000000   2030.04166667   2031.40833333   2037.52500000   2035.47500000   2043.13333333   2048.95833333   2057.95833333 
   2064.65000000   2087.16666667   2101.88333333   2116.44166667   2125.80000000   2140.63333333   2152.12500000   2162.04166667   2177.06666667   2185.40833333   2190.86666667   2198.85833333   2205.72500000   2215.30000000   2222.02500000   2232.55000000   2238.31666667   2247.01666667   2249.35000000   2259.55833333   2269.38333333   2274.51666667   2276.90000000   2284.30000000   2290.73333333 
   2295.04166667   2312.95000000   2331.71666667   2347.95833333   2360.14166667   2372.02500000   2383.30000000   2392.32500000   2406.79166667   2417.70000000   2425.42500000   2437.35000000   2448.80833333   2459.38333333   2465.80833333   2471.65833333   2475.76666667   2477.99166667   2484.60833333   2489.26666667   2502.09166667   2505.96666667   2514.60833333   2520.27500000   2523.10000000 
   2526.23333333   2542.18333333   2550.29166667   2561.87500000   2570.25833333   2579.95000000   2589.81666667   2603.63333333   2616.76666667   2628.95833333   2637.19166667   2650.95833333   2657.80000000   2662.23333333   2671.79166667   2679.49166667   2689.42500000   2697.61666667   2704.00000000   2710.65000000   2713.53333333   2719.84166667   2724.06666667   2729.99166667   2732.70833333 
   2734.53333333   2748.31666667   2759.41666667   2777.27500000   2784.27500000   2792.51666667   2799.59166667   2809.54166667   2821.62500000   2830.30000000   2838.42500000   2847.61666667   2860.18333333   2867.00000000   2875.93333333   2882.43333333   2891.47500000   2900.30833333   2905.01666667   2908.85000000   2912.83333333   2918.73333333   2921.60833333   2925.23333333   2928.77500000 
   2931.14166667   2944.85000000   2955.92500000   2968.34166667   2982.08333333   2990.30000000   2997.21666667   3007.54166667   3016.48333333   3024.56666667   3030.87500000   3040.19166667   3042.62500000   3049.90833333   3056.81666667   3063.15833333   3070.79166667   3074.75833333   3078.87500000   3083.88333333   3089.69166667   3094.99166667   3099.10000000   3103.91666667   3109.84166667 
   3113.79166667   3125.91666667   3139.67500000   3150.22500000   3159.53333333   3165.64166667   3171.92500000   3180.85000000   3189.99166667   3196.95000000   3202.40000000   3210.75833333   3217.00833333   3221.14166667   3226.04166667   3233.85833333   3237.40833333   3239.25833333   3244.54166667   3248.65833333   3250.10833333   3255.18333333   3257.26666667   3258.68333333   3258.13333333 
   3259.48333333   3268.95833333   3278.29166667   3286.10000000   3294.85833333   3304.90833333   3310.45000000   3318.24166667   3323.96666667   3331.10833333   3338.80833333   3345.93333333   3356.24166667   3359.10000000   3364.05000000   3368.74166667   3376.09166667   3379.02500000   3381.66666667   3384.45833333   3388.91666667   3390.57500000   3393.70833333   3395.74166667   3394.85833333 
   3396.08333333   3404.01666667   3413.91666667   3423.17500000   3429.77500000   3435.82500000   3443.56666667   3448.59166667   3452.44166667   3455.72500000   3459.56666667   3464.55000000   3469.83333333   3475.42500000   3481.68333333   3487.15833333   3490.60000000   3492.49166667   3495.96666667   3497.72500000   3498.50833333   3499.91666667   3503.05833333   3505.40000000   3503.60833333 
   3505.27500000   3515.56666667   3523.24166667   3528.87500000   3532.33333333   3537.73333333   3541.87500000   3546.99166667   3550.18333333   3552.82500000   3556.10000000   3559.45833333   3561.90000000   3565.41666667   3567.08333333   3568.35833333   3573.70000000   3575.37500000   3577.54166667   3578.86666667   3578.80000000   3581.13333333   3583.94166667   3583.26666667   3583.75833333 
   3586.47500000   3593.55000000   3597.96666667   3605.68333333   3611.34166667   3617.30833333   3623.10833333   3630.34166667   3634.84166667   3640.94166667   3644.17500000   3645.50000000   3645.38333333   3647.15833333   3649.75833333   3652.08333333   3652.75000000   3654.91666667   3657.36666667   3660.86666667   3664.00000000   3668.23333333   3670.09166667   3670.39166667   3673.06666667 
   3674.22500000   3678.58333333   3680.57500000   3685.60833333   3689.55000000   3695.42500000   3697.95833333   3698.49166667   3700.25000000   3702.97500000   3703.73333333   3706.35833333   3708.47500000   3709.35833333   3710.08333333   3709.94166667   3713.70000000   3714.39166667   3716.25833333   3718.04166667   3718.75833333   3721.32500000   3722.46666667   3721.58333333   3721.45833333 
   3723.95000000   3726.49166667   3730.06666667   3736.06666667   3741.77500000   3743.40833333   3748.49166667   3752.87500000   3757.88333333   3760.35833333   3762.34166667   3767.05000000   3770.22500000   3772.38333333   3772.22500000   3771.66666667   3771.83333333   3772.96666667   3774.47500000   3778.95833333   3778.96666667   3779.36666667   3778.67500000   3781.23333333   3782.55000000 
   3782.19166667   3786.46666667   3790.12500000   3794.65833333   3798.85833333   3802.64166667   3802.89166667   3804.89166667   3805.95833333   3808.15000000   3809.16666667   3810.47500000   3809.32500000   3810.91666667   3812.42500000   3812.39166667   3816.20000000   3815.22500000   3816.19166667   3817.14166667   3817.35833333   3817.28333333   3815.36666667   3817.38333333   3818.38333333 
   3817.81666667   3822.21666667   3827.98333333   3831.07500000   3835.97500000   3836.16666667   3838.47500000   3839.39166667   3840.90000000   3843.98333333   3845.86666667   3846.65833333   3847.84166667   3848.27500000   3849.53333333   3850.57500000   3851.71666667   3852.14166667   3852.44166667   3853.66666667   3857.31666667   3858.55833333   3861.09166667   3860.14166667   3860.51666667 
   3861.20833333   3865.76666667   3867.77500000   3869.40000000   3871.20833333   3874.05833333   3875.66666667   3875.21666667   3877.41666667   3878.55833333   3880.12500000   3879.67500000   3879.99166667   3880.93333333   3880.65833333   3882.17500000   3881.87500000   3880.98333333   3880.31666667   3881.25833333   3883.34166667   3884.36666667   3884.71666667   3884.31666667   3884.48333333 
   3884.55833333   3888.16666667   3891.99166667   3894.78333333   3896.33333333   3897.62500000   3898.17500000   3899.98333333   3901.76666667   3904.24166667   3906.94166667   3906.76666667   3907.32500000   3908.73333333   3908.65833333   3909.22500000   3909.50000000   3909.82500000   3910.09166667   3910.75833333   3911.75833333   3912.90833333   3912.74166667   3911.73333333   3911.87500000 
   3912.76666667   3916.25833333   3917.81666667   3920.53333333   3921.81666667   3923.75000000   3925.43333333   3926.95000000   3926.51666667   3927.75833333   3928.90000000   3931.15000000   3932.95000000   3934.17500000   3934.35833333   3933.57500000   3933.22500000   3933.70000000   3934.58333333   3934.96666667   3934.30000000   3935.56666667   3935.90000000   3935.97500000   3935.51666667 
   3936.83333333   3938.65833333   3941.31666667   3942.71666667   3943.66666667   3945.28333333   3945.07500000   3945.65000000   3946.57500000   3948.41666667   3949.19166667   3950.09166667   3952.40833333   3953.15833333   3953.52500000   3954.63333333   3953.96666667   3955.60833333   3955.73333333   3956.09166667   3955.24166667   3955.54166667   3955.58333333   3955.03333333   3954.91666667 
   3955.13333333   3958.05833333   3959.82500000   3959.73333333   3960.84166667   3961.80833333   3962.40833333   3963.24166667   3965.48333333   3965.66666667   3967.20833333   3967.75833333   3968.84166667   3969.95000000   3970.66666667   3969.57500000   3970.57500000   3970.06666667   3967.81666667   3967.72500000   3968.43333333   3967.53333333   3967.43333333   3968.12500000   3967.95833333 
   3968.75833333   3969.09166667   3970.80000000   3973.90833333   3975.00000000   3976.88333333   3978.03333333   3979.77500000   3980.16666667   3980.45000000   3982.12500000   3981.97500000   3982.68333333   3983.40000000   3983.67500000   3983.62500000   3983.70000000   3983.35000000   3983.36666667   3982.65833333   3981.21666667   3982.11666667   3983.21666667   3983.01666667   3983.04166667 
   3982.76666667   3984.46666667   3985.54166667   3986.73333333   3988.79166667   3989.88333333   3990.13333333   3991.09166667   3992.55833333   3993.18333333   3993.36666667   3993.04166667   3991.61666667   3991.94166667   3991.68333333   3992.05833333   3992.30000000   3992.74166667   3993.38333333   3995.68333333   3995.15000000   3994.85833333   3996.32500000   3995.66666667   3994.74166667 
   3994.60000000   3995.68333333   3997.25833333   3998.40000000   3998.41666667   4000.77500000   4000.63333333   3999.68333333   4000.11666667   4002.03333333   4002.77500000   4002.25000000   4002.85833333   4002.67500000   4003.04166667   4004.13333333   4005.26666667   4006.15833333   4006.35833333   4005.70833333   4005.00000000   4006.30000000   4006.65000000   4006.15000000   4006.18333333 
   4006.28333333   4007.67500000   4009.66666667   4009.51666667   4009.84166667   4010.75000000   4012.57500000   4013.98333333   4012.98333333   4014.28333333   4013.48333333   4014.72500000   4014.50000000   4014.77500000   4015.35000000   4016.07500000   4015.81666667   4016.76666667   4015.74166667   4016.99166667   4017.11666667   4016.85833333   4017.50000000   4017.30833333   4018.30833333 
   4018.30833333   4018.91666667   4019.23333333   4019.54166667   4019.36666667   4018.02500000   4019.77500000   4021.24166667   4021.36666667   4021.53333333   4020.75000000   4021.68333333   4021.80833333   4021.05833333   4021.35000000   4020.55833333   4020.83333333   4020.10000000   4020.16666667   4021.24166667   4022.44166667   4022.86666667   4022.75833333   4022.05000000   4020.88333333 
   4021.46666667   4022.20833333   4023.45833333   4024.42500000   4024.80833333   4026.03333333   4026.88333333   4027.73333333   4027.91666667   4028.05000000   4029.09166667   4029.55833333   4029.11666667   4029.53333333   4029.30833333   4029.21666667   4027.96666667   4028.38333333   4028.60833333   4029.20000000   4030.70000000   4030.52500000   4030.48333333   4030.27500000   4030.26666667 
   4029.85833333   4031.45000000   4031.85833333   4032.15000000   4032.74166667   4033.50000000   4033.86666667   4033.55000000   4035.08333333   4034.85000000   4035.93333333   4035.79166667   4035.87500000   4036.05000000   4036.35000000   4036.60000000   4037.06666667   4036.11666667   4036.06666667   4036.73333333   4036.06666667   4036.31666667   4035.59166667   4035.40833333   4035.80833333 
   4036.67500000   4038.16666667   4039.71666667   4040.06666667   4039.55000000   4040.85833333   4040.62500000   4041.18333333   4039.62500000   4040.57500000   4040.66666667   4041.48333333   4042.31666667   4042.47500000   4042.41666667   4043.20000000   4042.95833333   4042.64166667   4042.36666667   4042.19166667   4041.90000000   4040.48333333   4040.96666667   4041.55000000   4043.26666667 
   4042.70833333   4043.10000000   4043.40000000   4043.40833333   4043.95000000   4046.22500000   4045.39166667   4045.41666667   4044.90000000   4045.48333333   4045.63333333   4046.21666667   4046.40833333   4045.97500000   4045.12500000   4045.09166667   4045.00000000   4044.40000000   4045.16666667   4045.39166667   4045.57500000   4046.45000000   4046.36666667   4046.53333333   4045.90833333 
   4046.44166667   4046.73333333   4047.15000000   4047.90833333   4047.82500000   4048.66666667   4049.80833333   4049.76666667   4049.93333333   4050.17500000   4050.87500000   4051.54166667   4051.37500000   4050.35000000   4050.04166667   4050.82500000   4050.18333333   4049.84166667   4050.08333333   4049.55833333   4049.76666667   4049.51666667   4049.86666667   4049.74166667   4049.47500000 
   4050.17500000   4051.29166667   4051.90000000   4051.25833333   4051.41666667   4053.10833333   4053.50833333   4053.80000000   4053.78333333   4054.07500000   4053.65000000   4053.30833333   4053.49166667   4054.01666667   4052.93333333   4052.85833333   4052.50000000   4053.34166667   4053.67500000   4054.21666667   4053.45833333   4053.96666667   4054.49166667   4054.16666667   4053.39166667 
   4053.63333333   4054.48333333   4055.36666667   4055.05833333   4056.21666667   4056.10833333   4056.69166667   4056.85833333   4058.07500000   4057.23333333   4057.21666667   4057.15833333   4057.30833333   4057.65000000   4056.90833333   4057.83333333   4057.90000000   4058.25000000   4057.51666667   4058.20000000   4058.20000000   4058.57500000   4058.29166667   4058.02500000   4058.28333333 
   4057.95833333   4058.91666667   4059.30000000   4059.65833333   4059.99166667   4059.83333333   4060.17500000   4060.48333333   4060.91666667   4061.51666667   4061.25833333   4061.51666667   4061.69166667   4061.65833333   4061.67500000   4062.25000000   4062.57500000   4061.45000000   4061.40000000   4061.55833333   4062.03333333   4061.96666667   4062.14166667   4062.35833333   4062.60833333 
   4062.32500000   4062.81666667   4062.55833333   4062.70833333   4061.60833333   4061.90833333   4062.50000000   4063.25833333   4063.35000000   4063.83333333   4064.34166667   4064.08333333   4063.65833333   4063.35833333   4062.53333333   4062.76666667   4062.56666667   4063.20000000   4062.90000000   4063.60833333   4064.05833333   4064.37500000   4063.95000000   4064.84166667   4064.93333333 
   4064.61666667   4065.35000000   4065.70000000   4065.75000000   4065.94166667   4066.04166667   4066.72500000   4066.29166667   4065.85000000   4066.69166667   4066.33333333   4066.43333333   4066.71666667   4066.75833333   4066.31666667   4066.10833333   4066.10833333   4066.46666667   4066.44166667   4066.55000000   4066.51666667   4066.42500000   4066.06666667   4066.08333333   4065.97500000 
   4065.60000000   4066.19166667   4066.25000000   4066.91666667   4067.60000000   4067.72500000   4068.48333333   4068.59166667   4068.35000000   4068.43333333   4068.80000000   4068.14166667   4068.89166667   4068.87500000   4068.20000000   4068.58333333   4068.78333333   4069.22500000   4069.06666667   4069.00000000   4068.89166667   4068.32500000   4069.01666667   4068.65833333   4068.09166667 
   4068.35833333   4069.75000000   4070.10833333   4070.50833333   4071.03333333   4071.16666667   4071.00000000   4070.80000000   4071.42500000   4071.45833333   4071.50000000   4071.65833333   4071.68333333   4071.81666667   4071.82500000   4072.40000000   4071.66666667   4071.74166667   4071.90000000   4071.39166667   4071.25000000   4071.45000000   4071.05833333   4071.18333333   4071.16666667 
   4070.66666667   4071.47500000   4071.69166667   4071.85833333   4072.11666667   4071.90833333   4072.20833333   4071.85833333   4072.15000000   4072.22500000   4072.60000000   4073.24166667   4073.09166667   4072.85000000   4072.83333333   4072.84166667   4073.47500000   4073.19166667   4073.64166667   4073.05833333   4073.84166667   4073.96666667   4073.27500000   4073.60000000   4073.77500000 
   4073.33333333   4074.01666667   4073.87500000   4074.31666667   4075.00000000   4074.62500000   4075.85000000   4074.96666667   4075.38333333   4075.65000000   4075.18333333   4074.75833333   4075.02500000   4075.10833333   4075.34166667   4075.81666667   4075.50000000   4075.74166667   4075.43333333   4075.43333333   4075.36666667   4075.54166667   4075.16666667   4075.21666667   4075.50000000 
   4076.47500000   4076.95833333   4077.31666667   4077.03333333   4077.40000000   4077.66666667   4077.24166667   4077.25833333   4076.83333333   4077.03333333   4077.27500000   4077.00000000   4077.01666667   4076.80000000   4076.92500000   4076.96666667   4077.40000000   4077.50000000   4077.65000000   4077.48333333   4077.19166667   4077.14166667   4077.18333333   4076.95000000   4076.88333333 
   4076.45833333   4076.70000000   4076.29166667   4076.53333333   4077.05833333   4077.13333333   4077.30833333   4077.50000000   4077.80000000   4078.05000000   4078.25000000   4078.67500000   4079.18333333   4079.14166667   4079.24166667   4078.80000000   4078.72500000   4078.53333333   4078.81666667   4078.65833333   4077.90000000   4077.65000000   4078.00833333   4077.81666667   4077.91666667 
   4077.71666667   4076.90000000   4076.80833333   4076.01666667   4076.46666667   4076.80833333   4076.80833333   4077.08333333   4076.82500000   4076.62500000   4076.68333333   4076.40000000   4076.84166667   4077.04166667   4077.00833333   4077.23333333   4076.79166667   4077.46666667   4077.29166667   4077.10000000   4077.30000000   4077.05000000   4076.76666667   4077.06666667   4076.85000000 
   4077.23333333   4076.38333333   4076.50000000   4075.98333333   4075.85000000   4075.75000000   4075.50833333   4075.48333333   4075.45000000   4075.27500000   4074.90833333   4075.36666667   4075.22500000   4075.05000000   4075.11666667   4075.46666667   4074.97500000   4075.53333333   4075.65000000   4075.17500000   4075.55833333   4075.20000000   4074.83333333   4074.84166667   4074.96666667 
   4075.30833333   4075.02500000   4074.47500000   4074.07500000   4073.81666667   4073.15000000   4072.95833333   4072.65000000   4072.57500000   4072.43333333   4072.89166667   4073.75833333   4073.76666667   4073.94166667   4073.67500000   4073.39166667   4073.58333333   4073.40833333   4073.93333333   4073.80833333   4073.60833333   4073.26666667   4073.34166667   4073.53333333   4073.36666667 
   4074.28333333   4073.39166667   4072.87500000   4072.40833333   4072.28333333   4072.27500000   4071.78333333   4071.46666667   4071.79166667   4072.45833333   4072.17500000   4072.18333333   4072.27500000   4071.77500000   4071.26666667   4071.09166667   4071.93333333   4072.52500000   4072.05833333   4071.99166667   4071.45833333   4071.34166667   4071.58333333   4071.23333333   4071.04166667 
   4070.56666667   4071.03333333   4070.45000000   4069.94166667   4070.00000000   4070.13333333   4070.05833333   4069.62500000   4069.96666667   4069.35833333   4069.50000000   4068.95000000   4068.62500000   4069.34166667   4069.26666667   4069.79166667   4069.49166667   4069.66666667   4069.65000000   4069.61666667   4069.85000000   4069.25833333   4069.20833333   4069.46666667   4069.27500000 
   4069.31666667   4068.89166667   4068.40833333   4067.73333333   4067.15000000   4067.66666667   4067.49166667   4067.63333333   4067.42500000   4067.15833333   4067.30833333   4067.00000000   4066.94166667   4065.87500000   4066.16666667   4066.05833333   4066.32500000   4066.30000000   4066.60833333   4067.00000000   4066.71666667   4066.90000000   4066.58333333   4066.48333333   4066.39166667 
   4066.45833333   4065.02500000   4065.51666667   4065.27500000   4065.36666667   4064.80833333   4064.73333333   4064.85833333   4064.47500000   4064.53333333   4064.12500000   4064.35000000   4064.07500000   4063.50000000   4063.23333333   4063.23333333   4062.93333333   4063.53333333   4063.54166667   4063.55000000   4063.80000000   4063.90833333   4064.09166667   4064.37500000   4064.80000000 
   4064.82500000   4064.22500000   4063.74166667   4062.88333333   4062.93333333   4062.86666667   4061.74166667   4061.88333333   4061.38333333   4061.20000000   4061.46666667   4061.03333333   4061.16666667   4061.27500000   4061.86666667   4062.40833333   4062.23333333   4062.08333333   4062.09166667   4061.89166667   4062.62500000   4062.28333333   4062.17500000   4061.58333333   4061.35000000 
   4062.10833333   4061.26666667   4060.35833333   4060.73333333   4060.10833333   4059.62500000   4059.47500000   4058.79166667   4057.96666667   4057.97500000   4058.45000000   4058.49166667   4057.56666667   4058.27500000   4058.73333333   4058.77500000   4058.46666667   4058.84166667   4058.56666667   4058.65833333   4058.80833333   4059.13333333   4058.93333333   4058.88333333   4058.79166667 
   4058.21666667   4057.45000000   4057.10833333   4056.19166667   4055.93333333   4056.59166667   4057.10833333   4057.18333333   4057.33333333   4056.56666667   4055.91666667   4056.09166667   4055.50833333   4055.67500000   4056.26666667   4055.57500000   4055.47500000   4054.96666667   4055.18333333   4055.22500000   4055.51666667   4055.70833333   4055.65000000   4055.79166667   4056.04166667 
   4055.30833333   4054.38333333   4053.88333333   4053.21666667   4052.42500000   4052.44166667   4051.90000000   4051.45000000   4050.77500000   4051.19166667   4050.95833333   4051.50000000   4051.42500000   4050.94166667   4052.13333333   4053.10000000   4053.15833333   4053.11666667   4053.27500000   4052.07500000   4051.53333333   4050.81666667   4051.57500000   4050.96666667   4050.80833333 
   4050.80833333   4050.45000000   4050.01666667   4049.14166667   4048.66666667   4048.43333333   4047.98333333   4048.10000000   4047.62500000   4047.36666667   4047.19166667   4046.65000000   4046.14166667   4047.04166667   4047.09166667   4047.82500000   4047.35000000   4046.53333333   4047.15000000   4047.33333333   4047.37500000   4048.07500000   4048.46666667   4048.79166667   4048.92500000 
   4048.43333333   4047.06666667   4046.39166667   4045.71666667   4044.68333333   4043.77500000   4043.47500000   4043.86666667   4042.44166667   4042.60000000   4042.99166667   4043.65000000   4042.97500000   4042.50833333   4042.61666667   4043.10833333   4043.25000000   4041.99166667   4041.47500000   4041.31666667   4041.05000000   4041.70000000   4041.69166667   4042.20833333   4042.28333333 
   4042.75000000   4042.03333333   4041.32500000   4041.22500000   4039.79166667   4039.50000000   4039.41666667   4039.47500000   4039.02500000   4039.21666667   4038.85000000   4038.85833333   4038.40000000   4037.23333333   4036.72500000   4036.85000000   4035.85000000   4036.44166667   4037.09166667   4036.72500000   4036.29166667   4035.32500000   4035.57500000   4035.38333333   4035.89166667 
   4035.83333333   4034.81666667   4034.52500000   4032.59166667   4032.39166667   4032.25000000   4031.63333333   4030.86666667   4030.55000000   4030.41666667   4030.23333333   4030.55833333   4029.54166667   4029.04166667   4029.63333333   4030.66666667   4030.91666667   4030.77500000   4030.79166667   4030.91666667   4031.00000000   4031.30000000   4030.91666667   4031.90000000   4031.10000000 
   4031.92500000   4031.70000000   4030.68333333   4028.76666667   4028.17500000   4026.32500000   4026.80000000   4025.75000000   4024.85000000   4023.41666667   4024.09166667   4022.56666667   4022.85000000   4023.20000000   4023.61666667   4023.96666667   4023.36666667   4024.68333333   4023.92500000   4024.02500000   4025.01666667   4024.62500000   4024.13333333   4024.17500000   4023.95833333 
   4024.10000000   4022.24166667   4020.50000000   4019.42500000   4017.64166667   4017.83333333   4017.75000000   4016.55833333   4015.54166667   4015.01666667   4015.82500000   4015.20833333   4016.15000000   4016.66666667   4017.78333333   4016.55833333   4017.50833333   4016.65000000   4015.76666667   4016.15000000   4015.91666667   4014.47500000   4014.32500000   4014.49166667   4015.25833333 
   4014.54166667   4014.14166667   4012.16666667   4011.40000000   4011.11666667   4010.92500000   4011.03333333   4010.30000000   4009.62500000   4009.06666667   4008.01666667   4007.68333333   4006.86666667   4006.50833333   4006.93333333   4007.24166667   4006.67500000   4006.85000000   4006.95000000   4007.44166667   4006.95000000   4007.18333333   4006.90833333   4006.76666667   4005.50000000 
   4007.06666667   4005.82500000   4003.20000000   4003.04166667   4003.21666667   4002.38333333   4001.00833333   4000.10000000   4000.04166667   3999.91666667   3999.48333333   3997.77500000   3997.95833333   3998.73333333   3999.09166667   4000.60833333   3999.93333333   4000.22500000   3998.85000000   3998.29166667   3998.40000000   3998.56666667   3997.18333333   3996.09166667   3995.04166667 
   3995.27500000   3994.11666667   3993.15000000   3992.41666667   3991.96666667   3990.80833333   3990.29166667   3991.03333333   3988.95000000   3988.39166667   3988.66666667   3987.30000000   3987.53333333   3987.71666667   3987.81666667   3987.45833333   3986.88333333   3985.42500000   3985.25000000   3985.39166667   3984.86666667   3984.91666667   3985.65000000   3986.20000000   3987.16666667 
   3985.48333333   3983.48333333   3982.55833333   3980.74166667   3979.25833333   3977.32500000   3976.15833333   3976.59166667   3977.11666667   3976.21666667   3975.80000000   3974.33333333   3974.49166667   3973.39166667   3973.20000000   3973.00000000   3972.95833333   3974.40000000   3972.98333333   3973.55833333   3974.36666667   3973.40833333   3974.57500000   3975.11666667   3974.03333333 
   3975.28333333   3972.77500000   3970.47500000   3969.65833333   3968.66666667   3966.45000000   3964.50000000   3963.75833333   3963.44166667   3962.15000000   3960.70833333   3958.90000000   3958.17500000   3958.61666667   3959.00833333   3957.78333333   3958.21666667   3958.63333333   3957.64166667   3956.90000000   3957.33333333   3956.62500000   3956.96666667   3955.35000000   3956.04166667 
   3956.65833333   3955.40833333   3954.34166667   3952.75833333   3949.80000000   3948.50000000   3946.45833333   3945.01666667   3944.73333333   3942.97500000   3943.33333333   3943.27500000   3941.91666667   3940.65000000   3940.94166667   3939.91666667   3939.72500000   3939.50000000   3940.17500000   3939.18333333   3939.42500000   3938.83333333   3940.66666667   3940.07500000   3940.52500000 
   3939.79166667   3936.07500000   3935.14166667   3933.87500000   3932.22500000   3931.60000000   3929.59166667   3926.99166667   3927.43333333   3925.48333333   3925.00833333   3926.25000000   3924.25833333   3922.91666667   3922.05000000   3920.30833333   3920.64166667   3921.61666667   3921.68333333   3921.15833333   3920.15833333   3918.89166667   3918.19166667   3918.62500000   3918.88333333 
   3918.02500000   3914.70000000   3911.15833333   3911.69166667   3910.00000000   3908.38333333   3906.62500000   3904.96666667   3902.60833333   3902.05833333   3902.23333333   3901.69166667   3901.48333333   3900.16666667   3896.95833333   3896.22500000   3895.85833333   3896.04166667   3896.21666667   3895.13333333   3894.40833333   3894.89166667   3893.92500000   3894.59166667   3894.57500000 
   3894.44166667   3889.53333333   3888.51666667   3883.35833333   3880.95833333   3880.05833333   3879.96666667   3874.93333333   3874.83333333   3873.67500000   3872.15000000   3872.15000000   3870.90833333   3871.58333333   3869.46666667   3867.75833333   3865.81666667   3866.48333333   3865.03333333   3865.72500000   3865.03333333   3865.28333333   3864.02500000   3865.51666667   3866.54166667 
   3865.37500000   3861.75000000   3857.44166667   3854.96666667   3852.05000000   3851.21666667   3850.33333333   3848.13333333   3845.52500000   3843.36666667   3841.67500000   3840.42500000   3837.14166667   3836.79166667   3835.57500000   3834.52500000   3835.50000000   3832.65000000   3832.03333333   3832.48333333   3833.51666667   3834.62500000   3833.25000000   3834.39166667   3831.13333333 
   3829.26666667   3826.45000000   3821.80833333   3817.60000000   3813.16666667   3811.76666667   3808.51666667   3806.09166667   3805.60833333   3804.98333333   3804.59166667   3803.31666667   3803.64166667   3801.99166667   3799.64166667   3797.93333333   3798.25000000   3800.30000000   3800.89166667   3800.72500000   3798.77500000   3797.88333333   3798.09166667   3795.65000000   3794.92500000 
   3793.53333333   3789.18333333   3784.66666667   3780.11666667   3778.00833333   3774.10833333   3771.56666667   3770.30000000   3767.57500000   3766.55833333   3763.25833333   3761.11666667   3758.89166667   3756.35000000   3756.40000000   3755.55000000   3754.68333333   3754.36666667   3755.16666667   3756.12500000   3755.63333333   3752.55833333   3749.54166667   3750.65833333   3748.91666667 
   3745.12500000   3741.60833333   3737.08333333   3732.48333333   3727.59166667   3724.16666667   3720.83333333   3718.15000000   3716.77500000   3714.69166667   3713.50833333   3711.29166667   3707.59166667   3701.65000000   3699.00000000   3699.12500000   3698.46666667   3692.95000000   3689.50833333   3691.05833333   3691.34166667   3690.41666667   3689.80833333   3691.85000000   3689.09166667 
   3688.63333333   3681.44166667   3674.45000000   3672.40000000   3669.95000000   3665.08333333   3659.43333333   3654.07500000   3651.50833333   3647.50000000   3646.08333333   3643.88333333   3641.32500000   3639.12500000   3637.80000000   3634.74166667   3633.05833333   3627.13333333   3629.15000000   3626.32500000   3625.05833333   3624.12500000   3624.66666667   3623.42500000   3621.85833333 
   3620.58333333   3614.77500000   3608.57500000   3603.23333333   3598.86666667   3594.63333333   3588.14166667   3588.12500000   3586.47500000   3582.83333333   3581.57500000   3580.03333333   3575.16666667   3572.98333333   3569.36666667   3564.08333333   3565.53333333   3563.13333333   3559.76666667   3558.59166667   3557.12500000   3557.25000000   3556.80833333   3553.71666667   3550.75000000 
   3550.20000000   3545.31666667   3538.73333333   3533.91666667   3525.67500000   3519.35833333   3515.50000000   3512.45833333   3506.84166667   3503.81666667   3500.86666667   3494.55000000   3489.80833333   3485.37500000   3479.98333333   3477.70833333   3474.16666667   3472.63333333   3468.89166667   3466.91666667   3464.15000000   3463.08333333   3461.82500000   3458.67500000   3458.93333333 
   3458.17500000   3450.33333333   3445.00833333   3434.75000000   3425.02500000   3421.35000000   3414.88333333   3409.45000000   3402.75833333   3402.34166667   3396.98333333   3393.49166667   3387.33333333   3382.48333333   3376.88333333   3373.45833333   3370.13333333   3368.05833333   3361.77500000   3359.95833333   3356.40000000   3352.54166667   3347.92500000   3344.85833333   3345.75000000 
   3344.24166667   3334.29166667   3322.58333333   3313.82500000   3307.00000000   3301.39166667   3296.08333333   3287.25000000   3283.00833333   3276.84166667   3273.41666667   3265.92500000   3259.67500000   3251.46666667   3247.44166667   3242.90833333   3237.38333333   3235.80000000   3230.75833333   3229.84166667   3227.81666667   3223.30833333   3220.10833333   3214.11666667   3210.92500000 
   3211.91666667   3199.54166667   3188.90000000   3175.92500000   3168.55000000   3160.25000000   3151.45833333   3141.04166667   3132.44166667   3128.36666667   3125.38333333   3117.60833333   3114.20000000   3108.04166667   3105.04166667   3099.65000000   3098.23333333   3093.32500000   3089.91666667   3086.18333333   3080.30000000   3073.75833333   3070.20000000   3068.13333333   3067.12500000 
   3064.36666667   3054.00000000   3039.13333333   3029.73333333   3017.43333333   3008.03333333   2995.90833333   2985.97500000   2974.79166667   2970.21666667   2965.14166667   2960.09166667   2953.23333333   2945.77500000   2941.34166667   2938.13333333   2933.19166667   2927.87500000   2926.75833333   2921.99166667   2914.83333333   2911.80833333   2905.60833333   2897.75833333   2896.87500000 
   2898.16666667   2883.43333333   2872.03333333   2858.27500000   2848.93333333   2836.27500000   2821.23333333   2810.44166667   2799.43333333   2789.66666667   2781.20000000   2773.40000000   2762.93333333   2753.52500000   2746.93333333   2740.44166667   2733.88333333   2724.76666667   2718.45000000   2711.65833333   2706.01666667   2704.89166667   2699.64166667   2691.24166667   2685.15833333 
   2682.83333333   2670.12500000   2656.45000000   2642.81666667   2627.35833333   2615.29166667   2604.86666667   2595.25833333   2586.67500000   2575.00833333   2565.27500000   2556.40000000   2546.74166667   2536.09166667   2528.76666667   2523.75833333   2517.90833333   2509.76666667   2506.13333333   2500.20833333   2491.51666667   2481.81666667   2474.99166667   2469.59166667   2462.40833333 
   2459.55833333   2446.28333333   2429.58333333   2422.57500000   2412.30833333   2397.63333333   2384.40000000   2378.55000000   2368.02500000   2355.15000000   2345.03333333   2338.48333333   2330.92500000   2320.65833333   2311.89166667   2306.17500000   2298.21666667   2293.45000000   2282.85833333   2277.17500000   2267.98333333   2260.70000000   2256.97500000   2245.44166667   2238.64166667 
   2233.68333333   2213.99166667   2198.15000000   2184.48333333   2167.68333333   2158.82500000   2149.04166667   2141.26666667   2124.08333333   2113.23333333   2099.42500000   2087.50000000   2078.95000000   2069.81666667   2060.26666667   2051.74166667   2045.51666667   2038.60833333   2030.35000000   2019.15000000   2015.01666667   2011.14166667   2005.44166667   2005.20000000   2000.58333333 
   2001.25000000   1982.02500000   1966.29166667   1950.30833333   1934.46666667   1922.68333333   1913.61666667   1896.99166667   1883.86666667   1876.60833333   1866.60000000   1856.48333333   1846.97500000   1838.15000000   1834.68333333   1821.90000000   1812.50833333   1803.60833333   1797.10000000   1789.25833333   1788.99166667   1783.74166667   1781.62500000   1775.12500000   1771.33333333 
   1764.86666667   1749.81666667   1728.68333333   1717.32500000   1703.40833333   1689.07500000   1678.42500000   1665.25000000   1656.95000000   1642.84166667   1633.76666667   1624.88333333   1617.37500000   1605.30833333   1595.50000000   1590.05833333   1585.12500000   1576.24166667   1572.82500000   1570.68333333   1566.34166667   1563.55833333   1561.62500000   1555.35000000   1549.38333333 
   1543.91666667   1526.39166667   1513.60000000   1499.47500000   1483.19166667   1471.80833333   1459.13333333   1447.01666667   1439.45833333   1433.26666667   1424.90833333   1417.81666667   1413.60000000   1408.00833333   1406.53333333   1399.03333333   1394.16666667   1386.95833333   1383.24166667   1381.43333333   1376.78333333   1378.73333333   1374.82500000   1368.57500000   1367.67500000 
   1363.50833333   1349.10833333   1334.34166667   1319.79166667   1305.75000000   1295.27500000   1286.35000000   1271.17500000   1259.99166667   1249.70000000   1237.75833333   1231.21666667   1227.12500000   1219.65833333   1212.80833333   1208.70833333   1204.13333333   1197.80000000   1191.58333333   1192.15000000   1182.15833333   1185.16666667   1178.48333333   1177.74166667   1176.05000000 
   1177.00000000   1157.85000000   1145.90833333   1132.17500000   1114.23333333   1104.68333333   1093.69166667   1085.44166667   1079.81666667   1071.37500000   1066.54166667   1061.09166667   1055.90000000   1051.87500000   1046.26666667   1039.40833333   1032.06666667   1027.59166667   1022.55833333   1018.55000000   1015.75833333   1015.35000000   1016.82500000   1016.74166667   1017.47500000 
   1016.57500000   1003.66666667    988.93333333    982.59166667    977.16666667    965.39166667    959.83333333    946.66666667    938.49166667    928.99166667    923.54166667    915.15833333    913.89166667    915.63333333    909.27500000    909.78333333    904.80000000    904.00000000    898.22500000    897.94166667    894.04166667    898.56666667    894.01666667    890.39166667    889.03333333 
    886.56666667    870.94166667    864.19166667    853.82500000    841.10833333    831.62500000    822.45833333    817.81666667    810.34166667    810.91666667    805.70833333    803.45833333    797.30000000    793.19166667    792.05000000    790.74166667    788.82500000    784.90000000    783.50833333    784.55000000    786.58333333    782.90833333    781.08333333    783.80000000    784.48333333 
    782.96666667    764.38333333    754.95833333    742.92500000    736.02500000    727.14166667    723.54166667    715.25833333    709.52500000    708.94166667    707.06666667    705.28333333    702.91666667    701.25833333    696.95000000    695.12500000    693.66666667    692.26666667    688.23333333    687.69166667    688.83333333    685.39166667    686.92500000    690.36666667    691.09166667 
    692.01666667    679.13333333    670.91666667    660.49166667    649.43333333    638.77500000    632.30000000    629.71666667    623.50833333    621.86666667    620.53333333    617.12500000    614.81666667    614.37500000    612.91666667    612.81666667    614.59166667    615.60000000    615.79166667    613.32500000    615.51666667    617.41666667    613.27500000    613.32500000    617.44166667 
    616.36666667    604.76666667    593.98333333    585.32500000    571.70833333    566.15000000    562.72500000    558.92500000    559.86666667    555.63333333    553.39166667    549.37500000    548.55833333    550.45000000    550.65833333    551.67500000    548.60000000    546.51666667    541.45000000    543.58333333    546.35833333    545.86666667    542.95000000    539.47500000    539.89166667 
    539.09166667    524.71666667    521.78333333    514.83333333    511.10000000    508.40000000    503.17500000    498.26666667    498.42500000    496.38333333    498.25000000    494.66666667    491.82500000    492.27500000    491.65833333    491.05833333    491.53333333    489.84166667    490.65833333    488.75833333    484.64166667    485.83333333    485.97500000    486.55000000    485.30833333 
    484.40000000    474.76666667    469.83333333    465.82500000    463.53333333    458.39166667    453.03333333    451.62500000    452.48333333    448.38333333    444.67500000    444.72500000    443.84166667    439.58333333    436.37500000    438.26666667    436.43333333    437.50833333    434.76666667    436.04166667    439.05833333    435.70000000    435.71666667    440.89166667    439.00000000 
    438.16666667    425.50833333    422.03333333    416.55000000    417.11666667    408.20000000    402.28333333    404.47500000    405.97500000    402.85833333    406.68333333    400.53333333    399.74166667    397.82500000    403.48333333    403.95833333    401.57500000    401.45000000    401.07500000    404.82500000    402.84166667    402.70833333    407.28333333    402.84166667    404.86666667 
    404.71666667    392.26666667    382.84166667    379.30833333    375.45000000    374.11666667    369.17500000    366.40000000    366.55000000    368.52500000    367.68333333    365.48333333    364.36666667    367.76666667    368.35000000    364.07500000    362.14166667    361.56666667    360.84166667    368.70833333    367.90833333    366.45000000    366.45000000    364.22500000    367.23333333 
    370.50833333    357.17500000    349.20000000    343.70833333    337.28333333    340.79166667    341.79166667    339.20000000    335.73333333    334.71666667    334.50833333    329.45833333    333.41666667    336.87500000    335.30833333    332.08333333    329.58333333    328.08333333    329.42500000    328.45000000    326.47500000    327.87500000    330.01666667    334.65000000    334.40000000 
    338.20833333    322.16666667    315.85833333    312.39166667    311.47500000    307.25000000    307.16666667    304.60000000    303.22500000    306.42500000    305.40000000    304.63333333    303.40000000    303.90000000    303.45000000    304.92500000    309.10000000    309.24166667    309.05833333    313.58333333    314.22500000    311.99166667    309.91666667    312.34166667    306.98333333 
    308.22500000    299.98333333    297.60833333    291.93333333    286.20833333    286.40000000    288.53333333    289.27500000    286.03333333    286.00000000    286.76666667    282.21666667    282.75000000    283.56666667    283.01666667    282.05833333    282.80000000    283.55833333    285.20833333    281.57500000    287.28333333    286.00833333    284.43333333    286.07500000    287.24166667 
    283.76666667    274.66666667    271.10833333    265.85833333    266.75000000    267.70000000    266.12500000    265.50000000    264.94166667    263.08333333    261.89166667    262.95000000    264.36666667    261.10000000    261.22500000    264.06666667    265.48333333    266.76666667    266.11666667    264.52500000    265.21666667    266.77500000    266.94166667    264.77500000    264.03333333 
    263.49166667    255.83333333    252.72500000    249.36666667    250.64166667    248.64166667    246.60833333    245.86666667    246.41666667    243.89166667    245.76666667    244.15833333    240.79166667    244.05000000    249.74166667    249.53333333    251.15000000    247.28333333    249.41666667    249.92500000    246.40833333    244.65833333    246.59166667    247.66666667    246.97500000 
    247.69166667    234.35833333    233.03333333    229.85000000    230.30833333    229.16666667    232.37500000    227.82500000    224.62500000    230.35833333    228.90833333    229.93333333    229.57500000    227.45000000    231.08333333    224.36666667    226.39166667    232.70833333    229.21666667    231.05000000    234.23333333    227.97500000    226.57500000    226.21666667    226.30000000 
    229.69166667    222.15833333    214.97500000    215.38333333    214.15000000    214.08333333    217.08333333    216.44166667    216.86666667    217.60000000    216.75000000    214.00833333    214.87500000    213.05000000    213.56666667    216.55000000    215.48333333    211.27500000    214.35833333    214.81666667    213.91666667    214.86666667    215.32500000    214.15833333    209.90833333 
    212.17500000    207.50833333    204.54166667    203.34166667    201.72500000    198.76666667    200.98333333    201.78333333    196.95000000    196.95833333    196.26666667    203.60833333    202.90833333    199.85000000    203.47500000    199.45833333    203.17500000    201.59166667    202.35000000    203.13333333    202.80000000    204.55000000    203.25833333    201.72500000    202.14166667 
    203.96666667    196.60833333    188.99166667    188.86666667    189.61666667    185.05833333    187.45000000    187.53333333    188.95000000    188.74166667    191.31666667    189.04166667    189.03333333    191.99166667    190.67500000    191.42500000    191.05833333    190.30833333    191.00833333    189.63333333    187.89166667    185.80000000    187.53333333    188.98333333    191.55000000 
    190.61666667    182.61666667    183.57500000    180.95833333    181.02500000    178.82500000    179.00833333    178.60833333    177.39166667    179.47500000    179.98333333    180.43333333    179.86666667    176.11666667    180.55000000    177.73333333    177.01666667    177.22500000    177.11666667    177.17500000    181.23333333    180.37500000    180.55000000    177.35000000    178.93333333 
    179.44166667    171.37500000    171.83333333    170.09166667    170.83333333    171.37500000    172.60000000    169.35000000    169.38333333    168.74166667    166.88333333    169.77500000    169.35833333    166.59166667    167.28333333    168.59166667    171.23333333    169.96666667    169.78333333    167.00000000    169.04166667    169.02500000    169.27500000    166.61666667    168.75000000 
    171.45000000    166.33333333    164.71666667    160.90833333    160.80000000    160.50000000    158.46666667    159.27500000    162.63333333    160.83333333    160.20833333    160.17500000    160.80000000    159.28333333    159.59166667    157.40833333    163.59166667    159.45833333    158.81666667    156.43333333    155.80000000    158.92500000    164.85833333    158.30000000    161.65000000 
    162.90833333    152.63333333    154.73333333    150.99166667    152.38333333    152.76666667    152.79166667    153.44166667    150.86666667    154.35833333    150.84166667    153.55833333    152.05833333    153.04166667    150.63333333    150.07500000    151.15000000    153.63333333    150.02500000    151.60000000    151.02500000    148.69166667    152.64166667    150.31666667    149.55000000 
    149.83333333    146.90000000    146.71666667    148.70833333    146.60833333    146.17500000    142.92500000    146.03333333    146.05833333    144.79166667    144.55833333    145.40833333    145.08333333    146.30833333    145.40833333    143.45833333    145.78333333    143.25000000    143.74166667    142.87500000    144.75000000    147.45833333    148.53333333    142.67500000    144.59166667 
    142.70000000    137.03333333    134.31666667    138.21666667    138.28333333    139.26666667    139.41666667    140.06666667    137.87500000    140.11666667    136.75000000    138.69166667    139.36666667    138.33333333    137.07500000    139.82500000    141.65833333    137.55000000    137.14166667    135.98333333    139.96666667    137.68333333    139.49166667    139.41666667    135.15000000 
    139.28333333    131.98333333    130.69166667    130.89166667    130.70833333    133.40000000    128.72500000    132.60000000    131.19166667    129.61666667    129.87500000    128.88333333    134.12500000    128.90000000    132.70000000    132.10833333    134.36666667    133.11666667    130.81666667    133.92500000    133.95000000    131.07500000    128.96666667    129.06666667    132.60000000 
    132.55833333    126.32500000    125.64166667    124.46666667    126.27500000    125.70833333    126.76666667    128.10833333    126.91666667    125.34166667    125.90833333    129.56666667    124.80833333    124.45833333    125.32500000    125.54166667    125.86666667    126.81666667    124.95833333    128.11666667    127.84166667    126.38333333    126.55833333    128.23333333    129.80000000 
    127.66666667    119.61666667    119.62500000    121.08333333    116.54166667    120.77500000    121.79166667    120.00000000    123.30000000    121.72500000    121.66666667    119.39166667    118.55833333    119.59166667    120.52500000    121.10000000    119.23333333    120.84166667    121.32500000    121.28333333    120.96666667    120.82500000    122.85833333    122.33333333    120.02500000 
    121.32500000    114.20000000    117.51666667    115.57500000    115.97500000    117.03333333    115.34166667    114.60833333    113.41666667    115.17500000    116.20833333    115.90000000    116.57500000    114.45000000    114.55000000    114.14166667    116.18333333    116.59166667    111.44166667    116.00000000    115.78333333    116.35833333    117.74166667    115.85833333    114.81666667 
    116.10833333    113.97500000    111.10000000    109.80833333    110.73333333    109.60833333    111.03333333    110.96666667    113.25000000    111.53333333    112.40833333    110.66666667    110.02500000    110.98333333    108.31666667    110.55833333    110.24166667    109.22500000    110.15000000    111.87500000    108.79166667    111.39166667    110.33333333    110.60000000    110.26666667 
    110.68333333    107.25833333    105.10000000    106.20000000    103.92500000    108.20833333    104.56666667    106.80000000    105.45000000    105.04166667    106.03333333    108.78333333    107.65000000    104.59166667    107.25000000    106.57500000    105.27500000    105.50833333    104.73333333    108.34166667    105.46666667    107.63333333    107.70000000    105.83333333    104.51666667 
    104.20000000    100.66666667    100.03333333    104.48333333    102.02500000    101.72500000    102.47500000    103.01666667    100.45833333    100.20000000    103.06666667    102.33333333    101.63333333    103.90000000    102.70000000    104.28333333    103.05833333    101.59166667    102.37500000    102.32500000    103.60000000    100.35000000    100.90000000    101.24166667    100.82500000 
    102.25833333     97.71666667     99.95833333     98.52500000     99.12500000     98.29166667    101.26666667     98.24166667     99.27500000     97.74166667     98.10833333    100.30833333     98.72500000     97.60833333     97.98333333     97.50000000     96.62500000     97.75833333    101.39166667     97.93333333     99.42500000    100.67500000     97.91666667     99.65833333     98.08333333 
     98.35000000     96.12500000     96.07500000     93.04166667     94.89166667     95.42500000     94.15833333     97.27500000     95.21666667     95.87500000     94.70000000     96.42500000     94.38333333     95.75000000     93.45833333     95.00000000     95.40000000     97.48333333     97.37500000     95.95833333     95.42500000     92.92500000     94.19166667     95.23333333     95.12500000 
     94.95000000     91.28333333     89.53333333     90.69166667     91.25833333     90.67500000     92.30833333     91.59166667     93.13333333     90.78333333     90.05833333     93.33333333     93.17500000     92.32500000     90.13333333     92.49166667     89.15833333     92.55000000     92.71666667     91.90000000     90.28333333     92.22500000     90.46666667     90.70833333     91.66666667 
