  0.00000000E+00 -2.16100000E+01 -2.62640000E+01 -2.75203333E+01 -2.71033333E+01 -2.62970000E+01 -2.76550000E+01 -2.78686667E+01 -2.83936667E+01 -2.93326667E+01 
 -2.69503333E+01 -2.81023333E+01 -2.87846667E+01 -2.98476667E+01 -3.02123333E+01 -2.96530000E+01 -2.95680000E+01 -2.84093333E+01 -2.94196667E+01 -2.79980000E+01 
 -2.84183333E+01 -2.97023333E+01 -3.00530000E+01 -3.00196667E+01 -2.86400000E+01 -2.88776667E+01 -3.03610000E+01 -2.98060000E+01 -2.93173333E+01 -2.92420000E+01 
 -2.96680000E+01 -3.08263333E+01 -3.25293333E+01 -3.17026667E+01 -3.08973333E+01 -3.16993333E+01 -3.13790000E+01 -3.27133333E+01 -3.33173333E+01 -3.14320000E+01 
 -3.05523333E+01 -3.24183333E+01 -3.48793333E+01 -3.45760000E+01 -3.49376667E+01 -3.39520000E+01 -3.35113333E+01 -3.44800000E+01 -3.42976667E+01 -3.37630000E+01 
 -3.36773333E+01 -3.47040000E+01 -3.42303333E+01 -3.48753333E+01 -3.44140000E+01 -3.41630000E+01 -3.48346667E+01 -3.52070000E+01 -3.46960000E+01 -3.49866667E+01 
 -3.39283333E+01 -3.61093333E+01 -3.61416667E+01 -3.82946667E+01 -3.86040000E+01 -3.66600000E+01 -3.62413333E+01 -3.64013333E+01 -3.68996667E+01 -3.65633333E+01 
 -3.54796667E+01 -3.58996667E+01 -3.70846667E+01 -3.71053333E+01 -3.74360000E+01 -3.82326667E+01 -3.78590000E+01 -3.85310000E+01 -3.72653333E+01 -3.72000000E+01 
 -3.75426667E+01 -3.91910000E+01 -3.89560000E+01 -3.90340000E+01 -3.93180000E+01 -3.99033333E+01 -4.01200000E+01 -3.97630000E+01 -4.17486667E+01 -4.01526667E+01 
 -3.93940000E+01 -4.25013333E+01 -4.11743333E+01 -4.36403333E+01 -4.22296667E+01 -4.23613333E+01 -4.02330000E+01 -4.15356667E+01 -4.07990000E+01 -4.02363333E+01 
 -4.08876667E+01 -4.15600000E+01 -4.30846667E+01 -4.33403333E+01 -4.28303333E+01 -4.31706667E+01 -4.33886667E+01 -4.40656667E+01 -4.52063333E+01 -4.43433333E+01 
 -4.42806667E+01 -4.38330000E+01 -4.64666667E+01 -4.76126667E+01 -4.58663333E+01 -4.72816667E+01 -4.67996667E+01 -4.81126667E+01 -4.69346667E+01 -4.73670000E+01 
 -4.69210000E+01 -4.73380000E+01 -5.00526667E+01 -4.92943333E+01 -4.99880000E+01 -4.93903333E+01 -4.85043333E+01 -4.94450000E+01 -4.98640000E+01 -4.98353333E+01 
 -4.88990000E+01 -4.98320000E+01 -5.20800000E+01 -5.08536667E+01 -5.20923333E+01 -5.32730000E+01 -5.37443333E+01 -5.41750000E+01 -5.25056667E+01 -5.15820000E+01 
 -5.24153333E+01 -5.36276667E+01 -5.49740000E+01 -5.64690000E+01 -5.81660000E+01 -5.81103333E+01 -5.80046667E+01 -5.78243333E+01 -5.76456667E+01 -5.79566667E+01 
 -5.99673333E+01 -6.13403333E+01 -6.05126667E+01 -5.86963333E+01 -5.80570000E+01 -5.83863333E+01 -5.88216667E+01 -5.80130000E+01 -5.77750000E+01 -5.90440000E+01 
 -6.02856667E+01 -6.16020000E+01 -6.21533333E+01 -6.10693333E+01 -6.15310000E+01 -6.30606667E+01 -6.22690000E+01 -6.12686667E+01 -6.23816667E+01 -6.21773333E+01 
 -6.30550000E+01 -6.40426667E+01 -6.44990000E+01 -6.45670000E+01 -6.54316667E+01 -6.48240000E+01 -6.65490000E+01 -6.53736667E+01 -6.50036667E+01 -6.45086667E+01 
 -6.52316667E+01 -6.63086667E+01 -6.64233333E+01 -6.91653333E+01 -6.96193333E+01 -7.02473333E+01 -7.06170000E+01 -7.09186667E+01 -7.20940000E+01 -7.32430000E+01 
 -7.33673333E+01 -7.59400000E+01 -7.80250000E+01 -7.52920000E+01 -7.54040000E+01 -7.79690000E+01 -7.85080000E+01 -7.67766667E+01 -7.60223333E+01 -7.58360000E+01 
 -7.56516667E+01 -7.59336667E+01 -7.82123333E+01 -8.07570000E+01 -8.12730000E+01 -8.28240000E+01 -8.31266667E+01 -8.23383333E+01 -8.32413333E+01 -8.37043333E+01 
 -8.39046667E+01 -8.38446667E+01 -8.44703333E+01 -8.68896667E+01 -8.60196667E+01 -8.55453333E+01 -8.57013333E+01 -8.68616667E+01 -8.78410000E+01 -8.81546667E+01 
 -9.00196667E+01 -9.22916667E+01 -9.29466667E+01 -9.36520000E+01 -9.58940000E+01 -9.58663333E+01 -9.64073333E+01 -9.74066667E+01 -9.85840000E+01 -9.84736667E+01 
 -9.94403333E+01 -1.01782000E+02 -1.01153000E+02 -1.03200667E+02 -1.04370000E+02 -1.04321667E+02 -1.04957333E+02 -1.06146333E+02 -1.06795333E+02 -1.08692667E+02 
 -1.06272333E+02 -1.05925000E+02 -1.07044667E+02 -1.07401333E+02 -1.08453000E+02 -1.11347000E+02 -1.12490667E+02 -1.12031667E+02 -1.13967333E+02 -1.13370000E+02 
 -1.12077000E+02 -1.14700667E+02 -1.16363333E+02 -1.19022667E+02 -1.19313333E+02 -1.21036333E+02 -1.20067000E+02 -1.19241667E+02 -1.21399667E+02 -1.21328000E+02 
 -1.23116000E+02 -1.26094667E+02 -1.27201333E+02 -1.27725667E+02 -1.30753667E+02 -1.32122667E+02 -1.35024000E+02 -1.36529333E+02 -1.36769667E+02 -1.37346667E+02 
 -1.35596000E+02 -1.39124667E+02 -1.42292333E+02 -1.44316000E+02 -1.45531667E+02 -1.46785000E+02 -1.48142000E+02 -1.48312333E+02 -1.50141000E+02 -1.50212000E+02 
 -1.51017667E+02 -1.54278667E+02 -1.56404000E+02 -1.57849333E+02 -1.58940000E+02 -1.60653000E+02 -1.61891000E+02 -1.64120667E+02 -1.64492667E+02 -1.66501667E+02 
 -1.68617667E+02 -1.72144667E+02 -1.74834000E+02 -1.77101333E+02 -1.75866333E+02 -1.77183667E+02 -1.77270667E+02 -1.77706333E+02 -1.80435667E+02 -1.81431000E+02 
 -1.83992667E+02 -1.86023667E+02 -1.89490000E+02 -1.90027333E+02 -1.93114667E+02 -1.94041000E+02 -1.96935000E+02 -1.98235667E+02 -2.01185667E+02 -2.02234000E+02 
 -2.02809000E+02 -2.06345667E+02 -2.08197333E+02 -2.10202667E+02 -2.10677667E+02 -2.13370000E+02 -2.15406333E+02 -2.18988000E+02 -2.20623333E+02 -2.23083000E+02 
 -2.25682333E+02 -2.27844333E+02 -2.30053667E+02 -2.31069667E+02 -2.33833000E+02 -2.34310667E+02 -2.36420667E+02 -2.39428000E+02 -2.43103000E+02 -2.45734333E+02 
 -2.47161000E+02 -2.50873000E+02 -2.54598000E+02 -2.58947000E+02 -2.60776667E+02 -2.63462333E+02 -2.66788000E+02 -2.69931333E+02 -2.70472000E+02 -2.72735667E+02 
 -2.74109333E+02 -2.75787667E+02 -2.79575000E+02 -2.81543000E+02 -2.85690333E+02 -2.89172667E+02 -2.90937333E+02 -2.94547000E+02 -2.98647000E+02 -3.03780000E+02 
 -3.06023000E+02 -3.10056667E+02 -3.13190333E+02 -3.15754667E+02 -3.20686000E+02 -3.23451333E+02 -3.27272333E+02 -3.30921667E+02 -3.33932333E+02 -3.33691333E+02 
 -3.38678667E+02 -3.42611667E+02 -3.47102000E+02 -3.53149667E+02 -3.55507000E+02 -3.59445667E+02 -3.63328667E+02 -3.67601000E+02 -3.71902000E+02 -3.77716667E+02 
 -3.80513000E+02 -3.86855333E+02 -3.91275333E+02 -3.95822667E+02 -4.01328000E+02 -4.06400333E+02 -4.09017667E+02 -4.13410333E+02 -4.17472333E+02 -4.22232667E+02 
 -4.26966000E+02 -4.32463667E+02 -4.37531667E+02 -4.41887000E+02 -4.47710000E+02 -4.52672667E+02 -4.58699667E+02 -4.64281000E+02 -4.69016333E+02 -4.73859667E+02 
 -4.79028000E+02 -4.86138000E+02 -4.90329333E+02 -4.93539000E+02 -4.98421333E+02 -5.03617333E+02 -5.10111000E+02 -5.14476667E+02 -5.19709000E+02 -5.25030000E+02 
 -5.30871000E+02 -5.35224667E+02 -5.42522000E+02 -5.47360333E+02 -5.51546667E+02 -5.58354333E+02 -5.64154000E+02 -5.70630667E+02 -5.73973333E+02 -5.76297333E+02 
 -5.81306000E+02 -5.86638333E+02 -5.91953000E+02 -5.97884667E+02 -6.03741667E+02 -6.09722000E+02 -6.15031667E+02 -6.23143667E+02 -6.30580667E+02 -6.36963667E+02 
 -6.41037000E+02 -6.48239333E+02 -6.56383333E+02 -6.61231333E+02 -6.69256000E+02 -6.75160000E+02 -6.79325000E+02 -6.84640667E+02 -6.92166667E+02 -6.96578667E+02 
 -7.02131000E+02 -7.08620667E+02 -7.13790000E+02 -7.20382000E+02 -7.27121000E+02 -7.33451000E+02 -7.40350667E+02 -7.46461333E+02 -7.53871667E+02 -7.58324000E+02 
 -7.63498000E+02 -7.71684667E+02 -7.78834000E+02 -7.85878667E+02 -7.93272000E+02 -7.98831667E+02 -8.06396333E+02 -8.12954667E+02 -8.18713000E+02 -8.25877667E+02 
 -8.31633667E+02 -8.38902000E+02 -8.44780000E+02 -8.51137667E+02 -8.58602000E+02 -8.62449667E+02 -8.66736667E+02 -8.74917000E+02 -8.82134667E+02 -8.86936333E+02 
 -8.93914000E+02 -9.01909000E+02 -9.08538667E+02 -9.14235000E+02 -9.23295667E+02 -9.30054333E+02 -9.36406667E+02 -9.43032000E+02 -9.49936667E+02 -9.55963333E+02 
 -9.64282000E+02 -9.72635667E+02 -9.79700000E+02 -9.87306667E+02 -9.94742333E+02 -1.00088867E+03 -1.00599467E+03 -1.01314767E+03 -1.02022667E+03 -1.02744067E+03 
 -1.03636033E+03 -1.04186233E+03 -1.04976767E+03 -1.05482200E+03 -1.06245800E+03 -1.07006600E+03 -1.07464867E+03 -1.08054267E+03 -1.08803600E+03 -1.09396533E+03 
 -1.09914767E+03 -1.10633933E+03 -1.11314000E+03 -1.12011100E+03 -1.12676433E+03 -1.13352900E+03 -1.13756300E+03 -1.14293467E+03 -1.14959233E+03 -1.15424767E+03 
 -1.15938467E+03 -1.16540967E+03 -1.17184333E+03 -1.17841967E+03 -1.18604033E+03 -1.19208067E+03 -1.19756433E+03 -1.20438467E+03 -1.21039867E+03 -1.21328667E+03 
 -1.21958000E+03 -1.22707133E+03 -1.23350967E+03 -1.23966500E+03 -1.24372833E+03 -1.24900400E+03 -1.25427667E+03 -1.25957833E+03 -1.26341500E+03 -1.26884567E+03 
 -1.27368033E+03 -1.27820533E+03 -1.28447567E+03 -1.28965433E+03 -1.29456433E+03 -1.30004000E+03 -1.30481000E+03 -1.30879333E+03 -1.31365367E+03 -1.31856300E+03 
 -1.32183533E+03 -1.32595433E+03 -1.33168100E+03 -1.33598533E+03 -1.34056733E+03 -1.34538300E+03 -1.34978100E+03 -1.35480567E+03 -1.35954600E+03 -1.36321533E+03 
 -1.36644500E+03 -1.37071800E+03 -1.37446400E+03 -1.37919300E+03 -1.38348700E+03 -1.38831233E+03 -1.39161567E+03 -1.39543767E+03 -1.39848267E+03 -1.40345733E+03 
 -1.40670000E+03 -1.40991933E+03 -1.41405033E+03 -1.41802500E+03 -1.42177267E+03 -1.42681667E+03 -1.43066667E+03 -1.43488633E+03 -1.43720633E+03 -1.43929933E+03 
 -1.44234767E+03 -1.44529000E+03 -1.44883867E+03 -1.45041600E+03 -1.45300300E+03 -1.45598100E+03 -1.45764733E+03 -1.45983700E+03 -1.46398400E+03 -1.46732900E+03 
 -1.46875567E+03 -1.47293667E+03 -1.47501467E+03 -1.47769500E+03 -1.47982900E+03 -1.48304867E+03 -1.48617433E+03 -1.48844267E+03 -1.49036167E+03 -1.49221867E+03 
 -1.49474067E+03 -1.49683600E+03 -1.49915767E+03 -1.50160733E+03 -1.50312933E+03 -1.50523167E+03 -1.50672367E+03 -1.50925633E+03 -1.51135833E+03 -1.51290133E+03 
 -1.51465600E+03 -1.51665733E+03 -1.51758767E+03 -1.52036200E+03 -1.52203267E+03 -1.52373400E+03 -1.52471133E+03 -1.52563733E+03 -1.52762867E+03 -1.52935133E+03 
 -1.53081433E+03 -1.53379367E+03 -1.53551700E+03 -1.53725333E+03 -1.53894700E+03 -1.54003133E+03 -1.54219633E+03 -1.54328500E+03 -1.54553200E+03 -1.54680100E+03 
 -1.54859200E+03 -1.54971167E+03 -1.55117800E+03 -1.55225233E+03 -1.55316600E+03 -1.55458100E+03 -1.55594167E+03 -1.55769933E+03 -1.55908333E+03 -1.55924333E+03 
 -1.55981367E+03 -1.56191333E+03 -1.56305700E+03 -1.56392533E+03 -1.56440167E+03 -1.56543033E+03 -1.56606367E+03 -1.56622767E+03 -1.56672200E+03 -1.56802800E+03 
 -1.56932833E+03 -1.57038767E+03 -1.57121800E+03 -1.57153800E+03 -1.57249300E+03 -1.57347633E+03 -1.57310267E+03 -1.57442167E+03 -1.57442367E+03 -1.57472967E+03 
 -1.57601467E+03 -1.57686000E+03 -1.57748167E+03 -1.57814000E+03 -1.57839133E+03 -1.57875833E+03 -1.57876067E+03 -1.57949567E+03 -1.58099133E+03 -1.58174867E+03 
 -1.58185300E+03 -1.58250300E+03 -1.58257767E+03 -1.58351567E+03 -1.58404767E+03 -1.58501933E+03 -1.58522700E+03 -1.58558033E+03 -1.58606433E+03 -1.58704467E+03 
 -1.58619400E+03 -1.58745900E+03 -1.58785700E+03 -1.58801367E+03 -1.58846333E+03 -1.58915400E+03 -1.58964600E+03 -1.59082733E+03 -1.59159733E+03 -1.59249367E+03 
 -1.59320733E+03 -1.59371567E+03 -1.59420067E+03 -1.59408667E+03 -1.59508100E+03 -1.59506667E+03 -1.59532133E+03 -1.59575233E+03 -1.59688433E+03 -1.59680267E+03 
 -1.59719167E+03 -1.59777667E+03 -1.59870067E+03 -1.59929833E+03 -1.59878667E+03 -1.59962833E+03 -1.59945100E+03 -1.60020633E+03 -1.59984800E+03 -1.60149767E+03 
 -1.60134533E+03 -1.60204800E+03 -1.60284467E+03 -1.60260167E+03 -1.60222833E+03 -1.60244500E+03 -1.60253867E+03 -1.60399533E+03 -1.60446333E+03 -1.60516867E+03 
 -1.60527633E+03 -1.60580733E+03 -1.60579567E+03 -1.60614033E+03 -1.60682767E+03 -1.60773567E+03 -1.60786067E+03 -1.60890500E+03 -1.60849367E+03 -1.60887667E+03 
 -1.60928633E+03 -1.60945900E+03 -1.60936667E+03 -1.61036600E+03 -1.61012367E+03 -1.61071633E+03 -1.61035633E+03 -1.61065867E+03 -1.61101300E+03 -1.61123433E+03 
 -1.61118467E+03 -1.61153500E+03 -1.61197367E+03 -1.61221333E+03 -1.61225800E+03 -1.61200633E+03 -1.61230633E+03 -1.61214600E+03 -1.61215900E+03 -1.61173433E+03 
 -1.61194400E+03 -1.61232200E+03 -1.61233633E+03 -1.61229400E+03 -1.61284867E+03 -1.61276533E+03 -1.61232867E+03 -1.61271633E+03 -1.61241900E+03 -1.61270667E+03 
 -1.61305667E+03 -1.61299100E+03 -1.61305167E+03 -1.61353433E+03 -1.61399700E+03 -1.61403100E+03 -1.61450367E+03 -1.61451067E+03 -1.61458667E+03 -1.61396733E+03 
 -1.61460333E+03 -1.61495667E+03 -1.61484667E+03 -1.61517300E+03 -1.61550300E+03 -1.61608933E+03 -1.61614767E+03 -1.61666767E+03 -1.61590433E+03 -1.61523733E+03 
 -1.61550167E+03 -1.61575667E+03 -1.61560300E+03 -1.61604100E+03 -1.61625600E+03 -1.61632200E+03 -1.61586067E+03 -1.61672500E+03 -1.61678033E+03 -1.61702400E+03 
 -1.61690767E+03 -1.61703367E+03 -1.61717800E+03 -1.61698067E+03 -1.61719367E+03 -1.61770033E+03 -1.61719100E+03 -1.61708367E+03 -1.61707433E+03 -1.61743133E+03 
 -1.61722667E+03 -1.61750400E+03 -1.61785167E+03 -1.61808933E+03 -1.61805167E+03 -1.61781700E+03 -1.61831633E+03 -1.61839567E+03 -1.61883633E+03 -1.61870167E+03 
 -1.61868933E+03 -1.61885400E+03 -1.61939233E+03 -1.61907267E+03 -1.61966567E+03 -1.61950600E+03 -1.61970933E+03 -1.61974233E+03 -1.62039667E+03 -1.61990667E+03 
 -1.62026133E+03 -1.62026767E+03 -1.62006067E+03 -1.61995333E+03 -1.61931033E+03 -1.61970300E+03 -1.62005033E+03 -1.61958133E+03 -1.61978267E+03 -1.61952533E+03 
 -1.61952967E+03 -1.61949367E+03 -1.61957033E+03 -1.61950867E+03 -1.62001433E+03 -1.61973333E+03 -1.61952033E+03 -1.61951300E+03 -1.61968067E+03 -1.61962333E+03 
 -1.61959733E+03 -1.61969633E+03 -1.61945167E+03 -1.61997067E+03 -1.61949233E+03 -1.61992133E+03 -1.61979767E+03 -1.61926300E+03 -1.61970667E+03 -1.61906767E+03 
 -1.61951933E+03 -1.61931733E+03 -1.61922000E+03 -1.61884567E+03 -1.61868633E+03 -1.61882400E+03 -1.61899167E+03 -1.61906433E+03 -1.61879967E+03 -1.61857633E+03 
 -1.61833400E+03 -1.61786900E+03 -1.61768133E+03 -1.61766533E+03 -1.61833133E+03 -1.61823067E+03 -1.61800600E+03 -1.61802600E+03 -1.61810000E+03 -1.61841533E+03 
 -1.61761633E+03 -1.61787433E+03 -1.61790467E+03 -1.61753600E+03 -1.61723100E+03 -1.61674300E+03 -1.61691100E+03 -1.61734633E+03 -1.61635167E+03 -1.61643667E+03 
 -1.61653567E+03 -1.61595300E+03 -1.61595533E+03 -1.61575800E+03 -1.61572667E+03 -1.61554800E+03 -1.61535767E+03 -1.61552200E+03 -1.61529100E+03 -1.61422500E+03 
 -1.61466533E+03 -1.61479233E+03 -1.61443800E+03 -1.61403400E+03 -1.61383867E+03 -1.61302900E+03 -1.61298267E+03 -1.61283333E+03 -1.61300833E+03 -1.61329067E+03 
 -1.61304033E+03 -1.61270867E+03 -1.61251333E+03 -1.61322433E+03 -1.61291433E+03 -1.61270900E+03 -1.61285033E+03 -1.61256567E+03 -1.61223367E+03 -1.61219767E+03 
 -1.61228800E+03 -1.61192533E+03 -1.61191167E+03 -1.61176333E+03 -1.61134800E+03 -1.61134467E+03 -1.61057333E+03 -1.61046933E+03 -1.60989500E+03 -1.60959333E+03 
 -1.61015500E+03 -1.60982300E+03 -1.60973933E+03 -1.60945267E+03 -1.60885000E+03 -1.60905533E+03 -1.60893400E+03 -1.60948767E+03 -1.60942533E+03 -1.60907700E+03 
 -1.60837800E+03 -1.60828800E+03 -1.60844900E+03 -1.60777867E+03 -1.60779167E+03 -1.60780733E+03 -1.60753733E+03 -1.60694133E+03 -1.60694200E+03 -1.60655800E+03 
 -1.60627033E+03 -1.60572333E+03 -1.60591800E+03 -1.60541467E+03 -1.60579333E+03 -1.60504733E+03 -1.60484500E+03 -1.60476667E+03 -1.60451400E+03 -1.60500467E+03 
 -1.60521100E+03 -1.60470900E+03 -1.60430767E+03 -1.60478767E+03 -1.60370100E+03 -1.60301967E+03 -1.60429067E+03 -1.60437333E+03 -1.60336800E+03 -1.60299433E+03 
 -1.60250867E+03 -1.60215967E+03 -1.60170167E+03 -1.60095600E+03 -1.60178700E+03 -1.60132800E+03 -1.60044933E+03 -1.60017967E+03 -1.60028700E+03 -1.59987800E+03 
 -1.59982900E+03 -1.59967533E+03 -1.59956600E+03 -1.59884100E+03 -1.59867300E+03 -1.59873367E+03 -1.59847667E+03 -1.59803767E+03 -1.59796500E+03 -1.59804533E+03 
 -1.59826967E+03 -1.59734467E+03 -1.59777300E+03 -1.59628600E+03 -1.59543533E+03 -1.59542067E+03 -1.59507367E+03 -1.59481667E+03 -1.59440333E+03 -1.59489233E+03 
 -1.59391733E+03 -1.59362767E+03 -1.59355133E+03 -1.59327033E+03 -1.59319367E+03 -1.59230867E+03 -1.59140633E+03 -1.59069467E+03 -1.59037767E+03 -1.59076700E+03 
 -1.59014000E+03 -1.58981300E+03 -1.58928267E+03 -1.58880633E+03 -1.58873033E+03 -1.58805300E+03 -1.58746267E+03 -1.58718533E+03 -1.58657767E+03 -1.58625200E+03 
 -1.58633700E+03 -1.58675100E+03 -1.58531833E+03 -1.58519767E+03 -1.58461900E+03 -1.58343033E+03 -1.58322400E+03 -1.58202800E+03 -1.58191200E+03 -1.58244533E+03 
 -1.58219267E+03 -1.58081867E+03 -1.57951967E+03 -1.57906067E+03 -1.57917733E+03 -1.57856867E+03 -1.57826033E+03 -1.57842333E+03 -1.57712167E+03 -1.57680300E+03 
 -1.57682333E+03 -1.57579200E+03 -1.57560967E+03 -1.57449833E+03 -1.57399767E+03 -1.57321400E+03 -1.57370633E+03 -1.57275467E+03 -1.57202933E+03 -1.57154133E+03 
 -1.57062733E+03 -1.56959400E+03 -1.56909767E+03 -1.56831967E+03 -1.56795133E+03 -1.56688267E+03 -1.56722833E+03 -1.56679200E+03 -1.56617500E+03 -1.56598800E+03 
 -1.56592000E+03 -1.56533567E+03 -1.56479233E+03 -1.56458733E+03 -1.56400033E+03 -1.56360267E+03 -1.56376967E+03 -1.56267967E+03 -1.56235133E+03 -1.56260067E+03 
 -1.56207300E+03 -1.56110800E+03 -1.56136300E+03 -1.56116700E+03 -1.56072867E+03 -1.55998967E+03 -1.55874800E+03 -1.55748267E+03 -1.55701267E+03 -1.55595933E+03 
 -1.55405000E+03 -1.55349233E+03 -1.55220200E+03 -1.55082867E+03 -1.54950167E+03 -1.54891533E+03 -1.54741067E+03 -1.54602133E+03 -1.54576833E+03 -1.54534800E+03 
 -1.54465267E+03 -1.54398133E+03 -1.54282167E+03 -1.54135033E+03 -1.54018000E+03 -1.53854467E+03 -1.53829567E+03 -1.53810133E+03 -1.53656700E+03 -1.53512100E+03 
 -1.53335800E+03 -1.53198067E+03 -1.53112633E+03 -1.53002667E+03 -1.52763167E+03 -1.52671033E+03 -1.52562533E+03 -1.52450467E+03 -1.52382767E+03 -1.52360833E+03 
 -1.52229567E+03 -1.52030433E+03 -1.51912767E+03 -1.51734333E+03 -1.51527300E+03 -1.51360267E+03 -1.51185167E+03 -1.51080400E+03 -1.50905367E+03 -1.50651600E+03 
 -1.50462133E+03 -1.50347667E+03 -1.50252800E+03 -1.50134900E+03 -1.50051600E+03 -1.49857000E+03 -1.49730500E+03 -1.49610000E+03 -1.49484667E+03 -1.49354633E+03 
 -1.49273633E+03 -1.48940700E+03 -1.48698800E+03 -1.48475100E+03 -1.48377333E+03 -1.48199233E+03 -1.48127300E+03 -1.47941567E+03 -1.47830800E+03 -1.47747867E+03 
 -1.47591900E+03 -1.47360100E+03 -1.47205000E+03 -1.46974233E+03 -1.46721967E+03 -1.46556867E+03 -1.46391667E+03 -1.46227867E+03 -1.45969767E+03 -1.45775467E+03 
 -1.45452500E+03 -1.45177367E+03 -1.44951500E+03 -1.44782967E+03 -1.44559833E+03 -1.44223233E+03 -1.44068167E+03 -1.43795267E+03 -1.43549333E+03 -1.43451600E+03 
 -1.43224700E+03 -1.43007833E+03 -1.42677133E+03 -1.42395867E+03 -1.42174133E+03 -1.42027267E+03 -1.41750900E+03 -1.41521667E+03 -1.41155700E+03 -1.40987067E+03 
 -1.40809833E+03 -1.40455433E+03 -1.40107867E+03 -1.39912567E+03 -1.39715067E+03 -1.39361000E+03 -1.39145767E+03 -1.38760067E+03 -1.38544633E+03 -1.38213900E+03 
 -1.38007367E+03 -1.37471867E+03 -1.37089267E+03 -1.36831433E+03 -1.36451033E+03 -1.36045633E+03 -1.35618567E+03 -1.35317500E+03 -1.34887333E+03 -1.34535067E+03 
 -1.34131200E+03 -1.33627033E+03 -1.33144433E+03 -1.32776200E+03 -1.32485333E+03 -1.32073067E+03 -1.31635000E+03 -1.31243233E+03 -1.31021433E+03 -1.30635333E+03 
 -1.30204433E+03 -1.29693900E+03 -1.29201067E+03 -1.28813300E+03 -1.28312100E+03 -1.27838667E+03 -1.27468967E+03 -1.26933033E+03 -1.26531733E+03 -1.26214767E+03 
 -1.25793433E+03 -1.25167033E+03 -1.24610467E+03 -1.23977867E+03 -1.23390267E+03 -1.22945733E+03 -1.22469867E+03 -1.21911400E+03 -1.21412967E+03 -1.21060233E+03 
 -1.20520933E+03 -1.19729533E+03 -1.19148867E+03 -1.18531233E+03 -1.17954333E+03 -1.17350867E+03 -1.16738267E+03 -1.16031133E+03 -1.15687600E+03 -1.15171567E+03 
 -1.14673000E+03 -1.14019467E+03 -1.13363433E+03 -1.12618867E+03 -1.12238067E+03 -1.11597933E+03 -1.11094067E+03 -1.10595033E+03 -1.09862067E+03 -1.09392500E+03 
 -1.08659900E+03 -1.07951767E+03 -1.07204800E+03 -1.06395700E+03 -1.05685500E+03 -1.04718500E+03 -1.03961700E+03 -1.03084633E+03 -1.02448433E+03 -1.01775267E+03 
 -1.01262300E+03 -1.00446233E+03 -9.95911667E+02 -9.88077000E+02 -9.80994000E+02 -9.75407333E+02 -9.65527000E+02 -9.58221333E+02 -9.49820333E+02 -9.45079667E+02 
 -9.38411333E+02 -9.28747333E+02 -9.19200333E+02 -9.11712333E+02 -9.02455000E+02 -8.94749000E+02 -8.87894667E+02 -8.79342333E+02 -8.70829000E+02 -8.63624000E+02 
 -8.55498000E+02 -8.46539667E+02 -8.36667667E+02 -8.26530333E+02 -8.15610667E+02 -8.07098667E+02 -7.98426333E+02 -7.91028000E+02 -7.82182667E+02 -7.73594000E+02 
 -7.66123667E+02 -7.56208333E+02 -7.47793333E+02 -7.39051000E+02 -7.28008000E+02 -7.19760667E+02 -7.10241333E+02 -7.00762000E+02 -6.95322000E+02 -6.86473667E+02 
 -6.80344667E+02 -6.70435333E+02 -6.60345000E+02 -6.50697333E+02 -6.44726667E+02 -6.36094000E+02 -6.27452667E+02 -6.20654667E+02 -6.10411667E+02 -6.01590667E+02 
 -5.94991333E+02 -5.85362333E+02 -5.78571667E+02 -5.69500000E+02 -5.60610667E+02 -5.52756000E+02 -5.44353333E+02 -5.36575333E+02 -5.29721000E+02 -5.25089000E+02 
 -5.14670667E+02 -5.04370000E+02 -4.94763333E+02 -4.86196333E+02 -4.77015667E+02 -4.67692000E+02 -4.60042667E+02 -4.51750667E+02 -4.44570667E+02 -4.36494000E+02 
 -4.29921333E+02 -4.20931000E+02 -4.12256000E+02 -4.05038333E+02 -3.97557333E+02 -3.90509667E+02 -3.84115333E+02 -3.76073333E+02 -3.70509333E+02 -3.62764333E+02 
 -3.57480333E+02 -3.48867333E+02 -3.44206333E+02 -3.39399667E+02 -3.31553333E+02 -3.26798000E+02 -3.21146333E+02 -3.15805667E+02 -3.11361333E+02 -3.04040667E+02 
 -2.96926000E+02 -2.91803333E+02 -2.85220667E+02 -2.78608000E+02 -2.69718000E+02 -2.63039667E+02 -2.56394333E+02 -2.50248333E+02 -2.46787333E+02 -2.42355000E+02 
 -2.39054000E+02 -2.34563333E+02 -2.29631667E+02 -2.27065333E+02 -2.21547667E+02 -2.15517333E+02 -2.11375333E+02 -2.07710000E+02 -2.02676333E+02 -2.00014000E+02 
 -1.95889000E+02 -1.91353333E+02 -1.86157000E+02 -1.81977667E+02 -1.79775000E+02 -1.76448333E+02 -1.73049000E+02 -1.74560333E+02 -1.69848000E+02 -1.67026333E+02 
 -1.66494000E+02 -1.62650333E+02 -1.57743333E+02 -1.51664000E+02 -1.46530333E+02 -1.44601000E+02 -1.43142667E+02 -1.41023667E+02 -1.39508333E+02 -1.37783000E+02 
 -1.38671667E+02 -1.35982000E+02 -1.35197000E+02 -1.34274333E+02 -1.32797333E+02 -1.31302000E+02 -1.29315000E+02 -1.25972667E+02 -1.24731333E+02 -1.24868667E+02 
 -1.24624000E+02 -1.25021000E+02 -1.22209667E+02 -1.19313000E+02 -1.15388667E+02 -1.16067000E+02 -1.15743667E+02 -1.15016000E+02 -1.14356333E+02 -1.11962000E+02 
 -1.12561000E+02 -1.09532000E+02 -1.07125667E+02 -1.05091667E+02 -1.03364667E+02 -1.00047667E+02 -1.00227000E+02 -9.97153333E+01 -1.00193333E+02 -9.87416667E+01 
 -9.78573333E+01 -9.54476667E+01 -9.49093333E+01 -9.30686667E+01 -9.12403333E+01 -8.83773333E+01 -8.84120000E+01 -8.86610000E+01 -8.75803333E+01 -8.74686667E+01 
 -8.81250000E+01 -8.62036667E+01 -8.49176667E+01 -8.42250000E+01 -8.19383333E+01 -8.22880000E+01 -8.40043333E+01 -8.11830000E+01 -8.14226667E+01 -8.23663333E+01 
 -8.26506667E+01 -8.08023333E+01 -7.88653333E+01 -7.67976667E+01 -7.57073333E+01 -7.51500000E+01 -7.42586667E+01 -7.51463333E+01 -7.42113333E+01 -7.37653333E+01 
 -7.36863333E+01 -7.23140000E+01 -7.07593333E+01 -7.08396667E+01 -7.02796667E+01 -7.08260000E+01 -6.94596667E+01 -6.96600000E+01 -7.11923333E+01 -6.92363333E+01 
 -7.03823333E+01 -6.94170000E+01 -6.72576667E+01 -6.80256667E+01 -6.72870000E+01 -6.72780000E+01 -6.71330000E+01 -6.69560000E+01 -6.58523333E+01 -6.49733333E+01 
 -6.52496667E+01 -6.20980000E+01 -6.06643333E+01 -6.04513333E+01 -6.17263333E+01 -6.07640000E+01 -5.94796667E+01 -6.03126667E+01 -5.95210000E+01 -5.97433333E+01 
 -5.86220000E+01 -5.79186667E+01 -5.65200000E+01 -5.84330000E+01 -5.80566667E+01 -5.73286667E+01 -5.60050000E+01 -5.55420000E+01 -5.57420000E+01 -5.53343333E+01 
 -5.67220000E+01 -5.61803333E+01 -5.49510000E+01 -5.44626667E+01 -5.31646667E+01 -5.44680000E+01 -5.35860000E+01 -5.33740000E+01 -5.21340000E+01 -5.04866667E+01 
 -5.13816667E+01 -5.00546667E+01 -4.97673333E+01 -4.91906667E+01 -4.94496667E+01 -5.07880000E+01 -4.94943333E+01 -5.03450000E+01 -4.91276667E+01 -5.00913333E+01 
 -5.01456667E+01 -4.99073333E+01 -4.96516667E+01 -4.89523333E+01 -4.70543333E+01 -4.69770000E+01 -4.67770000E+01 -4.64580000E+01 -4.70590000E+01 -4.58136667E+01 
 -4.78990000E+01 -4.67373333E+01 -4.41443333E+01 -4.35606667E+01 -4.68616667E+01 -4.72876667E+01 -4.63293333E+01 -4.56120000E+01 -4.59460000E+01 -4.43326667E+01 
 -4.45686667E+01 -4.32360000E+01 -4.14746667E+01 -4.22463333E+01 -4.06816667E+01 -4.13503333E+01 -4.23473333E+01 -4.20966667E+01 -4.33943333E+01 -4.42463333E+01 
 -4.34643333E+01 -4.21836667E+01 -4.14140000E+01 -4.10073333E+01 -4.05740000E+01 -4.21160000E+01 -4.17493333E+01 -4.09066667E+01 -4.13290000E+01 -4.00230000E+01 
 -4.15446667E+01 -3.92103333E+01 -3.95136667E+01 -3.71623333E+01 -3.77690000E+01 -3.89063333E+01 -3.82610000E+01 -3.68466667E+01 -3.68146667E+01 -3.65423333E+01 
 -3.79256667E+01 -3.74360000E+01 -3.76730000E+01 -3.71333333E+01 -3.62746667E+01 -3.79213333E+01 -3.77810000E+01 -3.76983333E+01 -3.67740000E+01 -3.80330000E+01 
 -3.63933333E+01 -3.60403333E+01 -3.40160000E+01 -3.33400000E+01 -3.30193333E+01 -3.39890000E+01 -3.43430000E+01 -3.44586667E+01 -3.43323333E+01 -3.50110000E+01 
 -3.47496667E+01 -3.33833333E+01 -3.42863333E+01 -3.25140000E+01 -3.22420000E+01 -3.21163333E+01 -3.42830000E+01 -3.25030000E+01 -3.32306667E+01 -3.23670000E+01 
 -3.15820000E+01 -3.10293333E+01 -3.00760000E+01 -3.10300000E+01 -3.10753333E+01 -3.11583333E+01 -3.10480000E+01 -3.20370000E+01 -3.18343333E+01 -3.15003333E+01 
 -3.14466667E+01 -2.95776667E+01 -3.07536667E+01 -2.84943333E+01 -2.97990000E+01 -2.95513333E+01 -2.89246667E+01 -3.07673333E+01 -3.05170000E+01 -3.08973333E+01 
 -3.00123333E+01 -2.94033333E+01 -2.95356667E+01 -2.88926667E+01 -2.86673333E+01 -2.86260000E+01 -2.84056667E+01 -2.90543333E+01 -2.90000000E+01 -2.82670000E+01 
 -2.77303333E+01 -2.82216667E+01 -2.81850000E+01 -2.70700000E+01 -2.68800000E+01 -2.76973333E+01 -2.74160000E+01 -2.88333333E+01 -2.82053333E+01 -2.79906667E+01 
 -2.77326667E+01 -2.56010000E+01 -2.49003333E+01 -2.69086667E+01 -2.82233333E+01 -2.84606667E+01 -2.73013333E+01 -2.73326667E+01 -2.65573333E+01 -2.66653333E+01 
