  0.00000000E+00 -6.90030000E+01 -8.14206667E+01 -8.97906667E+01 -9.70963333E+01 -1.00968333E+02 -1.04064333E+02 -1.05821333E+02 -1.07717333E+02 -1.07572667E+02 -1.07816333E+02 -1.09020000E+02 -1.10518000E+02 -1.10355000E+02 -1.11101333E+02 -1.08764333E+02 -1.09159667E+02 -1.10737333E+02 -1.11047000E+02 -1.11844333E+02 -1.12067333E+02 -1.08342333E+02 -1.09272000E+02 -1.10490667E+02 -1.13830667E+02 
 -1.13123000E+02 -1.12545667E+02 -1.13552333E+02 -1.13009333E+02 -1.13106000E+02 -1.12544333E+02 -1.13589000E+02 -1.14985333E+02 -1.16859667E+02 -1.17575333E+02 -1.16561333E+02 -1.14660000E+02 -1.17240333E+02 -1.16524333E+02 -1.17211333E+02 -1.16141000E+02 -1.15456000E+02 -1.15931000E+02 -1.16014667E+02 -1.17365000E+02 -1.19592333E+02 -1.16958000E+02 -1.17079333E+02 -1.16449333E+02 -1.18776333E+02 
 -1.16735667E+02 -1.18651333E+02 -1.22562333E+02 -1.19735000E+02 -1.21146667E+02 -1.21712333E+02 -1.21754667E+02 -1.21136667E+02 -1.21405000E+02 -1.23374333E+02 -1.21617333E+02 -1.23698667E+02 -1.22320000E+02 -1.21733000E+02 -1.20585000E+02 -1.21366333E+02 -1.20439000E+02 -1.21497000E+02 -1.22542667E+02 -1.22580667E+02 -1.22040000E+02 -1.20949333E+02 -1.21820667E+02 -1.21146000E+02 -1.20840000E+02 
 -1.19621667E+02 -1.22105000E+02 -1.25310667E+02 -1.24414333E+02 -1.21669333E+02 -1.23228667E+02 -1.25100333E+02 -1.24788000E+02 -1.25516667E+02 -1.24572333E+02 -1.24153000E+02 -1.24359333E+02 -1.22090667E+02 -1.21702667E+02 -1.22725333E+02 -1.25687667E+02 -1.22250667E+02 -1.24216333E+02 -1.23606667E+02 -1.26960667E+02 -1.28528333E+02 -1.25548667E+02 -1.23839667E+02 -1.24752667E+02 -1.26158333E+02 
 -1.24507000E+02 -1.26087667E+02 -1.26135333E+02 -1.27147333E+02 -1.27618333E+02 -1.29269667E+02 -1.29741667E+02 -1.30497000E+02 -1.31007000E+02 -1.29983333E+02 -1.30838667E+02 -1.30628667E+02 -1.29826667E+02 -1.29445333E+02 -1.31223667E+02 -1.30773333E+02 -1.32729000E+02 -1.29297333E+02 -1.30331000E+02 -1.29540000E+02 -1.30459000E+02 -1.32773333E+02 -1.32842333E+02 -1.33590000E+02 -1.32819667E+02 
 -1.33522000E+02 -1.36150000E+02 -1.35375333E+02 -1.36417667E+02 -1.35161667E+02 -1.36113000E+02 -1.36163333E+02 -1.37405000E+02 -1.37400000E+02 -1.37952333E+02 -1.37429333E+02 -1.37198667E+02 -1.37163000E+02 -1.38206000E+02 -1.37640333E+02 -1.40708667E+02 -1.39059000E+02 -1.40247667E+02 -1.39902667E+02 -1.41506333E+02 -1.38044667E+02 -1.36919667E+02 -1.40724000E+02 -1.40290667E+02 -1.39063667E+02 
 -1.38062333E+02 -1.39529333E+02 -1.40006667E+02 -1.42463000E+02 -1.41017333E+02 -1.42862667E+02 -1.44407667E+02 -1.45640333E+02 -1.45422667E+02 -1.44201333E+02 -1.43036333E+02 -1.44370000E+02 -1.44075667E+02 -1.44446333E+02 -1.44037333E+02 -1.42200667E+02 -1.43758333E+02 -1.41367667E+02 -1.43517333E+02 -1.41936333E+02 -1.42140667E+02 -1.43524333E+02 -1.43200667E+02 -1.41952667E+02 -1.42111000E+02 
 -1.44955333E+02 -1.47145667E+02 -1.45107000E+02 -1.47954000E+02 -1.47521000E+02 -1.47811667E+02 -1.49875333E+02 -1.53416667E+02 -1.50043000E+02 -1.52452667E+02 -1.52619333E+02 -1.52483333E+02 -1.52403667E+02 -1.52872667E+02 -1.51601667E+02 -1.53072333E+02 -1.52993000E+02 -1.52596667E+02 -1.51830000E+02 -1.52945333E+02 -1.51314667E+02 -1.53493667E+02 -1.53622000E+02 -1.51121333E+02 -1.53971333E+02 
 -1.54666000E+02 -1.58515000E+02 -1.59112333E+02 -1.58853333E+02 -1.59027667E+02 -1.59087333E+02 -1.61301667E+02 -1.59546333E+02 -1.59842667E+02 -1.59992333E+02 -1.57266333E+02 -1.56806667E+02 -1.57835333E+02 -1.58578667E+02 -1.58504000E+02 -1.59841000E+02 -1.59946667E+02 -1.59634333E+02 -1.59603000E+02 -1.60825333E+02 -1.59685000E+02 -1.55894333E+02 -1.55243000E+02 -1.56476333E+02 -1.57032667E+02 
 -1.56586667E+02 -1.59225000E+02 -1.60252333E+02 -1.63154667E+02 -1.64918000E+02 -1.64147333E+02 -1.67125667E+02 -1.66825667E+02 -1.68087667E+02 -1.69435667E+02 -1.68733000E+02 -1.68803667E+02 -1.67692667E+02 -1.68255667E+02 -1.68216333E+02 -1.70346667E+02 -1.69019333E+02 -1.68651667E+02 -1.67641333E+02 -1.67924000E+02 -1.68028333E+02 -1.69229333E+02 -1.71115667E+02 -1.70383667E+02 -1.70427333E+02 
 -1.68853667E+02 -1.72291000E+02 -1.72912333E+02 -1.75308000E+02 -1.74982667E+02 -1.77193000E+02 -1.75867000E+02 -1.77639000E+02 -1.77407000E+02 -1.77463000E+02 -1.79134667E+02 -1.77458333E+02 -1.78342000E+02 -1.77394333E+02 -1.76118000E+02 -1.79188667E+02 -1.76209667E+02 -1.76228333E+02 -1.75522000E+02 -1.74862667E+02 -1.77648333E+02 -1.76285000E+02 -1.75646333E+02 -1.74822333E+02 -1.74024667E+02 
 -1.74060667E+02 -1.75931667E+02 -1.76832000E+02 -1.79165333E+02 -1.80481333E+02 -1.80569000E+02 -1.79437333E+02 -1.78850000E+02 -1.81840667E+02 -1.84669667E+02 -1.83000333E+02 -1.85527000E+02 -1.84496667E+02 -1.82565000E+02 -1.84117000E+02 -1.85057667E+02 -1.83120667E+02 -1.84845333E+02 -1.84970667E+02 -1.83518667E+02 -1.83940667E+02 -1.84153333E+02 -1.86250000E+02 -1.86486000E+02 -1.86129333E+02 
 -1.88291000E+02 -1.90382667E+02 -1.88089000E+02 -1.87869000E+02 -1.90853000E+02 -1.90986000E+02 -1.92605000E+02 -1.94503000E+02 -1.93004667E+02 -1.94316000E+02 -1.96885000E+02 -2.00631667E+02 -1.98217667E+02 -1.99286333E+02 -1.98602667E+02 -2.00046667E+02 -1.98866000E+02 -1.99842333E+02 -1.98668333E+02 -1.98798000E+02 -1.98971000E+02 -1.99574000E+02 -1.99842333E+02 -2.01742000E+02 -1.99407667E+02 
 -1.99123333E+02 -2.01316000E+02 -2.02064333E+02 -2.03170000E+02 -2.04491000E+02 -2.04699000E+02 -2.03709667E+02 -2.06375333E+02 -2.07554667E+02 -2.07046000E+02 -2.07557000E+02 -2.08027667E+02 -2.07716333E+02 -2.07918667E+02 -2.09673333E+02 -2.11089333E+02 -2.08761000E+02 -2.08074667E+02 -2.06333000E+02 -2.06333333E+02 -2.07336333E+02 -2.07617000E+02 -2.08289000E+02 -2.08227000E+02 -2.11082333E+02 
 -2.11041667E+02 -2.11733000E+02 -2.11493667E+02 -2.13229000E+02 -2.14008667E+02 -2.16228333E+02 -2.19359667E+02 -2.17809000E+02 -2.18015000E+02 -2.21863667E+02 -2.22169333E+02 -2.22035333E+02 -2.23599000E+02 -2.22135333E+02 -2.21229667E+02 -2.26411333E+02 -2.25434667E+02 -2.26559333E+02 -2.27329000E+02 -2.27843000E+02 -2.25843000E+02 -2.23966667E+02 -2.24110333E+02 -2.24877667E+02 -2.22608667E+02 
 -2.22783333E+02 -2.26281667E+02 -2.28107333E+02 -2.30985000E+02 -2.29307333E+02 -2.30432667E+02 -2.31726333E+02 -2.30746000E+02 -2.29903333E+02 -2.29700000E+02 -2.30576000E+02 -2.31804333E+02 -2.30948333E+02 -2.30172000E+02 -2.32308000E+02 -2.33406667E+02 -2.34313000E+02 -2.32570667E+02 -2.33658667E+02 -2.34565000E+02 -2.36822667E+02 -2.35342000E+02 -2.38615333E+02 -2.36445333E+02 -2.36781333E+02 
 -2.37427000E+02 -2.38125667E+02 -2.38807000E+02 -2.39390000E+02 -2.40645667E+02 -2.41898667E+02 -2.42096000E+02 -2.44043333E+02 -2.45515333E+02 -2.47175667E+02 -2.46107667E+02 -2.47981333E+02 -2.50694333E+02 -2.50183000E+02 -2.48692667E+02 -2.48468667E+02 -2.48260667E+02 -2.47923667E+02 -2.50370333E+02 -2.50685667E+02 -2.49871667E+02 -2.51889667E+02 -2.51489333E+02 -2.53502667E+02 -2.53938333E+02 
 -2.53567667E+02 -2.57686667E+02 -2.58092333E+02 -2.59030667E+02 -2.59309000E+02 -2.63008333E+02 -2.62376333E+02 -2.62624333E+02 -2.64038000E+02 -2.63729000E+02 -2.65709333E+02 -2.65105667E+02 -2.64711333E+02 -2.68011000E+02 -2.66464667E+02 -2.66720333E+02 -2.67298667E+02 -2.67407333E+02 -2.69461000E+02 -2.69538000E+02 -2.69989667E+02 -2.72036000E+02 -2.70802000E+02 -2.69716333E+02 -2.71349000E+02 
 -2.72338333E+02 -2.72644333E+02 -2.72685000E+02 -2.74034000E+02 -2.76524000E+02 -2.78340000E+02 -2.80403333E+02 -2.78935333E+02 -2.80801667E+02 -2.80270667E+02 -2.81915667E+02 -2.84433667E+02 -2.85302667E+02 -2.87538667E+02 -2.87740667E+02 -2.88538000E+02 -2.90308667E+02 -2.88068667E+02 -2.89234667E+02 -2.87351000E+02 -2.89704333E+02 -2.91110000E+02 -2.90535667E+02 -2.91468333E+02 -2.93118000E+02 
 -2.90340333E+02 -2.93662000E+02 -2.97955667E+02 -3.00345333E+02 -3.03508667E+02 -3.05621000E+02 -3.04633000E+02 -3.06290000E+02 -3.08768333E+02 -3.07543333E+02 -3.08644333E+02 -3.08904667E+02 -3.10107000E+02 -3.11203000E+02 -3.10593667E+02 -3.12030667E+02 -3.11216000E+02 -3.12512000E+02 -3.11653000E+02 -3.10499000E+02 -3.08860333E+02 -3.09650000E+02 -3.10008000E+02 -3.09255667E+02 -3.12489000E+02 
 -3.12048667E+02 -3.14883667E+02 -3.17002333E+02 -3.19141000E+02 -3.21194333E+02 -3.22452000E+02 -3.22258333E+02 -3.24187667E+02 -3.26944000E+02 -3.29724000E+02 -3.32116000E+02 -3.33161333E+02 -3.34332333E+02 -3.35011000E+02 -3.34404000E+02 -3.35105667E+02 -3.33027667E+02 -3.33359000E+02 -3.34846333E+02 -3.33139333E+02 -3.33357000E+02 -3.33535000E+02 -3.32845333E+02 -3.34978000E+02 -3.36095333E+02 
 -3.36139333E+02 -3.38565000E+02 -3.41458333E+02 -3.41620667E+02 -3.44274667E+02 -3.43158333E+02 -3.48776333E+02 -3.47952667E+02 -3.48867333E+02 -3.51328667E+02 -3.49977000E+02 -3.52641667E+02 -3.57000333E+02 -3.54765667E+02 -3.54912667E+02 -3.55876667E+02 -3.56713000E+02 -3.59677333E+02 -3.62734667E+02 -3.63850667E+02 -3.63328333E+02 -3.65844000E+02 -3.66630000E+02 -3.73257667E+02 -3.73076000E+02 
 -3.71558667E+02 -3.73134667E+02 -3.71457333E+02 -3.74940000E+02 -3.77562667E+02 -3.79299333E+02 -3.82349667E+02 -3.83039333E+02 -3.84795667E+02 -3.86089667E+02 -3.87519667E+02 -3.87325000E+02 -3.87172000E+02 -3.89295333E+02 -3.89562000E+02 -3.92401000E+02 -3.96349333E+02 -3.96587667E+02 -3.98066000E+02 -3.97104667E+02 -3.95812667E+02 -3.96722333E+02 -3.96802000E+02 -3.97967333E+02 -3.96550333E+02 
 -3.98146333E+02 -4.00263667E+02 -4.01371000E+02 -4.06568667E+02 -4.09508000E+02 -4.09972000E+02 -4.10716667E+02 -4.12971000E+02 -4.14256667E+02 -4.16509000E+02 -4.17487000E+02 -4.18472000E+02 -4.17724667E+02 -4.17788333E+02 -4.17655667E+02 -4.19459333E+02 -4.16631000E+02 -4.20285000E+02 -4.20359000E+02 -4.21846667E+02 -4.21867000E+02 -4.23833333E+02 -4.23476000E+02 -4.23909333E+02 -4.25194667E+02 
 -4.28539000E+02 -4.31505667E+02 -4.33327667E+02 -4.36350333E+02 -4.38764667E+02 -4.39125667E+02 -4.40853333E+02 -4.43658000E+02 -4.46467667E+02 -4.47548000E+02 -4.48061333E+02 -4.52116667E+02 -4.52539667E+02 -4.54418667E+02 -4.55377333E+02 -4.54855333E+02 -4.56311000E+02 -4.56291000E+02 -4.58527333E+02 -4.62335333E+02 -4.67062000E+02 -4.67062000E+02 -4.69325667E+02 -4.67167333E+02 -4.70431333E+02 
 -4.69942333E+02 -4.74812000E+02 -4.80174000E+02 -4.81390667E+02 -4.84691667E+02 -4.86790667E+02 -4.86524667E+02 -4.87996667E+02 -4.90843333E+02 -4.91182333E+02 -4.94148000E+02 -4.95874000E+02 -4.95887333E+02 -5.00221333E+02 -5.02817000E+02 -5.04410667E+02 -5.05391333E+02 -5.06562667E+02 -5.09582000E+02 -5.09618667E+02 -5.11780667E+02 -5.13656667E+02 -5.14065667E+02 -5.13910000E+02 -5.12285667E+02 
 -5.16230000E+02 -5.21442333E+02 -5.24989333E+02 -5.26326667E+02 -5.26905667E+02 -5.29070333E+02 -5.32095000E+02 -5.34108333E+02 -5.38498667E+02 -5.37072667E+02 -5.38830667E+02 -5.39668667E+02 -5.38702667E+02 -5.43715000E+02 -5.46633000E+02 -5.46771333E+02 -5.48484333E+02 -5.52357000E+02 -5.56318000E+02 -5.62088667E+02 -5.62839667E+02 -5.64452333E+02 -5.62366667E+02 -5.64126667E+02 -5.63378000E+02 
 -5.64506333E+02 -5.70651333E+02 -5.70273667E+02 -5.72932000E+02 -5.73673000E+02 -5.77690000E+02 -5.80935667E+02 -5.84300000E+02 -5.86678000E+02 -5.89546667E+02 -5.92550667E+02 -5.96190333E+02 -5.95763000E+02 -5.95567333E+02 -5.97635667E+02 -5.98361000E+02 -5.97739667E+02 -5.99230667E+02 -5.99149000E+02 -5.98650667E+02 -5.98756333E+02 -6.02156667E+02 -6.03156667E+02 -6.03099000E+02 -6.04361000E+02 
 -6.05953333E+02 -6.10750000E+02 -6.15219000E+02 -6.18795667E+02 -6.22663000E+02 -6.26031333E+02 -6.30343333E+02 -6.34350667E+02 -6.38591000E+02 -6.39696000E+02 -6.45197333E+02 -6.50270000E+02 -6.50457000E+02 -6.53527333E+02 -6.54633333E+02 -6.56556000E+02 -6.58402000E+02 -6.60899333E+02 -6.64006000E+02 -6.65599333E+02 -6.66192667E+02 -6.68852333E+02 -6.69756000E+02 -6.71248667E+02 -6.70929667E+02 
 -6.73599667E+02 -6.78512333E+02 -6.84650333E+02 -6.87608333E+02 -6.90108333E+02 -6.95265333E+02 -6.97475333E+02 -7.00628333E+02 -6.99172000E+02 -7.01288333E+02 -7.05334333E+02 -7.11128333E+02 -7.13979000E+02 -7.15843333E+02 -7.19625333E+02 -7.20863000E+02 -7.21591667E+02 -7.26653000E+02 -7.29568667E+02 -7.32812667E+02 -7.36725667E+02 -7.39462000E+02 -7.38926000E+02 -7.40588000E+02 -7.42130000E+02 
 -7.44059000E+02 -7.46616667E+02 -7.48273667E+02 -7.53067667E+02 -7.57445000E+02 -7.61823333E+02 -7.64421000E+02 -7.66255000E+02 -7.71186667E+02 -7.74193000E+02 -7.77588667E+02 -7.79013000E+02 -7.80068000E+02 -7.82585667E+02 -7.85205333E+02 -7.88950000E+02 -7.92671333E+02 -7.93985000E+02 -7.99390333E+02 -8.00342333E+02 -8.04513000E+02 -8.06983000E+02 -8.12000333E+02 -8.15840333E+02 -8.17918333E+02 
 -8.20454667E+02 -8.24909000E+02 -8.29544333E+02 -8.31936333E+02 -8.34088667E+02 -8.36723333E+02 -8.41846667E+02 -8.44657000E+02 -8.47671000E+02 -8.51031333E+02 -8.55122333E+02 -8.55618667E+02 -8.58597667E+02 -8.61096333E+02 -8.65020333E+02 -8.68936000E+02 -8.69751000E+02 -8.72873667E+02 -8.79664000E+02 -8.80533333E+02 -8.84793333E+02 -8.87136000E+02 -8.89471333E+02 -8.89961000E+02 -8.89712667E+02 
 -8.97748667E+02 -9.00012000E+02 -9.06896333E+02 -9.09299667E+02 -9.16092667E+02 -9.18095000E+02 -9.22327333E+02 -9.31086333E+02 -9.34263333E+02 -9.37507667E+02 -9.43718000E+02 -9.47989667E+02 -9.53675667E+02 -9.59310667E+02 -9.62411667E+02 -9.67107667E+02 -9.72322000E+02 -9.76192333E+02 -9.78042667E+02 -9.83016333E+02 -9.83872667E+02 -9.88807000E+02 -9.90523000E+02 -9.93627667E+02 -9.96304000E+02 
 -9.99657000E+02 -1.00645500E+03 -1.01193267E+03 -1.01695333E+03 -1.01791200E+03 -1.02536867E+03 -1.02756467E+03 -1.03375833E+03 -1.03693700E+03 -1.04115833E+03 -1.04725600E+03 -1.05301733E+03 -1.05899333E+03 -1.06653733E+03 -1.06890433E+03 -1.07378067E+03 -1.08035967E+03 -1.08362533E+03 -1.08692467E+03 -1.09149633E+03 -1.09342433E+03 -1.09713333E+03 -1.10055100E+03 -1.10658967E+03 -1.11207967E+03 
 -1.11640967E+03 -1.12266767E+03 -1.12960233E+03 -1.13438467E+03 -1.14100067E+03 -1.14852333E+03 -1.15425500E+03 -1.15739933E+03 -1.16440267E+03 -1.16537467E+03 -1.17196067E+03 -1.17628833E+03 -1.18205333E+03 -1.19136300E+03 -1.19806000E+03 -1.20211667E+03 -1.20564533E+03 -1.21007133E+03 -1.21275367E+03 -1.21333300E+03 -1.21879933E+03 -1.22369367E+03 -1.23245833E+03 -1.23764067E+03 -1.24382867E+03 
 -1.24480800E+03 -1.25415300E+03 -1.25907533E+03 -1.26453667E+03 -1.27205733E+03 -1.27599800E+03 -1.28129700E+03 -1.28647000E+03 -1.29668967E+03 -1.30348300E+03 -1.30828900E+03 -1.31630533E+03 -1.32222067E+03 -1.32331233E+03 -1.32786933E+03 -1.33299567E+03 -1.34165900E+03 -1.35020433E+03 -1.35452333E+03 -1.35717867E+03 -1.36203500E+03 -1.36913300E+03 -1.37099667E+03 -1.37516233E+03 -1.38221900E+03 
 -1.38625900E+03 -1.39225533E+03 -1.39889500E+03 -1.40401700E+03 -1.41086233E+03 -1.41757700E+03 -1.42418033E+03 -1.42778067E+03 -1.43516833E+03 -1.43926500E+03 -1.44522500E+03 -1.45040000E+03 -1.45552667E+03 -1.46248600E+03 -1.46628400E+03 -1.47299267E+03 -1.48025000E+03 -1.48585067E+03 -1.49435700E+03 -1.50016400E+03 -1.50609033E+03 -1.51319800E+03 -1.51749867E+03 -1.52262100E+03 -1.52626633E+03 
 -1.53253200E+03 -1.54378600E+03 -1.55388167E+03 -1.56005733E+03 -1.56628867E+03 -1.57251100E+03 -1.57852800E+03 -1.58465533E+03 -1.59089967E+03 -1.59871267E+03 -1.60415533E+03 -1.61264667E+03 -1.62027300E+03 -1.62654833E+03 -1.63568767E+03 -1.64116200E+03 -1.64794267E+03 -1.65721733E+03 -1.66288833E+03 -1.66690933E+03 -1.67096067E+03 -1.68130533E+03 -1.68859367E+03 -1.69486167E+03 -1.70341300E+03 
 -1.71028433E+03 -1.72042867E+03 -1.73141200E+03 -1.73776667E+03 -1.74766833E+03 -1.75669800E+03 -1.76410467E+03 -1.77070533E+03 -1.77798200E+03 -1.78734267E+03 -1.79561867E+03 -1.80410767E+03 -1.81112800E+03 -1.81828800E+03 -1.82231200E+03 -1.82824367E+03 -1.83505767E+03 -1.84174533E+03 -1.84891933E+03 -1.85436700E+03 -1.86212467E+03 -1.87075933E+03 -1.87770433E+03 -1.88370233E+03 -1.89199167E+03 
 -1.89787133E+03 -1.91004400E+03 -1.92047067E+03 -1.93093800E+03 -1.93749400E+03 -1.94782367E+03 -1.95537133E+03 -1.96381100E+03 -1.97148900E+03 -1.98043400E+03 -1.98849633E+03 -1.99594300E+03 -2.00361633E+03 -2.01174433E+03 -2.02091467E+03 -2.02762367E+03 -2.03699500E+03 -2.04641833E+03 -2.05660767E+03 -2.06417833E+03 -2.07469700E+03 -2.07828000E+03 -2.08583100E+03 -2.09128533E+03 -2.10049733E+03 
 -2.10763333E+03 -2.11775133E+03 -2.12513833E+03 -2.13471100E+03 -2.14399233E+03 -2.15495600E+03 -2.16692100E+03 -2.17389067E+03 -2.18487767E+03 -2.19525967E+03 -2.20493400E+03 -2.21199000E+03 -2.22321133E+03 -2.23246900E+03 -2.24311400E+03 -2.25329000E+03 -2.25909600E+03 -2.26683200E+03 -2.27328667E+03 -2.28170700E+03 -2.28598167E+03 -2.29466700E+03 -2.30019967E+03 -2.30944100E+03 -2.31594633E+03 
 -2.32226800E+03 -2.33145533E+03 -2.33955867E+03 -2.35002533E+03 -2.35914767E+03 -2.36705567E+03 -2.37599233E+03 -2.38634400E+03 -2.39679400E+03 -2.40539700E+03 -2.41763900E+03 -2.42531533E+03 -2.43476667E+03 -2.44509267E+03 -2.45629233E+03 -2.46596333E+03 -2.47652033E+03 -2.48704533E+03 -2.49619567E+03 -2.50426333E+03 -2.51161267E+03 -2.52053233E+03 -2.52801133E+03 -2.53823967E+03 -2.54882400E+03 
 -2.55902200E+03 -2.57011300E+03 -2.58052933E+03 -2.58944533E+03 -2.59866067E+03 -2.61026600E+03 -2.61915200E+03 -2.62882833E+03 -2.63934067E+03 -2.64907767E+03 -2.65669833E+03 -2.66641333E+03 -2.67606833E+03 -2.68582900E+03 -2.69588000E+03 -2.70699467E+03 -2.71617900E+03 -2.72345800E+03 -2.73400267E+03 -2.74193700E+03 -2.75343233E+03 -2.76272967E+03 -2.77233833E+03 -2.78366033E+03 -2.79178333E+03 
 -2.79983800E+03 -2.80883567E+03 -2.82216233E+03 -2.83234167E+03 -2.84559400E+03 -2.85536833E+03 -2.86774967E+03 -2.87907967E+03 -2.88961800E+03 -2.90074833E+03 -2.91141400E+03 -2.92362033E+03 -2.93478367E+03 -2.94103067E+03 -2.95344333E+03 -2.96124167E+03 -2.97008933E+03 -2.98348067E+03 -2.99240933E+03 -3.00442833E+03 -3.01136833E+03 -3.02456567E+03 -3.03510067E+03 -3.04518333E+03 -3.05384900E+03 
 -3.06523400E+03 -3.07876500E+03 -3.08933167E+03 -3.10104233E+03 -3.11333367E+03 -3.12195567E+03 -3.13242000E+03 -3.14167600E+03 -3.15283033E+03 -3.16158933E+03 -3.17486800E+03 -3.18172167E+03 -3.19342233E+03 -3.20286133E+03 -3.21375800E+03 -3.22374400E+03 -3.23397667E+03 -3.24440767E+03 -3.25449967E+03 -3.26581500E+03 -3.27471500E+03 -3.28525033E+03 -3.29642867E+03 -3.30420700E+03 -3.31522300E+03 
 -3.32173667E+03 -3.33097400E+03 -3.34354933E+03 -3.35421600E+03 -3.36384900E+03 -3.37830133E+03 -3.39075333E+03 -3.40073633E+03 -3.41415100E+03 -3.42540900E+03 -3.43700900E+03 -3.44999133E+03 -3.46049733E+03 -3.47004133E+03 -3.47744533E+03 -3.48991833E+03 -3.49971233E+03 -3.51331867E+03 -3.52511567E+03 -3.53581200E+03 -3.54662800E+03 -3.55674700E+03 -3.56776667E+03 -3.58138233E+03 -3.58872133E+03 
 -3.60291733E+03 -3.61538367E+03 -3.62747833E+03 -3.63947733E+03 -3.65077700E+03 -3.66324333E+03 -3.67608133E+03 -3.68889867E+03 -3.70174367E+03 -3.71089800E+03 -3.72251867E+03 -3.72974867E+03 -3.74177233E+03 -3.75294900E+03 -3.76431433E+03 -3.77702933E+03 -3.78687067E+03 -3.79758533E+03 -3.80672433E+03 -3.81574067E+03 -3.82704833E+03 -3.83751300E+03 -3.84710667E+03 -3.85665133E+03 -3.86914633E+03 
 -3.87628167E+03 -3.89065967E+03 -3.90272633E+03 -3.91617900E+03 -3.92756533E+03 -3.93645100E+03 -3.94563333E+03 -3.95748167E+03 -3.96925967E+03 -3.98114067E+03 -3.99333900E+03 -4.00286233E+03 -4.01383900E+03 -4.02183433E+03 -4.03420567E+03 -4.04159900E+03 -4.05324767E+03 -4.06415867E+03 -4.07251467E+03 -4.08200100E+03 -4.09382100E+03 -4.10596333E+03 -4.11510467E+03 -4.12564900E+03 -4.13410533E+03 
 -4.14462800E+03 -4.15255900E+03 -4.15874400E+03 -4.16887800E+03 -4.17812800E+03 -4.18652900E+03 -4.19630333E+03 -4.20321567E+03 -4.21180967E+03 -4.21912067E+03 -4.22791600E+03 -4.23492633E+03 -4.24173267E+03 -4.24923000E+03 -4.25689300E+03 -4.26421667E+03 -4.27158733E+03 -4.27910033E+03 -4.28439267E+03 -4.29327767E+03 -4.30102600E+03 -4.30948067E+03 -4.31768433E+03 -4.32320467E+03 -4.33271200E+03 
 -4.33957767E+03 -4.34412367E+03 -4.34782867E+03 -4.35064367E+03 -4.35815767E+03 -4.36305433E+03 -4.36923133E+03 -4.37492200E+03 -4.37961533E+03 -4.38432933E+03 -4.38889700E+03 -4.39518567E+03 -4.40215100E+03 -4.40652067E+03 -4.41300200E+03 -4.41602333E+03 -4.42238933E+03 -4.42793800E+03 -4.43282000E+03 -4.43855233E+03 -4.44319500E+03 -4.44799867E+03 -4.45274500E+03 -4.45993033E+03 -4.46419433E+03 
 -4.47195467E+03 -4.47083367E+03 -4.47205700E+03 -4.47451067E+03 -4.47830667E+03 -4.48096133E+03 -4.48574300E+03 -4.48899200E+03 -4.49197133E+03 -4.49532133E+03 -4.49949700E+03 -4.50525900E+03 -4.50653767E+03 -4.50839767E+03 -4.51202500E+03 -4.51652900E+03 -4.52010800E+03 -4.52309133E+03 -4.52610967E+03 -4.52946700E+03 -4.53278167E+03 -4.53249333E+03 -4.53459267E+03 -4.53890133E+03 -4.54156500E+03 
 -4.54445167E+03 -4.54307600E+03 -4.54248600E+03 -4.54201000E+03 -4.54329200E+03 -4.54611700E+03 -4.54847867E+03 -4.54777733E+03 -4.54926567E+03 -4.54962433E+03 -4.54939600E+03 -4.55276367E+03 -4.55368600E+03 -4.55526433E+03 -4.55512267E+03 -4.55646633E+03 -4.55575100E+03 -4.55608733E+03 -4.55504167E+03 -4.55433833E+03 -4.55095333E+03 -4.55076200E+03 -4.55322367E+03 -4.55602600E+03 -4.55649333E+03 
 -4.55661767E+03 -4.55539000E+03 -4.55448933E+03 -4.55638333E+03 -4.55505700E+03 -4.55382800E+03 -4.55068433E+03 -4.54995300E+03 -4.54913333E+03 -4.54871833E+03 -4.54672667E+03 -4.54446233E+03 -4.54085033E+03 -4.54045300E+03 -4.53973233E+03 -4.53920567E+03 -4.53963033E+03 -4.53752833E+03 -4.53587933E+03 -4.53258033E+03 -4.53020000E+03 -4.52990800E+03 -4.52784367E+03 -4.52577167E+03 -4.52504267E+03 
 -4.52495933E+03 -4.51920233E+03 -4.51764567E+03 -4.51420833E+03 -4.51272333E+03 -4.51047500E+03 -4.50722733E+03 -4.50565167E+03 -4.50167333E+03 -4.49934300E+03 -4.49558200E+03 -4.49012833E+03 -4.48653800E+03 -4.48395233E+03 -4.48174133E+03 -4.47745333E+03 -4.47675467E+03 -4.47303733E+03 -4.46971133E+03 -4.46631267E+03 -4.46213733E+03 -4.45904033E+03 -4.45484133E+03 -4.45179133E+03 -4.44947867E+03 
 -4.44626633E+03 -4.44130700E+03 -4.43607400E+03 -4.43142200E+03 -4.42890333E+03 -4.42363933E+03 -4.41747467E+03 -4.41372500E+03 -4.41123567E+03 -4.40501500E+03 -4.40137400E+03 -4.39449667E+03 -4.39241400E+03 -4.38662867E+03 -4.38390233E+03 -4.37850567E+03 -4.37468100E+03 -4.37012100E+03 -4.36546833E+03 -4.36174800E+03 -4.35617033E+03 -4.35137633E+03 -4.34759867E+03 -4.34257867E+03 -4.33976000E+03 
 -4.33477133E+03 -4.32708833E+03 -4.31998800E+03 -4.31414200E+03 -4.30811233E+03 -4.30161433E+03 -4.29419967E+03 -4.28731767E+03 -4.28030300E+03 -4.27360100E+03 -4.26778200E+03 -4.26012733E+03 -4.25432067E+03 -4.24724567E+03 -4.24174767E+03 -4.23468300E+03 -4.22653033E+03 -4.22127500E+03 -4.21543900E+03 -4.21089733E+03 -4.20354167E+03 -4.19674533E+03 -4.19127967E+03 -4.18931833E+03 -4.18278967E+03 
 -4.17739667E+03 -4.16836433E+03 -4.15616533E+03 -4.14804733E+03 -4.13818467E+03 -4.12978700E+03 -4.12128067E+03 -4.11184867E+03 -4.10490100E+03 -4.09641167E+03 -4.08653167E+03 -4.08047900E+03 -4.07352300E+03 -4.06507067E+03 -4.05912667E+03 -4.05136667E+03 -4.04476233E+03 -4.03625467E+03 -4.02837667E+03 -4.02012300E+03 -4.01121233E+03 -4.00454500E+03 -3.99832400E+03 -3.99233200E+03 -3.98616400E+03 
 -3.97760133E+03 -3.96661833E+03 -3.95620867E+03 -3.94773700E+03 -3.93806867E+03 -3.92677167E+03 -3.91543133E+03 -3.90565600E+03 -3.89254100E+03 -3.88338600E+03 -3.87388533E+03 -3.86406900E+03 -3.85657733E+03 -3.84894233E+03 -3.83996167E+03 -3.83339967E+03 -3.82285533E+03 -3.81775500E+03 -3.80802333E+03 -3.80214333E+03 -3.79149600E+03 -3.78142833E+03 -3.77220967E+03 -3.76115467E+03 -3.74997100E+03 
 -3.74114267E+03 -3.72954733E+03 -3.71914833E+03 -3.70754400E+03 -3.69675800E+03 -3.68834333E+03 -3.67605567E+03 -3.66245433E+03 -3.64782200E+03 -3.63954533E+03 -3.63029800E+03 -3.61991233E+03 -3.61045433E+03 -3.59867333E+03 -3.58744333E+03 -3.57577500E+03 -3.56661567E+03 -3.55848733E+03 -3.54800800E+03 -3.53953000E+03 -3.52919000E+03 -3.52146000E+03 -3.51224600E+03 -3.50195467E+03 -3.49796033E+03 
 -3.49057133E+03 -3.47749033E+03 -3.46530333E+03 -3.45358100E+03 -3.44171600E+03 -3.43442767E+03 -3.41991167E+03 -3.40800033E+03 -3.39572167E+03 -3.38522500E+03 -3.37249133E+03 -3.36300600E+03 -3.35085767E+03 -3.33954167E+03 -3.32853500E+03 -3.31738467E+03 -3.30530600E+03 -3.29345267E+03 -3.28186600E+03 -3.27235667E+03 -3.25847167E+03 -3.24794400E+03 -3.23527000E+03 -3.22280033E+03 -3.21632300E+03 
 -3.20811233E+03 -3.19166900E+03 -3.17691533E+03 -3.16495467E+03 -3.15142033E+03 -3.13936667E+03 -3.12717167E+03 -3.11148700E+03 -3.09749033E+03 -3.08455633E+03 -3.07391967E+03 -3.06156033E+03 -3.04783933E+03 -3.03742667E+03 -3.02709633E+03 -3.01256600E+03 -3.00290767E+03 -2.98962600E+03 -2.97940533E+03 -2.96780800E+03 -2.95451033E+03 -2.94401033E+03 -2.92957900E+03 -2.91887967E+03 -2.90381800E+03 
 -2.89391267E+03 -2.87802467E+03 -2.86394667E+03 -2.84965033E+03 -2.83673767E+03 -2.82276300E+03 -2.80804267E+03 -2.79391400E+03 -2.77872567E+03 -2.76623933E+03 -2.75059967E+03 -2.73929000E+03 -2.72822933E+03 -2.71442567E+03 -2.70070033E+03 -2.68916600E+03 -2.67790000E+03 -2.66659200E+03 -2.65249267E+03 -2.64280867E+03 -2.62825467E+03 -2.61644433E+03 -2.60499467E+03 -2.59592067E+03 -2.58159133E+03 
 -2.57154833E+03 -2.55821933E+03 -2.54452933E+03 -2.53236867E+03 -2.51676200E+03 -2.50167300E+03 -2.48970467E+03 -2.47666833E+03 -2.46593667E+03 -2.45078667E+03 -2.43951900E+03 -2.42369200E+03 -2.41153067E+03 -2.40059367E+03 -2.38753400E+03 -2.37819367E+03 -2.36935333E+03 -2.35686433E+03 -2.34529500E+03 -2.33282767E+03 -2.32050000E+03 -2.30670733E+03 -2.29746333E+03 -2.28582300E+03 -2.27522933E+03 
 -2.26335700E+03 -2.24532100E+03 -2.22933567E+03 -2.21577867E+03 -2.20177600E+03 -2.18561567E+03 -2.17073300E+03 -2.15780900E+03 -2.14674933E+03 -2.13600300E+03 -2.12462900E+03 -2.11072633E+03 -2.09801767E+03 -2.08487167E+03 -2.07526600E+03 -2.06133467E+03 -2.05110567E+03 -2.03866233E+03 -2.02616767E+03 -2.01779467E+03 -2.00869200E+03 -1.99622533E+03 -1.98808567E+03 -1.97586700E+03 -1.96699733E+03 
 -1.95488067E+03 -1.93926033E+03 -1.92584167E+03 -1.91102233E+03 -1.89909267E+03 -1.88642133E+03 -1.87705500E+03 -1.86280333E+03 -1.84722067E+03 -1.83675067E+03 -1.82321200E+03 -1.81024533E+03 -1.80048900E+03 -1.78566700E+03 -1.77549100E+03 -1.76465133E+03 -1.75429567E+03 -1.74358600E+03 -1.73352833E+03 -1.72411867E+03 -1.71381633E+03 -1.70230933E+03 -1.69313633E+03 -1.68401700E+03 -1.67266000E+03 
 -1.65983033E+03 -1.64563867E+03 -1.63527767E+03 -1.62168167E+03 -1.61359033E+03 -1.59978967E+03 -1.59142167E+03 -1.58130767E+03 -1.56521633E+03 -1.55621867E+03 -1.54540967E+03 -1.53393667E+03 -1.52298733E+03 -1.51224767E+03 -1.50239900E+03 -1.49159300E+03 -1.48007267E+03 -1.46952100E+03 -1.45656800E+03 -1.44702333E+03 -1.43716133E+03 -1.42682433E+03 -1.41740400E+03 -1.41088067E+03 -1.39951067E+03 
 -1.38812133E+03 -1.37562100E+03 -1.36490467E+03 -1.35371733E+03 -1.34084233E+03 -1.33237067E+03 -1.31938333E+03 -1.30781500E+03 -1.29690600E+03 -1.29041867E+03 -1.28139367E+03 -1.27382800E+03 -1.26641233E+03 -1.25416800E+03 -1.24748200E+03 -1.23810967E+03 -1.22959433E+03 -1.21973700E+03 -1.21347600E+03 -1.20422467E+03 -1.19597467E+03 -1.19215167E+03 -1.18338233E+03 -1.17298867E+03 -1.16588867E+03 
 -1.15967733E+03 -1.14985000E+03 -1.14061667E+03 -1.12838400E+03 -1.12041667E+03 -1.11122933E+03 -1.10172667E+03 -1.09455333E+03 -1.08283667E+03 -1.07183133E+03 -1.06754167E+03 -1.05922533E+03 -1.05031267E+03 -1.04334200E+03 -1.03601833E+03 -1.02954500E+03 -1.01973833E+03 -1.01291067E+03 -1.00612133E+03 -9.96236667E+02 -9.87790000E+02 -9.80904333E+02 -9.74797667E+02 -9.69479667E+02 -9.58768667E+02 
 -9.57780667E+02 -9.47695333E+02 -9.40914000E+02 -9.33719333E+02 -9.27582667E+02 -9.19748333E+02 -9.09609000E+02 -9.03637000E+02 -8.95959000E+02 -8.87576667E+02 -8.79110333E+02 -8.75210000E+02 -8.67406333E+02 -8.62489333E+02 -8.53196333E+02 -8.42606000E+02 -8.36531667E+02 -8.31331000E+02 -8.26364333E+02 -8.19354333E+02 -8.16825667E+02 -8.13086000E+02 -8.05835667E+02 -8.03432000E+02 -7.97368667E+02 
 -7.94779000E+02 -7.89126333E+02 -7.82487667E+02 -7.76081333E+02 -7.67200333E+02 -7.61060000E+02 -7.51395000E+02 -7.45963000E+02 -7.40985000E+02 -7.37007000E+02 -7.33025333E+02 -7.25541000E+02 -7.20627667E+02 -7.15607667E+02 -7.10173667E+02 -7.05424000E+02 -7.02787333E+02 -6.98591333E+02 -6.92184000E+02 -6.89079667E+02 -6.85313333E+02 -6.82269333E+02 -6.77624333E+02 -6.72747000E+02 -6.70942667E+02 
 -6.67794333E+02 -6.63588333E+02 -6.59263667E+02 -6.53811000E+02 -6.46361333E+02 -6.43603000E+02 -6.38017667E+02 -6.36892667E+02 -6.33035333E+02 -6.29627000E+02 -6.24691333E+02 -6.20895667E+02 -6.19034000E+02 -6.14152000E+02 -6.08777333E+02 -6.04184000E+02 -6.03721667E+02 -5.97979333E+02 -5.94971333E+02 -5.90080333E+02 -5.90108667E+02 -5.86756333E+02 -5.83046333E+02 -5.82947667E+02 -5.77666000E+02 
 -5.74690000E+02 -5.69036333E+02 -5.64911333E+02 -5.58419000E+02 -5.51976333E+02 -5.46490667E+02 -5.44154667E+02 -5.40860333E+02 -5.35320667E+02 -5.34684000E+02 -5.31421333E+02 -5.30014333E+02 -5.24609667E+02 -5.20862333E+02 -5.16036000E+02 -5.13759000E+02 -5.07666333E+02 -5.05836000E+02 -5.02193333E+02 -5.02168667E+02 -4.99197667E+02 -4.98152333E+02 -4.98851000E+02 -4.96872667E+02 -4.93275667E+02 
 -4.92404000E+02 -4.87291000E+02 -4.85339000E+02 -4.82854667E+02 -4.77990333E+02 -4.77288667E+02 -4.73770333E+02 -4.71435667E+02 -4.71316000E+02 -4.68835333E+02 -4.66612000E+02 -4.62045667E+02 -4.58419000E+02 -4.56146333E+02 -4.52126667E+02 -4.52379333E+02 -4.52102000E+02 -4.50547667E+02 -4.48187000E+02 -4.44172000E+02 -4.45970667E+02 -4.45156333E+02 -4.40820000E+02 -4.41107667E+02 -4.43900667E+02 
 -4.42420333E+02 -4.38612333E+02 -4.35242333E+02 -4.32914000E+02 -4.27881667E+02 -4.25576000E+02 -4.24228333E+02 -4.23695333E+02 -4.20519333E+02 -4.16130333E+02 -4.15708333E+02 -4.13346667E+02 -4.07890000E+02 -4.05062333E+02 -4.04921667E+02 -4.02083333E+02 -4.00230000E+02 -4.00684667E+02 -3.98626667E+02 -3.99665333E+02 -4.01037333E+02 -3.96079667E+02 -3.97241000E+02 -3.95756667E+02 -3.95835000E+02 
 -3.94310333E+02 -3.90253000E+02 -3.87771000E+02 -3.84611000E+02 -3.84045333E+02 -3.81448667E+02 -3.80343333E+02 -3.78377000E+02 -3.75111333E+02 -3.73331333E+02 -3.71104000E+02 -3.71009000E+02 -3.68299000E+02 -3.67044000E+02 -3.65141000E+02 -3.64154000E+02 -3.63344000E+02 -3.63340667E+02 -3.59359000E+02 -3.56938667E+02 -3.56272000E+02 -3.54496667E+02 -3.55705667E+02 -3.54897667E+02 -3.55376667E+02 
 -3.54989667E+02 -3.51271000E+02 -3.50923667E+02 -3.47348333E+02 -3.45470333E+02 -3.45203667E+02 -3.43095333E+02 -3.40123667E+02 -3.38086333E+02 -3.37065333E+02 -3.34902000E+02 -3.36110000E+02 -3.35182000E+02 -3.37535667E+02 -3.34279000E+02 -3.31516667E+02 -3.33340333E+02 -3.32811000E+02 -3.31960333E+02 -3.32932667E+02 -3.31982000E+02 -3.28474667E+02 -3.28366667E+02 -3.28613000E+02 -3.27937000E+02 
 -3.26305000E+02 -3.21743000E+02 -3.22382333E+02 -3.18019667E+02 -3.16061333E+02 -3.14785000E+02 -3.11806000E+02 -3.13932000E+02 -3.15367000E+02 -3.14452000E+02 -3.12438000E+02 -3.10654000E+02 -3.07978000E+02 -3.09163667E+02 -3.10024000E+02 -3.10768000E+02 -3.08440667E+02 -3.08217333E+02 -3.07523667E+02 -3.06967667E+02 -3.08023667E+02 -3.07183667E+02 -3.06724000E+02 -3.06131000E+02 -3.07173333E+02 
 -3.05004667E+02 -3.03487667E+02 -3.01153000E+02 -3.02331000E+02 -3.01479333E+02 -2.97982333E+02 -2.97371333E+02 -2.97363333E+02 -2.93648000E+02 -2.93927000E+02 -2.92633000E+02 -2.90583000E+02 -2.88129000E+02 -2.88887000E+02 -2.87897667E+02 -2.87593667E+02 -2.88958667E+02 -2.89371333E+02 -2.84259333E+02 -2.83169333E+02 -2.83511000E+02 -2.83112000E+02 -2.83146000E+02 -2.82068333E+02 -2.81955333E+02 
 -2.80263000E+02 -2.77798333E+02 -2.76916667E+02 -2.76288000E+02 -2.76458333E+02 -2.70221333E+02 -2.67726000E+02 -2.68050000E+02 -2.66802000E+02 -2.65368667E+02 -2.64991333E+02 -2.63672667E+02 -2.62271000E+02 -2.64697667E+02 -2.64912000E+02 -2.66701667E+02 -2.65503333E+02 -2.65092667E+02 -2.65638667E+02 -2.63642333E+02 -2.63064333E+02 -2.60377333E+02 -2.59998000E+02 -2.59586333E+02 -2.60394000E+02 
 -2.58126000E+02 -2.55866333E+02 -2.55094667E+02 -2.53833333E+02 -2.55618667E+02 -2.52951667E+02 -2.52683333E+02 -2.50403333E+02 -2.50637333E+02 -2.50328333E+02 -2.48693000E+02 -2.47468333E+02 -2.47169667E+02 -2.46560000E+02 -2.44508667E+02 -2.43699667E+02 -2.43283000E+02 -2.44041667E+02 -2.41548667E+02 -2.44886333E+02 -2.44809333E+02 -2.44048000E+02 -2.41781667E+02 -2.42265667E+02 -2.40112333E+02 
 -2.42144000E+02 -2.39585000E+02 -2.39746000E+02 -2.37988000E+02 -2.37532333E+02 -2.36684333E+02 -2.35818000E+02 -2.33620667E+02 -2.33647667E+02 -2.33112000E+02 -2.32189667E+02 -2.30079667E+02 -2.32207333E+02 -2.30911333E+02 -2.29345333E+02 -2.28813000E+02 -2.31106000E+02 -2.30231667E+02 -2.31447000E+02 -2.29603333E+02 -2.31011333E+02 -2.30443667E+02 -2.30811333E+02 -2.30406000E+02 -2.28767000E+02 
 -2.27814000E+02 -2.24520667E+02 -2.22383333E+02 -2.23141333E+02 -2.21613667E+02 -2.21194000E+02 -2.19295667E+02 -2.18776667E+02 -2.16980333E+02 -2.14787333E+02 -2.13403667E+02 -2.11632000E+02 -2.11171667E+02 -2.10255333E+02 -2.08006000E+02 -2.05882000E+02 -2.06664667E+02 -2.07260667E+02 -2.09446667E+02 -2.08765000E+02 -2.07934667E+02 -2.07647667E+02 -2.07928333E+02 -2.11517667E+02 -2.12869667E+02 
 -2.12035000E+02 -2.11259667E+02 -2.10730000E+02 -2.06948667E+02 -2.06010667E+02 -2.04089667E+02 -2.04219333E+02 -2.03872000E+02 -2.02243333E+02 -2.00800000E+02 -2.03155667E+02 -2.02258000E+02 -2.05728000E+02 -2.05694667E+02 -2.02951000E+02 -2.02829333E+02 -2.03071333E+02 -2.00790000E+02 -1.99309333E+02 -1.99677333E+02 -1.98672667E+02 -1.99531333E+02 -1.99817333E+02 -1.98859667E+02 -1.94988667E+02 
 -1.94994000E+02 -1.94849667E+02 -1.92033000E+02 -1.91190000E+02 -1.89629667E+02 -1.88574000E+02 -1.87805000E+02 -1.89062000E+02 -1.88869667E+02 -1.88007667E+02 -1.85722000E+02 -1.88207667E+02 -1.88328667E+02 -1.89250333E+02 -1.88560333E+02 -1.91208000E+02 -1.93108667E+02 -1.93206000E+02 -1.91082000E+02 -1.90240667E+02 -1.90748000E+02 -1.90411000E+02 -1.90539667E+02 -1.92190000E+02 -1.89374667E+02 
 -1.89663000E+02 -1.87543333E+02 -1.85056667E+02 -1.85283000E+02 -1.84720333E+02 -1.79189333E+02 -1.80571333E+02 -1.77811333E+02 -1.78841333E+02 -1.78670000E+02 -1.76672333E+02 -1.77860000E+02 -1.79072333E+02 -1.77438333E+02 -1.74685000E+02 -1.73754333E+02 -1.75111333E+02 -1.78904333E+02 -1.78917667E+02 -1.78479333E+02 -1.76891000E+02 -1.77739667E+02 -1.79138667E+02 -1.77877333E+02 -1.79203333E+02 
 -1.78461000E+02 -1.76542333E+02 -1.74090000E+02 -1.77092000E+02 -1.74347333E+02 -1.74263000E+02 -1.71587000E+02 -1.70653000E+02 -1.73193333E+02 -1.71265667E+02 -1.69940000E+02 -1.71553667E+02 -1.71571333E+02 -1.70169667E+02 -1.68527667E+02 -1.68426333E+02 -1.71811333E+02 -1.70914333E+02 -1.72052667E+02 -1.71868333E+02 -1.72381000E+02 -1.71358667E+02 -1.72423000E+02 -1.71552000E+02 -1.69844667E+02 
 -1.71020667E+02 -1.67753667E+02 -1.67670333E+02 -1.65665000E+02 -1.67158000E+02 -1.65284333E+02 -1.65763333E+02 -1.62488333E+02 -1.61581667E+02 -1.62621333E+02 -1.63040333E+02 -1.64954000E+02 -1.64591000E+02 -1.62510667E+02 -1.61272000E+02 -1.61139333E+02 -1.62313667E+02 -1.60924000E+02 -1.61730667E+02 -1.62121333E+02 -1.59728667E+02 -1.60677000E+02 -1.59597000E+02 -1.61503333E+02 -1.59809000E+02 
 -1.60331000E+02 -1.56153667E+02 -1.55996000E+02 -1.57431667E+02 -1.57566667E+02 -1.56052333E+02 -1.56330667E+02 -1.55894667E+02 -1.55700000E+02 -1.54588667E+02 -1.52380333E+02 -1.51961667E+02 -1.54179667E+02 -1.54079333E+02 -1.53005000E+02 -1.52490333E+02 -1.51959000E+02 -1.52394000E+02 -1.50956667E+02 -1.49739333E+02 -1.50951667E+02 -1.50949000E+02 -1.48275333E+02 -1.49475667E+02 -1.49508000E+02 
 -1.49394667E+02 -1.46393667E+02 -1.46974667E+02 -1.47936333E+02 -1.47226000E+02 -1.46212333E+02 -1.45586000E+02 -1.48182000E+02 -1.46947000E+02 -1.47245333E+02 -1.46507667E+02 -1.47029000E+02 -1.47709000E+02 -1.44158333E+02 -1.44994000E+02 -1.43433333E+02 -1.43578333E+02 -1.44778667E+02 -1.44071000E+02 -1.43344000E+02 -1.43274667E+02 -1.42514333E+02 -1.42010000E+02 -1.42476000E+02 -1.44022333E+02 
 -1.46032000E+02 -1.40628667E+02 -1.40203667E+02 -1.41056000E+02 -1.40754333E+02 -1.40033333E+02 -1.38223333E+02 -1.38069000E+02 -1.38521333E+02 -1.37706000E+02 -1.35752333E+02 -1.36514333E+02 -1.38766667E+02 -1.39722667E+02 -1.39764333E+02 -1.40455000E+02 -1.40106000E+02 -1.38305000E+02 -1.40930000E+02 -1.41288333E+02 -1.41258000E+02 -1.39196667E+02 -1.38032000E+02 -1.40662667E+02 -1.40333000E+02 
 -1.41279333E+02 -1.40643000E+02 -1.38003333E+02 -1.36576333E+02 -1.35668667E+02 -1.35251000E+02 -1.36162667E+02 -1.35435667E+02 -1.33734667E+02 -1.32409667E+02 -1.31605333E+02 -1.31210333E+02 -1.30185333E+02 -1.29611333E+02 -1.29149333E+02 -1.30703000E+02 -1.30827667E+02 -1.32804000E+02 -1.30949667E+02 -1.29406667E+02 -1.30751667E+02 -1.29797667E+02 -1.30529333E+02 -1.30462000E+02 -1.30862333E+02 
 -1.26847667E+02 -1.28928000E+02 -1.29101667E+02 -1.30188667E+02 -1.30377000E+02 -1.28847667E+02 -1.28678667E+02 -1.30798333E+02 -1.27564333E+02 -1.26610333E+02 -1.26518000E+02 -1.27877667E+02 -1.28263000E+02 -1.27459333E+02 -1.27921333E+02 -1.26196333E+02 -1.25078000E+02 -1.25498000E+02 -1.25664000E+02 -1.25851333E+02 -1.26428333E+02 -1.25216333E+02 -1.23907667E+02 -1.25412667E+02 -1.25838333E+02 
 -1.26529333E+02 -1.28328667E+02 -1.26795667E+02 -1.25742000E+02 -1.26408333E+02 -1.28659333E+02 -1.25690000E+02 -1.25700000E+02 -1.23651000E+02 -1.23307333E+02 -1.23380667E+02 -1.23149667E+02 -1.21050000E+02 -1.22101333E+02 -1.20544000E+02 -1.20890000E+02 -1.20641333E+02 -1.21883667E+02 -1.21971000E+02 -1.20537667E+02 -1.20457667E+02 -1.19978333E+02 -1.19956000E+02 -1.20084000E+02 -1.22202667E+02 
 -1.20370667E+02 -1.18176667E+02 -1.18857333E+02 -1.15607000E+02 -1.16881333E+02 -1.16199667E+02 -1.17601333E+02 -1.18875667E+02 -1.18350333E+02 -1.17114333E+02 -1.17213667E+02 -1.17062667E+02 -1.15267333E+02 -1.15264667E+02 -1.14780667E+02 -1.15728000E+02 -1.16060333E+02 -1.14795000E+02 -1.15065667E+02 -1.14891667E+02 -1.15440667E+02 -1.15689667E+02 -1.15098000E+02 -1.15620333E+02 -1.16186000E+02 
 -1.14000333E+02 -1.15043000E+02 -1.12940333E+02 -1.13761000E+02 -1.13038000E+02 -1.11645667E+02 -1.09179333E+02 -1.10473000E+02 -1.09415333E+02 -1.12272333E+02 -1.09802333E+02 -1.09004000E+02 -1.11752667E+02 -1.10009333E+02 -1.11148000E+02 -1.11011000E+02 -1.11760333E+02 -1.13164667E+02 -1.11582667E+02 -1.09621333E+02 -1.11135667E+02 -1.09041000E+02 -1.09630333E+02 -1.07577667E+02 -1.08271333E+02 
 -1.09207667E+02 -1.07879667E+02 -1.08101333E+02 -1.08193333E+02 -1.06765667E+02 -1.05296667E+02 -1.07918333E+02 -1.05730333E+02 -1.07657667E+02 -1.07749000E+02 -1.08962000E+02 -1.04635667E+02 -1.06522667E+02 -1.04956000E+02 -1.06799000E+02 -1.05131000E+02 -1.05378667E+02 -1.03669667E+02 -1.06203333E+02 -1.08038333E+02 -1.07625000E+02 -1.04869000E+02 -1.06244667E+02 -1.04912333E+02 -1.03927333E+02 
