  0.00000000E+00 -6.35333333E-01 -6.07666667E-01 -8.55666667E-01 -9.07666667E-01 -8.20333333E-01 -7.78000000E-01 -9.56333333E-01 -8.19000000E-01 -8.74666667E-01 
 -9.20000000E-01 -9.00000000E-01 -8.52333333E-01 -6.99333333E-01 -8.01333333E-01 -8.45666667E-01 -6.68000000E-01 -7.82000000E-01 -7.57333333E-01 -8.66666667E-01 
 -1.05133333E+00 -9.01000000E-01 -8.32333333E-01 -8.58333333E-01 -8.18333333E-01 -8.38000000E-01 -6.48333333E-01 -9.89000000E-01 -1.03900000E+00 -9.27000000E-01 
 -9.33000000E-01 -7.28000000E-01 -6.98000000E-01 -9.26666667E-01 -9.94000000E-01 -1.05233333E+00 -8.49666667E-01 -1.06333333E+00 -1.19600000E+00 -9.82666667E-01 
 -8.37666667E-01 -8.09000000E-01 -7.77333333E-01 -8.42666667E-01 -9.39000000E-01 -1.05633333E+00 -9.52333333E-01 -1.05866667E+00 -9.89333333E-01 -6.85333333E-01 
 -8.82333333E-01 -8.21000000E-01 -8.13666667E-01 -8.92333333E-01 -9.08333333E-01 -8.35666667E-01 -1.18800000E+00 -1.21466667E+00 -1.21433333E+00 -8.60333333E-01 
 -9.08666667E-01 -1.04966667E+00 -9.67333333E-01 -9.38333333E-01 -9.69666667E-01 -1.01400000E+00 -1.01633333E+00 -9.26000000E-01 -1.05166667E+00 -1.13100000E+00 
 -1.10700000E+00 -1.31966667E+00 -1.01000000E+00 -1.05366667E+00 -1.10100000E+00 -1.37666667E+00 -1.32133333E+00 -1.19500000E+00 -1.08866667E+00 -9.57000000E-01 
 -7.96000000E-01 -6.52000000E-01 -8.68000000E-01 -1.15633333E+00 -1.16866667E+00 -1.12166667E+00 -9.99666667E-01 -1.13300000E+00 -9.45666667E-01 -1.25900000E+00 
 -1.20633333E+00 -1.25166667E+00 -1.14800000E+00 -1.21266667E+00 -1.39400000E+00 -1.23400000E+00 -1.14266667E+00 -1.05933333E+00 -1.04033333E+00 -8.35000000E-01 
 -1.14566667E+00 -1.40700000E+00 -1.33166667E+00 -1.32033333E+00 -1.26533333E+00 -1.33166667E+00 -1.36333333E+00 -1.37233333E+00 -1.38600000E+00 -1.27433333E+00 
 -1.33033333E+00 -1.22400000E+00 -1.19166667E+00 -1.36166667E+00 -1.44833333E+00 -1.58033333E+00 -1.31700000E+00 -1.30000000E+00 -1.17866667E+00 -1.45900000E+00 
 -1.46533333E+00 -1.75133333E+00 -1.29733333E+00 -1.41700000E+00 -1.40433333E+00 -1.41000000E+00 -1.33866667E+00 -1.24433333E+00 -1.42366667E+00 -1.53133333E+00 
 -1.62500000E+00 -1.60700000E+00 -1.73700000E+00 -1.39633333E+00 -1.24466667E+00 -1.57533333E+00 -1.78100000E+00 -1.77700000E+00 -1.51000000E+00 -1.45233333E+00 
 -1.47533333E+00 -1.48000000E+00 -1.29600000E+00 -1.35766667E+00 -1.32000000E+00 -1.38400000E+00 -1.52666667E+00 -1.62933333E+00 -1.72900000E+00 -1.71366667E+00 
 -1.43133333E+00 -1.65200000E+00 -1.50500000E+00 -1.57000000E+00 -1.57800000E+00 -1.50433333E+00 -1.92766667E+00 -1.79400000E+00 -1.87466667E+00 -1.97533333E+00 
 -1.87733333E+00 -1.72766667E+00 -1.72566667E+00 -1.56500000E+00 -1.51600000E+00 -1.43300000E+00 -1.48600000E+00 -1.69233333E+00 -1.58466667E+00 -1.69233333E+00 
 -1.74300000E+00 -1.79000000E+00 -1.70533333E+00 -1.76833333E+00 -1.94133333E+00 -1.75733333E+00 -1.94166667E+00 -1.87200000E+00 -1.85900000E+00 -1.87000000E+00 
 -2.26733333E+00 -2.11733333E+00 -2.31066667E+00 -2.32333333E+00 -2.21433333E+00 -2.21333333E+00 -2.33733333E+00 -2.46933333E+00 -2.19366667E+00 -2.27666667E+00 
 -2.13700000E+00 -2.27600000E+00 -2.26566667E+00 -2.32100000E+00 -2.40200000E+00 -2.59066667E+00 -2.39066667E+00 -2.26066667E+00 -2.20666667E+00 -2.34900000E+00 
 -2.49166667E+00 -2.49000000E+00 -2.24200000E+00 -2.20866667E+00 -1.89866667E+00 -2.05733333E+00 -2.15733333E+00 -2.33366667E+00 -2.51500000E+00 -2.36700000E+00 
 -2.03200000E+00 -2.26833333E+00 -2.48800000E+00 -2.57900000E+00 -2.68633333E+00 -2.71300000E+00 -2.80333333E+00 -2.69166667E+00 -2.86300000E+00 -3.21333333E+00 
 -2.83466667E+00 -2.87800000E+00 -2.87500000E+00 -2.79233333E+00 -2.67466667E+00 -2.71266667E+00 -2.66533333E+00 -2.56866667E+00 -2.63566667E+00 -2.75766667E+00 
 -3.15966667E+00 -3.34833333E+00 -3.33700000E+00 -3.54400000E+00 -3.40600000E+00 -3.52866667E+00 -3.54100000E+00 -3.35366667E+00 -3.57900000E+00 -3.32666667E+00 
 -3.18533333E+00 -3.32533333E+00 -3.49800000E+00 -3.52966667E+00 -3.78500000E+00 -3.63700000E+00 -3.39733333E+00 -3.84433333E+00 -3.73933333E+00 -3.65000000E+00 
 -3.87700000E+00 -3.84300000E+00 -3.72700000E+00 -3.58566667E+00 -3.60266667E+00 -3.65466667E+00 -3.76000000E+00 -3.82600000E+00 -3.71766667E+00 -3.51566667E+00 
 -3.46300000E+00 -3.53700000E+00 -3.63833333E+00 -3.66933333E+00 -3.83533333E+00 -3.97666667E+00 -4.18866667E+00 -4.25033333E+00 -4.22000000E+00 -4.33366667E+00 
 -4.37566667E+00 -4.42633333E+00 -4.27966667E+00 -4.34766667E+00 -4.42233333E+00 -4.47133333E+00 -4.10266667E+00 -4.16966667E+00 -4.28466667E+00 -4.55266667E+00 
 -4.38933333E+00 -4.19700000E+00 -4.70900000E+00 -4.62033333E+00 -4.82533333E+00 -5.13900000E+00 -4.96533333E+00 -5.02933333E+00 -4.63433333E+00 -4.39500000E+00 
 -4.58033333E+00 -4.53700000E+00 -4.72300000E+00 -4.71533333E+00 -4.88100000E+00 -5.09133333E+00 -4.70033333E+00 -4.64266667E+00 -4.84966667E+00 -4.66533333E+00 
 -4.77100000E+00 -5.13233333E+00 -5.15000000E+00 -5.10333333E+00 -5.24633333E+00 -5.15733333E+00 -5.29500000E+00 -5.36166667E+00 -5.33966667E+00 -5.00733333E+00 
 -5.35000000E+00 -5.37733333E+00 -5.74466667E+00 -6.03966667E+00 -6.13833333E+00 -6.32300000E+00 -6.40366667E+00 -6.63033333E+00 -6.67166667E+00 -6.57966667E+00 
 -6.45633333E+00 -6.26133333E+00 -6.39133333E+00 -6.43166667E+00 -6.27700000E+00 -6.30366667E+00 -6.42000000E+00 -6.57700000E+00 -6.66033333E+00 -6.30100000E+00 
 -6.28900000E+00 -6.40066667E+00 -6.80433333E+00 -6.73233333E+00 -7.00066667E+00 -7.00900000E+00 -7.54766667E+00 -7.02200000E+00 -7.60566667E+00 -7.55266667E+00 
 -7.68600000E+00 -7.97433333E+00 -8.03166667E+00 -8.20966667E+00 -8.13166667E+00 -7.96233333E+00 -8.39300000E+00 -8.67666667E+00 -8.95533333E+00 -9.06233333E+00 
 -9.19000000E+00 -9.46766667E+00 -9.47966667E+00 -9.63700000E+00 -9.71266667E+00 -9.51900000E+00 -9.53500000E+00 -9.40366667E+00 -9.47433333E+00 -9.57633333E+00 
 -9.70800000E+00 -1.00450000E+01 -9.89333333E+00 -1.00386667E+01 -1.03656667E+01 -1.03756667E+01 -1.04060000E+01 -1.01050000E+01 -9.97733333E+00 -9.64400000E+00 
 -1.01146667E+01 -1.05906667E+01 -1.07543333E+01 -1.08813333E+01 -1.06063333E+01 -1.03666667E+01 -1.04430000E+01 -1.07256667E+01 -1.08480000E+01 -1.10786667E+01 
 -1.10053333E+01 -1.14240000E+01 -1.16360000E+01 -1.20466667E+01 -1.19176667E+01 -1.18873333E+01 -1.20923333E+01 -1.22796667E+01 -1.27960000E+01 -1.25500000E+01 
 -1.29806667E+01 -1.28893333E+01 -1.27910000E+01 -1.29280000E+01 -1.32890000E+01 -1.34016667E+01 -1.36670000E+01 -1.38456667E+01 -1.35143333E+01 -1.33366667E+01 
 -1.37523333E+01 -1.36633333E+01 -1.37136667E+01 -1.40470000E+01 -1.43916667E+01 -1.41636667E+01 -1.42293333E+01 -1.41756667E+01 -1.44283333E+01 -1.45416667E+01 
 -1.48033333E+01 -1.48523333E+01 -1.49206667E+01 -1.51576667E+01 -1.54143333E+01 -1.54450000E+01 -1.53973333E+01 -1.57930000E+01 -1.57306667E+01 -1.58993333E+01 
 -1.61286667E+01 -1.60003333E+01 -1.60016667E+01 -1.61333333E+01 -1.65486667E+01 -1.67293333E+01 -1.67336667E+01 -1.65933333E+01 -1.65710000E+01 -1.68820000E+01 
 -1.69786667E+01 -1.72056667E+01 -1.76526667E+01 -1.80283333E+01 -1.82926667E+01 -1.84986667E+01 -1.85936667E+01 -1.85740000E+01 -1.88013333E+01 -1.92163333E+01 
 -1.93296667E+01 -1.99456667E+01 -1.98143333E+01 -1.99750000E+01 -1.99816667E+01 -2.03536667E+01 -2.05920000E+01 -2.03653333E+01 -2.03320000E+01 -2.02030000E+01 
 -2.03016667E+01 -2.04516667E+01 -2.04796667E+01 -2.05280000E+01 -2.05196667E+01 -2.07986667E+01 -2.08540000E+01 -2.09256667E+01 -2.14250000E+01 -2.17260000E+01 
 -2.20196667E+01 -2.26256667E+01 -2.31303333E+01 -2.33456667E+01 -2.31463333E+01 -2.33043333E+01 -2.36636667E+01 -2.38566667E+01 -2.41046667E+01 -2.45026667E+01 
 -2.46266667E+01 -2.50210000E+01 -2.51580000E+01 -2.52253333E+01 -2.55710000E+01 -2.58213333E+01 -2.57970000E+01 -2.62450000E+01 -2.65956667E+01 -2.64156667E+01 
 -2.67893333E+01 -2.70830000E+01 -2.71803333E+01 -2.74246667E+01 -2.75886667E+01 -2.80566667E+01 -2.82816667E+01 -2.83513333E+01 -2.86463333E+01 -2.87143333E+01 
 -2.86990000E+01 -2.85963333E+01 -2.84796667E+01 -2.87473333E+01 -2.88773333E+01 -2.90490000E+01 -2.91273333E+01 -2.94346667E+01 -2.96360000E+01 -2.94443333E+01 
 -2.96733333E+01 -3.02990000E+01 -3.04980000E+01 -3.07193333E+01 -3.10313333E+01 -3.10153333E+01 -3.13383333E+01 -3.14960000E+01 -3.13713333E+01 -3.13786667E+01 
 -3.12376667E+01 -3.14976667E+01 -3.17683333E+01 -3.23086667E+01 -3.24023333E+01 -3.24356667E+01 -3.24953333E+01 -3.32233333E+01 -3.31033333E+01 -3.32993333E+01 
 -3.32333333E+01 -3.34936667E+01 -3.36360000E+01 -3.38680000E+01 -3.38976667E+01 -3.40113333E+01 -3.40573333E+01 -3.41203333E+01 -3.44086667E+01 -3.44470000E+01 
 -3.44470000E+01 -3.49003333E+01 -3.50636667E+01 -3.53223333E+01 -3.57640000E+01 -3.59140000E+01 -3.61170000E+01 -3.63006667E+01 -3.66740000E+01 -3.69550000E+01 
 -3.70863333E+01 -3.71786667E+01 -3.73746667E+01 -3.76223333E+01 -3.78746667E+01 -3.80293333E+01 -3.82186667E+01 -3.85043333E+01 -3.85923333E+01 -3.86493333E+01 
 -3.87493333E+01 -3.90486667E+01 -3.89566667E+01 -3.92093333E+01 -3.92586667E+01 -3.93233333E+01 -3.96306667E+01 -3.99560000E+01 -3.99090000E+01 -4.00436667E+01 
 -4.00926667E+01 -4.00620000E+01 -4.02646667E+01 -4.00853333E+01 -3.99863333E+01 -4.00563333E+01 -4.02093333E+01 -4.05163333E+01 -4.05386667E+01 -4.06206667E+01 
 -4.09986667E+01 -4.12676667E+01 -4.13756667E+01 -4.16240000E+01 -4.18086667E+01 -4.18573333E+01 -4.20543333E+01 -4.19813333E+01 -4.21746667E+01 -4.23570000E+01 
 -4.25273333E+01 -4.25406667E+01 -4.26203333E+01 -4.26046667E+01 -4.26090000E+01 -4.26390000E+01 -4.27153333E+01 -4.26580000E+01 -4.25806667E+01 -4.27580000E+01 
 -4.27326667E+01 -4.28246667E+01 -4.27293333E+01 -4.28786667E+01 -4.28106667E+01 -4.28210000E+01 -4.28303333E+01 -4.29463333E+01 -4.32586667E+01 -4.33873333E+01 
 -4.34336667E+01 -4.34876667E+01 -4.35576667E+01 -4.35690000E+01 -4.37233333E+01 -4.38013333E+01 -4.39253333E+01 -4.40240000E+01 -4.41010000E+01 -4.42136667E+01 
 -4.45046667E+01 -4.44906667E+01 -4.45373333E+01 -4.45320000E+01 -4.44390000E+01 -4.43643333E+01 -4.45066667E+01 -4.46273333E+01 -4.42996667E+01 -4.43350000E+01 
 -4.43590000E+01 -4.45650000E+01 -4.46436667E+01 -4.47036667E+01 -4.47473333E+01 -4.47816667E+01 -4.47406667E+01 -4.48580000E+01 -4.49193333E+01 -4.46666667E+01 
 -4.48223333E+01 -4.49403333E+01 -4.49476667E+01 -4.49046667E+01 -4.47236667E+01 -4.49123333E+01 -4.48443333E+01 -4.51000000E+01 -4.49843333E+01 -4.50673333E+01 
 -4.53073333E+01 -4.51930000E+01 -4.53033333E+01 -4.52963333E+01 -4.54306667E+01 -4.53733333E+01 -4.56136667E+01 -4.56980000E+01 -4.56826667E+01 -4.58233333E+01 
 -4.59706667E+01 -4.59260000E+01 -4.60096667E+01 -4.61850000E+01 -4.63853333E+01 -4.63430000E+01 -4.66563333E+01 -4.66696667E+01 -4.66410000E+01 -4.67010000E+01 
 -4.66286667E+01 -4.66490000E+01 -4.67943333E+01 -4.70013333E+01 -4.72603333E+01 -4.72386667E+01 -4.73160000E+01 -4.73550000E+01 -4.71770000E+01 -4.71760000E+01 
 -4.71290000E+01 -4.71790000E+01 -4.71136667E+01 -4.72543333E+01 -4.72540000E+01 -4.72026667E+01 -4.72330000E+01 -4.73273333E+01 -4.73736667E+01 -4.74126667E+01 
 -4.73430000E+01 -4.73180000E+01 -4.71986667E+01 -4.73066667E+01 -4.74480000E+01 -4.74996667E+01 -4.74576667E+01 -4.75043333E+01 -4.75866667E+01 -4.74390000E+01 
 -4.76273333E+01 -4.76600000E+01 -4.77803333E+01 -4.79163333E+01 -4.78463333E+01 -4.78343333E+01 -4.79013333E+01 -4.78353333E+01 -4.77360000E+01 -4.76690000E+01 
 -4.77476667E+01 -4.78260000E+01 -4.78376667E+01 -4.78053333E+01 -4.78383333E+01 -4.78180000E+01 -4.79270000E+01 -4.78890000E+01 -4.79423333E+01 -4.78876667E+01 
 -4.78770000E+01 -4.78030000E+01 -4.78206667E+01 -4.78116667E+01 -4.77330000E+01 -4.79250000E+01 -4.80063333E+01 -4.78346667E+01 -4.79506667E+01 -4.78836667E+01 
 -4.79246667E+01 -4.80316667E+01 -4.80210000E+01 -4.81550000E+01 -4.82746667E+01 -4.83950000E+01 -4.84070000E+01 -4.85496667E+01 -4.84836667E+01 -4.85000000E+01 
 -4.83520000E+01 -4.83130000E+01 -4.83790000E+01 -4.84390000E+01 -4.83423333E+01 -4.84483333E+01 -4.85430000E+01 -4.83753333E+01 -4.84383333E+01 -4.85456667E+01 
 -4.84870000E+01 -4.85196667E+01 -4.85230000E+01 -4.85270000E+01 -4.86613333E+01 -4.87266667E+01 -4.88213333E+01 -4.88890000E+01 -4.89270000E+01 -4.89426667E+01 
 -4.88176667E+01 -4.88366667E+01 -4.87686667E+01 -4.87510000E+01 -4.87396667E+01 -4.87676667E+01 -4.87060000E+01 -4.86283333E+01 -4.85906667E+01 -4.87113333E+01 
 -4.87723333E+01 -4.87376667E+01 -4.87720000E+01 -4.86733333E+01 -4.87243333E+01 -4.87353333E+01 -4.87396667E+01 -4.86400000E+01 -4.87230000E+01 -4.87720000E+01 
 -4.88300000E+01 -4.88446667E+01 -4.87756667E+01 -4.88376667E+01 -4.87970000E+01 -4.88823333E+01 -4.88100000E+01 -4.87006667E+01 -4.89143333E+01 -4.88716667E+01 
 -4.89360000E+01 -4.88570000E+01 -4.89250000E+01 -4.88060000E+01 -4.88446667E+01 -4.87586667E+01 -4.87516667E+01 -4.87330000E+01 -4.88156667E+01 -4.86913333E+01 
 -4.87193333E+01 -4.88113333E+01 -4.88283333E+01 -4.88343333E+01 -4.89196667E+01 -4.88363333E+01 -4.88480000E+01 -4.88653333E+01 -4.89356667E+01 -4.90706667E+01 
 -4.91890000E+01 -4.91800000E+01 -4.91643333E+01 -4.92180000E+01 -4.92033333E+01 -4.91360000E+01 -4.92043333E+01 -4.91480000E+01 -4.91066667E+01 -4.90793333E+01 
 -4.90573333E+01 -4.90733333E+01 -4.89783333E+01 -4.91186667E+01 -4.91190000E+01 -4.90160000E+01 -4.91260000E+01 -4.91223333E+01 -4.90810000E+01 -4.90580000E+01 
 -4.90440000E+01 -4.90236667E+01 -4.90143333E+01 -4.89080000E+01 -4.88846667E+01 -4.90543333E+01 -4.89803333E+01 -4.88830000E+01 -4.89930000E+01 -4.89806667E+01 
 -4.89120000E+01 -4.88226667E+01 -4.88486667E+01 -4.88746667E+01 -4.89433333E+01 -4.89983333E+01 -4.88806667E+01 -4.88513333E+01 -4.88466667E+01 -4.87856667E+01 
 -4.86550000E+01 -4.87093333E+01 -4.87673333E+01 -4.88400000E+01 -4.87080000E+01 -4.87830000E+01 -4.88003333E+01 -4.88650000E+01 -4.87753333E+01 -4.88446667E+01 
 -4.89880000E+01 -4.88986667E+01 -4.89580000E+01 -4.89583333E+01 -4.89556667E+01 -4.90116667E+01 -4.90543333E+01 -4.91396667E+01 -4.90376667E+01 -4.90010000E+01 
 -4.90280000E+01 -4.89626667E+01 -4.88946667E+01 -4.88943333E+01 -4.87876667E+01 -4.88220000E+01 -4.87663333E+01 -4.87750000E+01 -4.87726667E+01 -4.86503333E+01 
 -4.87840000E+01 -4.86916667E+01 -4.86776667E+01 -4.86026667E+01 -4.87406667E+01 -4.87350000E+01 -4.86923333E+01 -4.86590000E+01 -4.86896667E+01 -4.87723333E+01 
 -4.88226667E+01 -4.88613333E+01 -4.87906667E+01 -4.88976667E+01 -4.87536667E+01 -4.87500000E+01 -4.88396667E+01 -4.87776667E+01 -4.87240000E+01 -4.87766667E+01 
 -4.87156667E+01 -4.86070000E+01 -4.86820000E+01 -4.87390000E+01 -4.87133333E+01 -4.86373333E+01 -4.85573333E+01 -4.85956667E+01 -4.86220000E+01 -4.85893333E+01 
 -4.85506667E+01 -4.84070000E+01 -4.83616667E+01 -4.82986667E+01 -4.82123333E+01 -4.82323333E+01 -4.81973333E+01 -4.81716667E+01 -4.80970000E+01 -4.81810000E+01 
 -4.81063333E+01 -4.80896667E+01 -4.80956667E+01 -4.79880000E+01 -4.79436667E+01 -4.79773333E+01 -4.79453333E+01 -4.79363333E+01 -4.78606667E+01 -4.77920000E+01 
 -4.78840000E+01 -4.79436667E+01 -4.78673333E+01 -4.78560000E+01 -4.77530000E+01 -4.79420000E+01 -4.78993333E+01 -4.78676667E+01 -4.77190000E+01 -4.76503333E+01 
 -4.77103333E+01 -4.76680000E+01 -4.75936667E+01 -4.75016667E+01 -4.75990000E+01 -4.75226667E+01 -4.76586667E+01 -4.75800000E+01 -4.75466667E+01 -4.76306667E+01 
 -4.77300000E+01 -4.76610000E+01 -4.75770000E+01 -4.75606667E+01 -4.75963333E+01 -4.74100000E+01 -4.73913333E+01 -4.72130000E+01 -4.72450000E+01 -4.72043333E+01 
 -4.72693333E+01 -4.72803333E+01 -4.74576667E+01 -4.73380000E+01 -4.74036667E+01 -4.74463333E+01 -4.74720000E+01 -4.75390000E+01 -4.72906667E+01 -4.73870000E+01 
 -4.73083333E+01 -4.72443333E+01 -4.71393333E+01 -4.70613333E+01 -4.71390000E+01 -4.70320000E+01 -4.69976667E+01 -4.69333333E+01 -4.69210000E+01 -4.70623333E+01 
 -4.71783333E+01 -4.71323333E+01 -4.70226667E+01 -4.71306667E+01 -4.73076667E+01 -4.73010000E+01 -4.71286667E+01 -4.72260000E+01 -4.72090000E+01 -4.72180000E+01 
 -4.71296667E+01 -4.69686667E+01 -4.68830000E+01 -4.69366667E+01 -4.65976667E+01 -4.64520000E+01 -4.64976667E+01 -4.64466667E+01 -4.64536667E+01 -4.63793333E+01 
 -4.63446667E+01 -4.62466667E+01 -4.61680000E+01 -4.61270000E+01 -4.62133333E+01 -4.60723333E+01 -4.59860000E+01 -4.60410000E+01 -4.59813333E+01 -4.60883333E+01 
 -4.59656667E+01 -4.60296667E+01 -4.60423333E+01 -4.59790000E+01 -4.59316667E+01 -4.59370000E+01 -4.60400000E+01 -4.59990000E+01 -4.60163333E+01 -4.59330000E+01 
 -4.58856667E+01 -4.60860000E+01 -4.62480000E+01 -4.61260000E+01 -4.61073333E+01 -4.61160000E+01 -4.58646667E+01 -4.58550000E+01 -4.58866667E+01 -4.58713333E+01 
 -4.57790000E+01 -4.56123333E+01 -4.56233333E+01 -4.55426667E+01 -4.54703333E+01 -4.52920000E+01 -4.52203333E+01 -4.50283333E+01 -4.52323333E+01 -4.52536667E+01 
 -4.52070000E+01 -4.48456667E+01 -4.45480000E+01 -4.46293333E+01 -4.47380000E+01 -4.48020000E+01 -4.46906667E+01 -4.47036667E+01 -4.44500000E+01 -4.44940000E+01 
 -4.43416667E+01 -4.42333333E+01 -4.42963333E+01 -4.44250000E+01 -4.43340000E+01 -4.43453333E+01 -4.43726667E+01 -4.43013333E+01 -4.44013333E+01 -4.43460000E+01 
 -4.44600000E+01 -4.44550000E+01 -4.43973333E+01 -4.41993333E+01 -4.39620000E+01 -4.39970000E+01 -4.38463333E+01 -4.37916667E+01 -4.38823333E+01 -4.38696667E+01 
 -4.37623333E+01 -4.36473333E+01 -4.35536667E+01 -4.35636667E+01 -4.34700000E+01 -4.33886667E+01 -4.33160000E+01 -4.31326667E+01 -4.33433333E+01 -4.35130000E+01 
 -4.35536667E+01 -4.35810000E+01 -4.33693333E+01 -4.32180000E+01 -4.29426667E+01 -4.31136667E+01 -4.30833333E+01 -4.27773333E+01 -4.27880000E+01 -4.30266667E+01 
 -4.30590000E+01 -4.31243333E+01 -4.30940000E+01 -4.33036667E+01 -4.32406667E+01 -4.27456667E+01 -4.25940000E+01 -4.27090000E+01 -4.26606667E+01 -4.26613333E+01 
 -4.26416667E+01 -4.26453333E+01 -4.27123333E+01 -4.26443333E+01 -4.24530000E+01 -4.25243333E+01 -4.24293333E+01 -4.21833333E+01 -4.23286667E+01 -4.20243333E+01 
 -4.19200000E+01 -4.17423333E+01 -4.16616667E+01 -4.18710000E+01 -4.17083333E+01 -4.17116667E+01 -4.11880000E+01 -4.10573333E+01 -4.08403333E+01 -4.08093333E+01 
 -4.04720000E+01 -4.05580000E+01 -4.05070000E+01 -4.03250000E+01 -4.02880000E+01 -4.01940000E+01 -4.02720000E+01 -3.98563333E+01 -3.98073333E+01 -3.98910000E+01 
 -3.98123333E+01 -3.95353333E+01 -3.93236667E+01 -3.92476667E+01 -3.89246667E+01 -3.89576667E+01 -3.91406667E+01 -3.89053333E+01 -3.91396667E+01 -3.92073333E+01 
 -3.89846667E+01 -3.92390000E+01 -3.90950000E+01 -3.88336667E+01 -3.86323333E+01 -3.87990000E+01 -3.85236667E+01 -3.84346667E+01 -3.82816667E+01 -3.80210000E+01 
 -3.79686667E+01 -3.78270000E+01 -3.79326667E+01 -3.78883333E+01 -3.78570000E+01 -3.80320000E+01 -3.78463333E+01 -3.74923333E+01 -3.71963333E+01 -3.71496667E+01 
 -3.71736667E+01 -3.66970000E+01 -3.65663333E+01 -3.65320000E+01 -3.62106667E+01 -3.64970000E+01 -3.63193333E+01 -3.62146667E+01 -3.60066667E+01 -3.59270000E+01 
 -3.57380000E+01 -3.55973333E+01 -3.54453333E+01 -3.53863333E+01 -3.52316667E+01 -3.49360000E+01 -3.48450000E+01 -3.47680000E+01 -3.46370000E+01 -3.46616667E+01 
 -3.44183333E+01 -3.42290000E+01 -3.39326667E+01 -3.40993333E+01 -3.38390000E+01 -3.35133333E+01 -3.37536667E+01 -3.32560000E+01 -3.33190000E+01 -3.32566667E+01 
 -3.31716667E+01 -3.32670000E+01 -3.29290000E+01 -3.29823333E+01 -3.26343333E+01 -3.25573333E+01 -3.23933333E+01 -3.20633333E+01 -3.19203333E+01 -3.17056667E+01 
 -3.16756667E+01 -3.13736667E+01 -3.09816667E+01 -3.09230000E+01 -3.04776667E+01 -2.99676667E+01 -2.99520000E+01 -2.97166667E+01 -2.97676667E+01 -2.96303333E+01 
 -2.95023333E+01 -2.92163333E+01 -2.91740000E+01 -2.86753333E+01 -2.78973333E+01 -2.76883333E+01 -2.76746667E+01 -2.70646667E+01 -2.69060000E+01 -2.72226667E+01 
 -2.69606667E+01 -2.69500000E+01 -2.69813333E+01 -2.67613333E+01 -2.65233333E+01 -2.62423333E+01 -2.61640000E+01 -2.59876667E+01 -2.58570000E+01 -2.54786667E+01 
 -2.54790000E+01 -2.51753333E+01 -2.46623333E+01 -2.43646667E+01 -2.41626667E+01 -2.40933333E+01 -2.37170000E+01 -2.38886667E+01 -2.39700000E+01 -2.34913333E+01 
 -2.33680000E+01 -2.30353333E+01 -2.30226667E+01 -2.28400000E+01 -2.24240000E+01 -2.20106667E+01 -2.15986667E+01 -2.14663333E+01 -2.13916667E+01 -2.13180000E+01 
 -2.11203333E+01 -2.08533333E+01 -2.00973333E+01 -2.01500000E+01 -1.96033333E+01 -1.93970000E+01 -1.92056667E+01 -1.88086667E+01 -1.86066667E+01 -1.86793333E+01 
 -1.80910000E+01 -1.80370000E+01 -1.81946667E+01 -1.76056667E+01 -1.74993333E+01 -1.74726667E+01 -1.72173333E+01 -1.66593333E+01 -1.64926667E+01 -1.62953333E+01 
 -1.59186667E+01 -1.56263333E+01 -1.52950000E+01 -1.54266667E+01 -1.47190000E+01 -1.43246667E+01 -1.36290000E+01 -1.30940000E+01 -1.31820000E+01 -1.31493333E+01 
 -1.26690000E+01 -1.25716667E+01 -1.22106667E+01 -1.24043333E+01 -1.21610000E+01 -1.18130000E+01 -1.17563333E+01 -1.18473333E+01 -1.15150000E+01 -1.15533333E+01 
 -1.13493333E+01 -1.11846667E+01 -1.08113333E+01 -1.06406667E+01 -1.02976667E+01 -1.05633333E+01 -1.01436667E+01 -9.95366667E+00 -9.89233333E+00 -1.00776667E+01 
 -9.80400000E+00 -9.57033333E+00 -9.59433333E+00 -9.49566667E+00 -9.39933333E+00 -9.24966667E+00 -9.35233333E+00 -9.43133333E+00 -9.09266667E+00 -8.91100000E+00 
 -8.57066667E+00 -8.61533333E+00 -7.94966667E+00 -7.86166667E+00 -7.70533333E+00 -7.64400000E+00 -7.18033333E+00 -6.93700000E+00 -6.81800000E+00 -7.21033333E+00 
 -6.65533333E+00 -6.24100000E+00 -6.25266667E+00 -6.04733333E+00 -6.00900000E+00 -6.10900000E+00 -6.17100000E+00 -6.30633333E+00 -6.35666667E+00 -6.04600000E+00 
 -5.75333333E+00 -6.13666667E+00 -5.91166667E+00 -5.81466667E+00 -5.56200000E+00 -5.31266667E+00 -5.25500000E+00 -5.31200000E+00 -5.41000000E+00 -5.04800000E+00 
 -5.23900000E+00 -5.02033333E+00 -4.71600000E+00 -4.74366667E+00 -5.00233333E+00 -4.94033333E+00 -5.03933333E+00 -4.86766667E+00 -4.54366667E+00 -4.55233333E+00 
 -4.68733333E+00 -4.72000000E+00 -4.44433333E+00 -4.36233333E+00 -3.98333333E+00 -4.08533333E+00 -4.00200000E+00 -4.26200000E+00 -4.30700000E+00 -4.25833333E+00 
 -4.24333333E+00 -4.00600000E+00 -3.73766667E+00 -3.90666667E+00 -3.49066667E+00 -3.45700000E+00 -3.72200000E+00 -3.56333333E+00 -3.16866667E+00 -3.44966667E+00 
 -3.34766667E+00 -2.97500000E+00 -3.24733333E+00 -3.44333333E+00 -3.21233333E+00 -2.77633333E+00 -2.82500000E+00 -3.10333333E+00 -3.02566667E+00 -3.10600000E+00 
 -3.22200000E+00 -3.03800000E+00 -3.13600000E+00 -2.85033333E+00 -2.92833333E+00 -2.85000000E+00 -2.84833333E+00 -2.79566667E+00 -2.90766667E+00 -2.56100000E+00 
 -2.11833333E+00 -2.64600000E+00 -2.37600000E+00 -2.34633333E+00 -2.54133333E+00 -2.13533333E+00 -2.15733333E+00 -2.21966667E+00 -2.55566667E+00 -2.36366667E+00 
 -2.44433333E+00 -2.59300000E+00 -2.53266667E+00 -2.19300000E+00 -2.49766667E+00 -2.30200000E+00 -2.38600000E+00 -2.46533333E+00 -2.86000000E+00 -2.79466667E+00 
 -2.67666667E+00 -2.55700000E+00 -2.56000000E+00 -2.70400000E+00 -2.47700000E+00 -2.37366667E+00 -2.37100000E+00 -2.11366667E+00 -1.83966667E+00 -2.07033333E+00 
 -2.02433333E+00 -2.12366667E+00 -2.00166667E+00 -1.98933333E+00 -1.82300000E+00 -2.07966667E+00 -1.77633333E+00 -1.73300000E+00 -1.80000000E+00 -2.13300000E+00 
 -2.11066667E+00 -2.38833333E+00 -1.99300000E+00 -2.22800000E+00 -2.21200000E+00 -2.15766667E+00 -2.43200000E+00 -2.38166667E+00 -2.27400000E+00 -2.00366667E+00 
 -2.21266667E+00 -1.72266667E+00 -1.77200000E+00 -1.64200000E+00 -1.75666667E+00 -1.42666667E+00 -1.60900000E+00 -1.53300000E+00 -1.46933333E+00 -1.52766667E+00 
 -1.59100000E+00 -1.71100000E+00 -1.53466667E+00 -1.46233333E+00 -1.47300000E+00 -1.27633333E+00 -1.42633333E+00 -1.58333333E+00 -1.52000000E+00 -1.77400000E+00 
 -1.61366667E+00 -1.59100000E+00 -1.58066667E+00 -1.56266667E+00 -1.68266667E+00 -1.29800000E+00 -1.69366667E+00 -1.58700000E+00 -1.66400000E+00 -1.71900000E+00 
 -1.66300000E+00 -1.46800000E+00 -1.49066667E+00 -1.40833333E+00 -1.47133333E+00 -1.63266667E+00 -1.65533333E+00 -1.80700000E+00 -1.46566667E+00 -1.38533333E+00 
 -1.39300000E+00 -1.46766667E+00 -1.38933333E+00 -1.56833333E+00 -1.65200000E+00 -1.31433333E+00 -1.45500000E+00 -1.39866667E+00 -1.81800000E+00 -1.59900000E+00 
 -1.58600000E+00 -1.28366667E+00 -1.58000000E+00 -1.46433333E+00 -1.32966667E+00 -1.42233333E+00 -1.53900000E+00 -1.41366667E+00 -1.61033333E+00 -1.57433333E+00 
 -1.27400000E+00 -1.15733333E+00 -9.65666667E-01 -9.61333333E-01 -1.17000000E+00 -1.10433333E+00 -1.01300000E+00 -1.14633333E+00 -1.42633333E+00 -1.31633333E+00 
 -1.33533333E+00 -1.23400000E+00 -1.31233333E+00 -1.16200000E+00 -1.21166667E+00 -1.15966667E+00 -1.09400000E+00 -1.22400000E+00 -1.16633333E+00 -1.07733333E+00 
 -9.74666667E-01 -1.10800000E+00 -1.27033333E+00 -1.21433333E+00 -1.28033333E+00 -1.15600000E+00 -1.19033333E+00 -9.75333333E-01 -8.94333333E-01 -1.11900000E+00 
 -9.22333333E-01 -1.04666667E+00 -1.23200000E+00 -1.18100000E+00 -1.23633333E+00 -1.37933333E+00 -9.93333333E-01 -9.12666667E-01 -9.78000000E-01 -1.08233333E+00 
 -1.12100000E+00 -8.11666667E-01 -9.53333333E-01 -1.02233333E+00 -1.02800000E+00 -1.01300000E+00 -1.06800000E+00 -9.89000000E-01 -1.23600000E+00 -1.02833333E+00 
 -9.14666667E-01 -8.64666667E-01 -8.06000000E-01 -8.39000000E-01 -7.46333333E-01 -9.15666667E-01 -1.01133333E+00 -1.01400000E+00 -1.13900000E+00 -1.02000000E+00 
 -9.34666667E-01 -8.90000000E-01 -8.10666667E-01 -8.87333333E-01 -9.83000000E-01 -1.03200000E+00 -9.04333333E-01 -8.63333333E-01 -8.28333333E-01 -8.39666667E-01 
 -9.78000000E-01 -1.04200000E+00 -8.89666667E-01 -9.59000000E-01 -1.00266667E+00 -1.24866667E+00 -1.15500000E+00 -8.55333333E-01 -9.38333333E-01 -1.20000000E+00 
 -1.09700000E+00 -8.52666667E-01 -9.73333333E-01 -1.18766667E+00 -1.12900000E+00 -1.06300000E+00 -1.22666667E+00 -1.09733333E+00 -9.98333333E-01 -9.19666667E-01 
 -7.92666667E-01 -8.80000000E-01 -6.68000000E-01 -8.86333333E-01 -7.53666667E-01 -8.09000000E-01 -8.08666667E-01 -9.89000000E-01 -1.04566667E+00 -1.03200000E+00 
 -9.55666667E-01 -7.16000000E-01 -6.26000000E-01 -9.19333333E-01 -9.68333333E-01 -8.97333333E-01 -8.78000000E-01 -8.46333333E-01 -8.41333333E-01 -6.74333333E-01 
