  0.00000000E+00 -1.10176667E+01 -1.24760000E+01 -1.37213333E+01 -1.38553333E+01 -1.43913333E+01 -1.43423333E+01 -1.39810000E+01 -1.46833333E+01 -1.39456667E+01 
 -1.32796667E+01 -1.36360000E+01 -1.45656667E+01 -1.48796667E+01 -1.38103333E+01 -1.38523333E+01 -1.46203333E+01 -1.42303333E+01 -1.45160000E+01 -1.42106667E+01 
 -1.45113333E+01 -1.59150000E+01 -1.47723333E+01 -1.50326667E+01 -1.53606667E+01 -1.53286667E+01 -1.48020000E+01 -1.37893333E+01 -1.56036667E+01 -1.54660000E+01 
 -1.61960000E+01 -1.65570000E+01 -1.59030000E+01 -1.46113333E+01 -1.49046667E+01 -1.51106667E+01 -1.48170000E+01 -1.51286667E+01 -1.55163333E+01 -1.61823333E+01 
 -1.48330000E+01 -1.56346667E+01 -1.59446667E+01 -1.59113333E+01 -1.63450000E+01 -1.70510000E+01 -1.73203333E+01 -1.65543333E+01 -1.65836667E+01 -1.60650000E+01 
 -1.65463333E+01 -1.70186667E+01 -1.71803333E+01 -1.72813333E+01 -1.70466667E+01 -1.77570000E+01 -1.74693333E+01 -1.76240000E+01 -1.71263333E+01 -1.74083333E+01 
 -1.70910000E+01 -1.82380000E+01 -1.91063333E+01 -1.85863333E+01 -1.75096667E+01 -1.70403333E+01 -1.75980000E+01 -1.73100000E+01 -1.70326667E+01 -1.84066667E+01 
 -1.72210000E+01 -1.88000000E+01 -1.85476667E+01 -1.93956667E+01 -1.80810000E+01 -1.84916667E+01 -1.89383333E+01 -1.94166667E+01 -1.91056667E+01 -1.82976667E+01 
 -1.81480000E+01 -1.96436667E+01 -1.88000000E+01 -2.03006667E+01 -2.06533333E+01 -2.04083333E+01 -2.05993333E+01 -2.07243333E+01 -2.00290000E+01 -1.99436667E+01 
 -1.99586667E+01 -2.05413333E+01 -2.11796667E+01 -2.09670000E+01 -2.18550000E+01 -2.11490000E+01 -2.16973333E+01 -2.20203333E+01 -2.16866667E+01 -2.13553333E+01 
 -2.02240000E+01 -2.19686667E+01 -2.24343333E+01 -2.18993333E+01 -2.24453333E+01 -2.28050000E+01 -2.19916667E+01 -2.29750000E+01 -2.21513333E+01 -2.24073333E+01 
 -2.17026667E+01 -2.13130000E+01 -2.16340000E+01 -2.16890000E+01 -2.09073333E+01 -2.15386667E+01 -2.26343333E+01 -2.30400000E+01 -2.17823333E+01 -2.22260000E+01 
 -2.24230000E+01 -2.33453333E+01 -2.42810000E+01 -2.43893333E+01 -2.47593333E+01 -2.54740000E+01 -2.50826667E+01 -2.46600000E+01 -2.50413333E+01 -2.47146667E+01 
 -2.42810000E+01 -2.62203333E+01 -2.63136667E+01 -2.58820000E+01 -2.62923333E+01 -2.73543333E+01 -2.62063333E+01 -2.70370000E+01 -2.65366667E+01 -2.72760000E+01 
 -2.65893333E+01 -2.66530000E+01 -2.64903333E+01 -2.60890000E+01 -2.57920000E+01 -2.55073333E+01 -2.62473333E+01 -2.78150000E+01 -2.80196667E+01 -2.78873333E+01 
 -2.70443333E+01 -2.86160000E+01 -2.89390000E+01 -2.91343333E+01 -2.93500000E+01 -2.94203333E+01 -2.96130000E+01 -3.01863333E+01 -2.98190000E+01 -3.03280000E+01 
 -2.86120000E+01 -2.98140000E+01 -2.92783333E+01 -3.02526667E+01 -3.08596667E+01 -3.07026667E+01 -3.10066667E+01 -3.17043333E+01 -3.25860000E+01 -3.32810000E+01 
 -3.32913333E+01 -3.30823333E+01 -3.23940000E+01 -3.21483333E+01 -3.40803333E+01 -3.31786667E+01 -3.48080000E+01 -3.43886667E+01 -3.43930000E+01 -3.35310000E+01 
 -3.44933333E+01 -3.42183333E+01 -3.55923333E+01 -3.43643333E+01 -3.52830000E+01 -3.53983333E+01 -3.51010000E+01 -3.44993333E+01 -3.43823333E+01 -3.49743333E+01 
 -3.51356667E+01 -3.53826667E+01 -3.57623333E+01 -3.71406667E+01 -3.69763333E+01 -3.61860000E+01 -3.75333333E+01 -3.70796667E+01 -3.73823333E+01 -3.74853333E+01 
 -3.82940000E+01 -3.85920000E+01 -3.85020000E+01 -3.97673333E+01 -4.05680000E+01 -4.07870000E+01 -4.14383333E+01 -4.03896667E+01 -4.09060000E+01 -3.98680000E+01 
 -4.09736667E+01 -4.19616667E+01 -4.23273333E+01 -4.29483333E+01 -4.34343333E+01 -4.25453333E+01 -4.23666667E+01 -4.21830000E+01 -4.35873333E+01 -4.37850000E+01 
 -4.44026667E+01 -4.51023333E+01 -4.59616667E+01 -4.66016667E+01 -4.61836667E+01 -4.79053333E+01 -4.80980000E+01 -4.87530000E+01 -4.81940000E+01 -4.80776667E+01 
 -4.72246667E+01 -4.81043333E+01 -4.98693333E+01 -5.12946667E+01 -5.28440000E+01 -5.27763333E+01 -5.31740000E+01 -5.32073333E+01 -5.41023333E+01 -5.33290000E+01 
 -5.45190000E+01 -5.60833333E+01 -5.71036667E+01 -5.88203333E+01 -5.69896667E+01 -5.74640000E+01 -5.71553333E+01 -5.70833333E+01 -5.72573333E+01 -5.81916667E+01 
 -5.83776667E+01 -5.96963333E+01 -6.12440000E+01 -6.10483333E+01 -6.18630000E+01 -6.18763333E+01 -6.26170000E+01 -6.26830000E+01 -6.47153333E+01 -6.49476667E+01 
 -6.55256667E+01 -6.64240000E+01 -6.56346667E+01 -6.64646667E+01 -6.76830000E+01 -6.68926667E+01 -6.73093333E+01 -6.69930000E+01 -6.87496667E+01 -6.95820000E+01 
 -6.86700000E+01 -6.90890000E+01 -6.93920000E+01 -7.11583333E+01 -7.26876667E+01 -7.29080000E+01 -7.44286667E+01 -7.43413333E+01 -7.53773333E+01 -7.36970000E+01 
 -7.59196667E+01 -7.77413333E+01 -7.88983333E+01 -7.98506667E+01 -8.02150000E+01 -8.11690000E+01 -8.17813333E+01 -8.31136667E+01 -8.40976667E+01 -8.32360000E+01 
 -8.34336667E+01 -8.50170000E+01 -8.62760000E+01 -8.74630000E+01 -8.83323333E+01 -8.78350000E+01 -8.83993333E+01 -8.90543333E+01 -9.01213333E+01 -8.89526667E+01 
 -9.01793333E+01 -9.25270000E+01 -9.30060000E+01 -9.41943333E+01 -9.55656667E+01 -9.57076667E+01 -9.78880000E+01 -9.83993333E+01 -9.88140000E+01 -9.92046667E+01 
 -1.01018333E+02 -1.02127333E+02 -1.03625000E+02 -1.04628333E+02 -1.05931333E+02 -1.07661333E+02 -1.07632000E+02 -1.09890333E+02 -1.10327333E+02 -1.10167333E+02 
 -1.09822000E+02 -1.11804333E+02 -1.11322000E+02 -1.12541333E+02 -1.14037667E+02 -1.14780667E+02 -1.17351667E+02 -1.18598667E+02 -1.18576000E+02 -1.21128667E+02 
 -1.21483667E+02 -1.22663333E+02 -1.24118667E+02 -1.26416333E+02 -1.28582667E+02 -1.31045333E+02 -1.32041333E+02 -1.31709000E+02 -1.32383333E+02 -1.33116333E+02 
 -1.33922667E+02 -1.34892000E+02 -1.36028667E+02 -1.37355333E+02 -1.39895333E+02 -1.40462333E+02 -1.42212000E+02 -1.43215000E+02 -1.44690333E+02 -1.44852667E+02 
 -1.45218333E+02 -1.46772000E+02 -1.49541000E+02 -1.51998333E+02 -1.55233333E+02 -1.55844333E+02 -1.57822333E+02 -1.60872000E+02 -1.63143000E+02 -1.65629000E+02 
 -1.67288000E+02 -1.69530667E+02 -1.70492000E+02 -1.72799000E+02 -1.73487333E+02 -1.75661000E+02 -1.78562000E+02 -1.79261000E+02 -1.79320000E+02 -1.80895667E+02 
 -1.83702333E+02 -1.85976000E+02 -1.88179000E+02 -1.89752667E+02 -1.91544000E+02 -1.94898333E+02 -1.97071000E+02 -1.97171333E+02 -1.99303000E+02 -2.02367000E+02 
 -2.05115667E+02 -2.09420333E+02 -2.12239667E+02 -2.15010667E+02 -2.17316333E+02 -2.19303667E+02 -2.23029000E+02 -2.25076667E+02 -2.27391333E+02 -2.28346000E+02 
 -2.29308000E+02 -2.32048000E+02 -2.34610000E+02 -2.37033333E+02 -2.39234333E+02 -2.42377667E+02 -2.44051333E+02 -2.46954333E+02 -2.49067000E+02 -2.51590667E+02 
 -2.54340667E+02 -2.57606000E+02 -2.60652000E+02 -2.64227667E+02 -2.67131667E+02 -2.69758667E+02 -2.72171667E+02 -2.75406667E+02 -2.77564333E+02 -2.79800000E+02 
 -2.82762667E+02 -2.86184333E+02 -2.88771667E+02 -2.90435000E+02 -2.93093333E+02 -2.96200000E+02 -2.98761667E+02 -3.01185000E+02 -3.04426000E+02 -3.08268667E+02 
 -3.11181000E+02 -3.15382333E+02 -3.18939333E+02 -3.20865667E+02 -3.24943333E+02 -3.27610667E+02 -3.31262333E+02 -3.33145333E+02 -3.35356333E+02 -3.38172333E+02 
 -3.41318333E+02 -3.45473000E+02 -3.49353333E+02 -3.52683333E+02 -3.54876333E+02 -3.56541333E+02 -3.59705667E+02 -3.62822000E+02 -3.65555000E+02 -3.67816667E+02 
 -3.70533667E+02 -3.75123000E+02 -3.78626667E+02 -3.81858000E+02 -3.85542333E+02 -3.89672667E+02 -3.92177667E+02 -3.97127000E+02 -3.99787667E+02 -4.03032333E+02 
 -4.06217000E+02 -4.10241000E+02 -4.14359333E+02 -4.17836000E+02 -4.22540667E+02 -4.25677667E+02 -4.31375667E+02 -4.34523667E+02 -4.37486667E+02 -4.40038000E+02 
 -4.44184333E+02 -4.48107333E+02 -4.51741667E+02 -4.54677000E+02 -4.57259333E+02 -4.60233000E+02 -4.64669333E+02 -4.68008333E+02 -4.72022000E+02 -4.74562333E+02 
 -4.78067667E+02 -4.81608667E+02 -4.83974333E+02 -4.87853000E+02 -4.91897000E+02 -4.95735333E+02 -4.99377667E+02 -5.01742333E+02 -5.05297667E+02 -5.08747667E+02 
 -5.12064333E+02 -5.16167333E+02 -5.20722000E+02 -5.23645333E+02 -5.27836667E+02 -5.30629333E+02 -5.34516000E+02 -5.37145333E+02 -5.42230000E+02 -5.44974000E+02 
 -5.46793667E+02 -5.50309000E+02 -5.54537333E+02 -5.56960667E+02 -5.60983667E+02 -5.65052000E+02 -5.67911333E+02 -5.69969333E+02 -5.73073333E+02 -5.75501667E+02 
 -5.78552333E+02 -5.81092667E+02 -5.84971333E+02 -5.88976000E+02 -5.91410667E+02 -5.94703667E+02 -5.97958667E+02 -6.01242667E+02 -6.03196667E+02 -6.05098667E+02 
 -6.07659000E+02 -6.10930000E+02 -6.13478000E+02 -6.16354333E+02 -6.19030667E+02 -6.21784667E+02 -6.24205667E+02 -6.26583333E+02 -6.27573667E+02 -6.29677000E+02 
 -6.32138000E+02 -6.35575000E+02 -6.37181667E+02 -6.40097667E+02 -6.42395667E+02 -6.45481000E+02 -6.49057667E+02 -6.51630667E+02 -6.54311333E+02 -6.57402667E+02 
 -6.59513000E+02 -6.61849333E+02 -6.63515333E+02 -6.65927667E+02 -6.67859000E+02 -6.68982667E+02 -6.71549333E+02 -6.74829333E+02 -6.76218000E+02 -6.79413667E+02 
 -6.81702667E+02 -6.83381667E+02 -6.86056667E+02 -6.88854000E+02 -6.90376667E+02 -6.93114000E+02 -6.94995000E+02 -6.96647000E+02 -6.98973000E+02 -7.00957000E+02 
 -7.02486667E+02 -7.03965000E+02 -7.05716000E+02 -7.07611000E+02 -7.09598000E+02 -7.11428667E+02 -7.12662333E+02 -7.13922667E+02 -7.15220667E+02 -7.16786667E+02 
 -7.18595667E+02 -7.20604333E+02 -7.22062667E+02 -7.23331667E+02 -7.24830000E+02 -7.26618000E+02 -7.27608000E+02 -7.28942000E+02 -7.30924667E+02 -7.31852667E+02 
 -7.33156667E+02 -7.35420000E+02 -7.36112000E+02 -7.36975000E+02 -7.38678333E+02 -7.39584667E+02 -7.40705333E+02 -7.41402000E+02 -7.42342333E+02 -7.43703667E+02 
 -7.44874667E+02 -7.45678667E+02 -7.47204000E+02 -7.48383667E+02 -7.48695000E+02 -7.50512333E+02 -7.51733333E+02 -7.52439000E+02 -7.53139000E+02 -7.54147000E+02 
 -7.55608667E+02 -7.56015000E+02 -7.56851667E+02 -7.57435333E+02 -7.58743333E+02 -7.59710000E+02 -7.60854333E+02 -7.61957333E+02 -7.63024333E+02 -7.63518333E+02 
 -7.64420000E+02 -7.64851667E+02 -7.65182333E+02 -7.65731667E+02 -7.66380333E+02 -7.68141333E+02 -7.69179333E+02 -7.69809333E+02 -7.70795000E+02 -7.71814000E+02 
 -7.72142333E+02 -7.72994000E+02 -7.74026000E+02 -7.74440333E+02 -7.75178000E+02 -7.75280000E+02 -7.76058000E+02 -7.76538000E+02 -7.77041000E+02 -7.77226667E+02 
 -7.77762333E+02 -7.78891667E+02 -7.79203667E+02 -7.80445333E+02 -7.80780000E+02 -7.81390667E+02 -7.81625333E+02 -7.82058000E+02 -7.81860333E+02 -7.82193667E+02 
 -7.82889000E+02 -7.83145667E+02 -7.83670667E+02 -7.84288667E+02 -7.84421333E+02 -7.84978333E+02 -7.85162000E+02 -7.85178333E+02 -7.85760667E+02 -7.86129333E+02 
 -7.86874333E+02 -7.87173333E+02 -7.87355000E+02 -7.88283000E+02 -7.88398333E+02 -7.88737667E+02 -7.88421000E+02 -7.88455667E+02 -7.88933667E+02 -7.88840000E+02 
 -7.89237000E+02 -7.90024000E+02 -7.89901000E+02 -7.90785000E+02 -7.90936333E+02 -7.91241000E+02 -7.91827000E+02 -7.91886000E+02 -7.92614333E+02 -7.92348667E+02 
 -7.92622333E+02 -7.92643667E+02 -7.93287000E+02 -7.93476667E+02 -7.93690667E+02 -7.93514000E+02 -7.93571333E+02 -7.93912000E+02 -7.94399000E+02 -7.94829333E+02 
 -7.95106000E+02 -7.95622000E+02 -7.95738000E+02 -7.95887000E+02 -7.95967667E+02 -7.95709667E+02 -7.96204667E+02 -7.96797000E+02 -7.96967667E+02 -7.96747000E+02 
 -7.97214333E+02 -7.97355000E+02 -7.97256333E+02 -7.96984333E+02 -7.97182667E+02 -7.97732333E+02 -7.98636000E+02 -7.98487000E+02 -7.99161000E+02 -7.99604333E+02 
 -7.99985000E+02 -8.00213000E+02 -8.00045000E+02 -8.00130667E+02 -8.00438667E+02 -8.00719000E+02 -8.01283667E+02 -8.01244333E+02 -8.01654667E+02 -8.01106000E+02 
 -8.00793333E+02 -8.00696333E+02 -8.00864667E+02 -8.01287667E+02 -8.01337333E+02 -8.01587667E+02 -8.01265667E+02 -8.01225000E+02 -8.01580000E+02 -8.01561333E+02 
 -8.02151333E+02 -8.02263000E+02 -8.01963667E+02 -8.02500000E+02 -8.02297333E+02 -8.02650333E+02 -8.02658667E+02 -8.03093000E+02 -8.03317333E+02 -8.03401667E+02 
 -8.03598000E+02 -8.03388333E+02 -8.03372333E+02 -8.03701333E+02 -8.03582000E+02 -8.03486667E+02 -8.03645333E+02 -8.03898667E+02 -8.03514000E+02 -8.03865000E+02 
 -8.03707667E+02 -8.03976333E+02 -8.04048667E+02 -8.04175667E+02 -8.04345667E+02 -8.04265667E+02 -8.04565000E+02 -8.04526667E+02 -8.04629000E+02 -8.04588333E+02 
 -8.05128667E+02 -8.05619000E+02 -8.05563333E+02 -8.05406667E+02 -8.05453667E+02 -8.05162333E+02 -8.05633333E+02 -8.05487000E+02 -8.05661333E+02 -8.05787000E+02 
 -8.05984667E+02 -8.06376000E+02 -8.06911333E+02 -8.06278000E+02 -8.06699000E+02 -8.06775000E+02 -8.07205333E+02 -8.07040333E+02 -8.07095667E+02 -8.06710667E+02 
 -8.06888333E+02 -8.06876333E+02 -8.07231333E+02 -8.07234000E+02 -8.07327667E+02 -8.07281000E+02 -8.07340000E+02 -8.07551667E+02 -8.07586000E+02 -8.07197667E+02 
 -8.07874333E+02 -8.07696000E+02 -8.07590667E+02 -8.07882333E+02 -8.08363000E+02 -8.08108667E+02 -8.08037667E+02 -8.08405333E+02 -8.08509000E+02 -8.08374667E+02 
 -8.08006000E+02 -8.08473000E+02 -8.08415000E+02 -8.08336000E+02 -8.08544333E+02 -8.08777333E+02 -8.08746000E+02 -8.08823333E+02 -8.08797333E+02 -8.08641333E+02 
 -8.08524667E+02 -8.08929667E+02 -8.08957000E+02 -8.08944000E+02 -8.08965000E+02 -8.09339000E+02 -8.09569667E+02 -8.09356667E+02 -8.09663000E+02 -8.09812667E+02 
 -8.09491000E+02 -8.09517333E+02 -8.09554000E+02 -8.09773667E+02 -8.09817667E+02 -8.09424333E+02 -8.09174667E+02 -8.09338667E+02 -8.09306000E+02 -8.09245667E+02 
 -8.09105333E+02 -8.09434667E+02 -8.09324667E+02 -8.09117000E+02 -8.09136667E+02 -8.09162000E+02 -8.08984333E+02 -8.08735333E+02 -8.08675000E+02 -8.08963667E+02 
 -8.08767333E+02 -8.08967333E+02 -8.08500000E+02 -8.08913000E+02 -8.08638333E+02 -8.08528333E+02 -8.08131333E+02 -8.08372000E+02 -8.08110667E+02 -8.08045000E+02 
 -8.08180667E+02 -8.08197333E+02 -8.07794333E+02 -8.07779667E+02 -8.07982000E+02 -8.07803333E+02 -8.07811667E+02 -8.08009333E+02 -8.07782000E+02 -8.08208667E+02 
 -8.08265333E+02 -8.08132000E+02 -8.07835333E+02 -8.07623333E+02 -8.07667000E+02 -8.07890667E+02 -8.08075667E+02 -8.07912000E+02 -8.08428667E+02 -8.07984667E+02 
 -8.08009000E+02 -8.07682333E+02 -8.07268667E+02 -8.07473000E+02 -8.07137000E+02 -8.07320667E+02 -8.06933667E+02 -8.07240333E+02 -8.07227000E+02 -8.07346333E+02 
 -8.07139333E+02 -8.06867000E+02 -8.06516333E+02 -8.06608000E+02 -8.06213667E+02 -8.06067333E+02 -8.05841333E+02 -8.05909667E+02 -8.05732667E+02 -8.05513667E+02 
 -8.05621667E+02 -8.05404000E+02 -8.04956667E+02 -8.05132000E+02 -8.04809333E+02 -8.04684667E+02 -8.04805667E+02 -8.05054333E+02 -8.04875667E+02 -8.04201667E+02 
 -8.04484667E+02 -8.04377333E+02 -8.04464333E+02 -8.04232000E+02 -8.04271667E+02 -8.04283000E+02 -8.04024667E+02 -8.04369333E+02 -8.04233667E+02 -8.04466333E+02 
 -8.03925667E+02 -8.03503667E+02 -8.03630333E+02 -8.04462333E+02 -8.04154333E+02 -8.03946667E+02 -8.03567000E+02 -8.03982333E+02 -8.03973000E+02 -8.04095333E+02 
 -8.03928000E+02 -8.03491667E+02 -8.03394000E+02 -8.03346333E+02 -8.02761000E+02 -8.02860000E+02 -8.02359000E+02 -8.01819000E+02 -8.02271667E+02 -8.02444667E+02 
 -8.02866667E+02 -8.02723333E+02 -8.02411667E+02 -8.02320333E+02 -8.01563333E+02 -8.01052000E+02 -8.01566000E+02 -8.01405000E+02 -8.01284333E+02 -8.01097667E+02 
 -8.01198333E+02 -8.00883333E+02 -8.00626000E+02 -8.01031667E+02 -8.00737333E+02 -8.00575000E+02 -8.00599000E+02 -8.00696333E+02 -8.00451667E+02 -8.00100667E+02 
 -8.00303333E+02 -7.99816333E+02 -7.99453667E+02 -7.99089333E+02 -7.99084333E+02 -7.99273333E+02 -7.99292667E+02 -7.99281333E+02 -7.98751333E+02 -7.98253333E+02 
 -7.98400667E+02 -7.98316333E+02 -7.98097667E+02 -7.98337667E+02 -7.98807667E+02 -7.98631000E+02 -7.98498000E+02 -7.98111667E+02 -7.97747333E+02 -7.97677667E+02 
 -7.97610000E+02 -7.97723333E+02 -7.97537333E+02 -7.97274000E+02 -7.96715333E+02 -7.97163333E+02 -7.96980667E+02 -7.96600333E+02 -7.96860000E+02 -7.96655000E+02 
 -7.96363000E+02 -7.96413333E+02 -7.96069000E+02 -7.95226000E+02 -7.95325333E+02 -7.95145333E+02 -7.94480333E+02 -7.94145000E+02 -7.94195333E+02 -7.93708333E+02 
 -7.93539667E+02 -7.92927667E+02 -7.92738333E+02 -7.92203333E+02 -7.91965333E+02 -7.92172333E+02 -7.91494333E+02 -7.91209667E+02 -7.91414667E+02 -7.91619000E+02 
 -7.91263667E+02 -7.91161667E+02 -7.91266000E+02 -7.91420000E+02 -7.90960667E+02 -7.90757333E+02 -7.90400333E+02 -7.90497000E+02 -7.90660333E+02 -7.90655667E+02 
 -7.91031000E+02 -7.90671667E+02 -7.90450000E+02 -7.90414333E+02 -7.90080000E+02 -7.89577333E+02 -7.89371000E+02 -7.88951667E+02 -7.88593000E+02 -7.88799333E+02 
 -7.88252000E+02 -7.88378333E+02 -7.88127667E+02 -7.87710333E+02 -7.87506667E+02 -7.86374333E+02 -7.86270333E+02 -7.86179667E+02 -7.85556333E+02 -7.85735000E+02 
 -7.85728333E+02 -7.85242000E+02 -7.84991667E+02 -7.84994000E+02 -7.84638333E+02 -7.84545667E+02 -7.84251333E+02 -7.83070333E+02 -7.82954333E+02 -7.83405333E+02 
 -7.83750667E+02 -7.83372000E+02 -7.83422667E+02 -7.83696000E+02 -7.82787667E+02 -7.82513333E+02 -7.82650000E+02 -7.81582333E+02 -7.81854333E+02 -7.82120333E+02 
 -7.81622667E+02 -7.81547667E+02 -7.81399000E+02 -7.80853333E+02 -7.79660000E+02 -7.79974000E+02 -7.79535000E+02 -7.79678667E+02 -7.79262333E+02 -7.78236000E+02 
 -7.77510333E+02 -7.77724667E+02 -7.76752000E+02 -7.75690333E+02 -7.75478000E+02 -7.75697667E+02 -7.74633000E+02 -7.74793667E+02 -7.74658667E+02 -7.74090333E+02 
 -7.72838333E+02 -7.72790333E+02 -7.72207000E+02 -7.72364667E+02 -7.71854667E+02 -7.71157000E+02 -7.69959333E+02 -7.69881000E+02 -7.69240000E+02 -7.68336333E+02 
 -7.68501333E+02 -7.68151000E+02 -7.66977667E+02 -7.66873000E+02 -7.66467333E+02 -7.65021667E+02 -7.65073333E+02 -7.64777333E+02 -7.64678000E+02 -7.64125333E+02 
 -7.63672333E+02 -7.63504667E+02 -7.62496000E+02 -7.61488333E+02 -7.60548000E+02 -7.59586333E+02 -7.59522000E+02 -7.59254000E+02 -7.58691667E+02 -7.57858333E+02 
 -7.57296667E+02 -7.56481667E+02 -7.55859000E+02 -7.55731000E+02 -7.55570333E+02 -7.54898333E+02 -7.53906333E+02 -7.53466000E+02 -7.51307667E+02 -7.50802000E+02 
 -7.51071333E+02 -7.49546667E+02 -7.48958000E+02 -7.47645333E+02 -7.47724333E+02 -7.46704333E+02 -7.46297333E+02 -7.45824667E+02 -7.44933000E+02 -7.42919667E+02 
 -7.41772000E+02 -7.40363667E+02 -7.38814333E+02 -7.38056667E+02 -7.36732000E+02 -7.36490000E+02 -7.36017333E+02 -7.34733000E+02 -7.34635333E+02 -7.33651667E+02 
 -7.33699000E+02 -7.32751333E+02 -7.32658333E+02 -7.31442333E+02 -7.30551333E+02 -7.29297667E+02 -7.28436667E+02 -7.27718667E+02 -7.25757333E+02 -7.25249000E+02 
 -7.25319667E+02 -7.23944000E+02 -7.22576333E+02 -7.21167000E+02 -7.19561000E+02 -7.18018000E+02 -7.15810667E+02 -7.14978667E+02 -7.13561000E+02 -7.12068333E+02 
 -7.10892000E+02 -7.10768000E+02 -7.08771667E+02 -7.06728667E+02 -7.04524333E+02 -7.02940667E+02 -7.01460333E+02 -6.99673333E+02 -6.98019333E+02 -6.96868333E+02 
 -6.96066000E+02 -6.94808333E+02 -6.93985333E+02 -6.92466667E+02 -6.90973667E+02 -6.88385667E+02 -6.87294000E+02 -6.86099000E+02 -6.84950000E+02 -6.83094333E+02 
 -6.81559667E+02 -6.80009333E+02 -6.78327333E+02 -6.77432000E+02 -6.75988333E+02 -6.73419333E+02 -6.72259667E+02 -6.69290667E+02 -6.69055333E+02 -6.67715667E+02 
 -6.65213333E+02 -6.63731333E+02 -6.60516333E+02 -6.57572000E+02 -6.56423000E+02 -6.53592667E+02 -6.51559000E+02 -6.49925000E+02 -6.49444667E+02 -6.46985333E+02 
 -6.45032667E+02 -6.42538000E+02 -6.41676000E+02 -6.39827333E+02 -6.37732667E+02 -6.36133333E+02 -6.34000333E+02 -6.32896667E+02 -6.29904000E+02 -6.27240667E+02 
 -6.25071333E+02 -6.22859667E+02 -6.20556333E+02 -6.18496000E+02 -6.16375667E+02 -6.13651000E+02 -6.10884667E+02 -6.09407000E+02 -6.05896333E+02 -6.03876000E+02 
 -6.01208000E+02 -5.97708333E+02 -5.95275333E+02 -5.91605000E+02 -5.88411000E+02 -5.84671333E+02 -5.81505667E+02 -5.79708333E+02 -5.75797333E+02 -5.73510333E+02 
 -5.73035667E+02 -5.68483667E+02 -5.65231000E+02 -5.62883000E+02 -5.60547333E+02 -5.56849667E+02 -5.55492667E+02 -5.51430333E+02 -5.48498667E+02 -5.46547000E+02 
 -5.42883000E+02 -5.38570667E+02 -5.35369000E+02 -5.30544000E+02 -5.27404333E+02 -5.22737333E+02 -5.19385000E+02 -5.15699000E+02 -5.12006000E+02 -5.08263667E+02 
 -5.03931000E+02 -5.00971333E+02 -4.98168667E+02 -4.95143667E+02 -4.91114333E+02 -4.88829667E+02 -4.85205333E+02 -4.81818000E+02 -4.78675667E+02 -4.73743667E+02 
 -4.69909667E+02 -4.65977667E+02 -4.61293667E+02 -4.56716333E+02 -4.54225000E+02 -4.50523667E+02 -4.46245000E+02 -4.42815667E+02 -4.40759333E+02 -4.37449333E+02 
 -4.32997667E+02 -4.26909333E+02 -4.22700333E+02 -4.17528667E+02 -4.12052000E+02 -4.06978667E+02 -4.02755000E+02 -3.97815000E+02 -3.92879667E+02 -3.88611667E+02 
 -3.84866333E+02 -3.78967000E+02 -3.74085333E+02 -3.69878333E+02 -3.65621667E+02 -3.59702667E+02 -3.56647000E+02 -3.52537000E+02 -3.47242333E+02 -3.42189000E+02 
 -3.37807333E+02 -3.32514667E+02 -3.26823333E+02 -3.22846333E+02 -3.19220667E+02 -3.13640667E+02 -3.10744000E+02 -3.06860333E+02 -3.03904333E+02 -2.99377667E+02 
 -2.97510000E+02 -2.93504667E+02 -2.89445667E+02 -2.84507333E+02 -2.81112333E+02 -2.77182667E+02 -2.73746333E+02 -2.69625667E+02 -2.66533667E+02 -2.61812333E+02 
 -2.58140000E+02 -2.52802000E+02 -2.48400667E+02 -2.43040000E+02 -2.39222000E+02 -2.35843667E+02 -2.32214333E+02 -2.28345667E+02 -2.24265333E+02 -2.20187000E+02 
 -2.16373667E+02 -2.12875333E+02 -2.08493000E+02 -2.02548000E+02 -1.99528333E+02 -1.97481000E+02 -1.93737333E+02 -1.91003667E+02 -1.87014667E+02 -1.84886667E+02 
 -1.80596000E+02 -1.75807000E+02 -1.72777000E+02 -1.68145667E+02 -1.63755333E+02 -1.60398667E+02 -1.58185333E+02 -1.55696000E+02 -1.52492333E+02 -1.49263333E+02 
 -1.46254333E+02 -1.42848000E+02 -1.40200333E+02 -1.38074000E+02 -1.35411333E+02 -1.34033000E+02 -1.30815333E+02 -1.28484667E+02 -1.24871333E+02 -1.22539667E+02 
 -1.20161333E+02 -1.17632667E+02 -1.15077333E+02 -1.12061000E+02 -1.10660667E+02 -1.08729000E+02 -1.06612333E+02 -1.05081333E+02 -1.02839000E+02 -1.01976667E+02 
 -1.00103667E+02 -9.75663333E+01 -9.64286667E+01 -9.45486667E+01 -9.21420000E+01 -9.08006667E+01 -8.85516667E+01 -8.70856667E+01 -8.54646667E+01 -8.37846667E+01 
 -8.35556667E+01 -8.10046667E+01 -7.99686667E+01 -7.74626667E+01 -7.62776667E+01 -7.46003333E+01 -7.50786667E+01 -7.25756667E+01 -7.14883333E+01 -6.97300000E+01 
 -6.84090000E+01 -6.67070000E+01 -6.55860000E+01 -6.46903333E+01 -6.46096667E+01 -6.33773333E+01 -6.31520000E+01 -6.20683333E+01 -6.10710000E+01 -6.09290000E+01 
 -6.06730000E+01 -5.94710000E+01 -5.87346667E+01 -5.77363333E+01 -5.81780000E+01 -5.76143333E+01 -5.68666667E+01 -5.64283333E+01 -5.65193333E+01 -5.64946667E+01 
 -5.55186667E+01 -5.34993333E+01 -5.17953333E+01 -5.13256667E+01 -5.09850000E+01 -5.05616667E+01 -4.95796667E+01 -4.94803333E+01 -4.93273333E+01 -4.89513333E+01 
 -4.79200000E+01 -4.76613333E+01 -4.67826667E+01 -4.56400000E+01 -4.46503333E+01 -4.50150000E+01 -4.43686667E+01 -4.48076667E+01 -4.46826667E+01 -4.50743333E+01 
 -4.52493333E+01 -4.37993333E+01 -4.43146667E+01 -4.26313333E+01 -4.22520000E+01 -4.16386667E+01 -4.19090000E+01 -4.17090000E+01 -4.17770000E+01 -4.15473333E+01 
 -4.16380000E+01 -4.10090000E+01 -4.05853333E+01 -4.07676667E+01 -3.86310000E+01 -3.85156667E+01 -3.94946667E+01 -3.88496667E+01 -4.01120000E+01 -3.90720000E+01 
 -3.79326667E+01 -3.75103333E+01 -3.65690000E+01 -3.64223333E+01 -3.75086667E+01 -3.64943333E+01 -3.67953333E+01 -3.63250000E+01 -3.51743333E+01 -3.50506667E+01 
 -3.48220000E+01 -3.27843333E+01 -3.21756667E+01 -3.29350000E+01 -3.39906667E+01 -3.46983333E+01 -3.47903333E+01 -3.42890000E+01 -3.35090000E+01 -3.35193333E+01 
 -3.37706667E+01 -3.23520000E+01 -3.24370000E+01 -3.12286667E+01 -3.14446667E+01 -3.04853333E+01 -2.92433333E+01 -3.04343333E+01 -2.99203333E+01 -3.02140000E+01 
 -3.03686667E+01 -3.08216667E+01 -2.99533333E+01 -2.83890000E+01 -2.92976667E+01 -2.94436667E+01 -2.94813333E+01 -3.03503333E+01 -3.02233333E+01 -3.01680000E+01 
 -2.94400000E+01 -2.94526667E+01 -2.85936667E+01 -2.81540000E+01 -2.76413333E+01 -2.69460000E+01 -2.78110000E+01 -2.81720000E+01 -2.72993333E+01 -2.75010000E+01 
 -2.56970000E+01 -2.62470000E+01 -2.53756667E+01 -2.59260000E+01 -2.48213333E+01 -2.51636667E+01 -2.45496667E+01 -2.51196667E+01 -2.46833333E+01 -2.41530000E+01 
 -2.54850000E+01 -2.43300000E+01 -2.39210000E+01 -2.40556667E+01 -2.51486667E+01 -2.48146667E+01 -2.39570000E+01 -2.34216667E+01 -2.30403333E+01 -2.25830000E+01 
 -2.25710000E+01 -2.23423333E+01 -2.26320000E+01 -2.19503333E+01 -2.17463333E+01 -2.22393333E+01 -2.24646667E+01 -2.26046667E+01 -2.14386667E+01 -2.16783333E+01 
 -2.16226667E+01 -2.13990000E+01 -2.10016667E+01 -2.01213333E+01 -2.00000000E+01 -2.03010000E+01 -1.97133333E+01 -1.91520000E+01 -2.02956667E+01 -2.05060000E+01 
 -2.10900000E+01 -2.14056667E+01 -2.12943333E+01 -2.12010000E+01 -2.26100000E+01 -2.03930000E+01 -2.09500000E+01 -1.98780000E+01 -1.99390000E+01 -2.03473333E+01 
 -2.07123333E+01 -2.00963333E+01 -1.95066667E+01 -1.97096667E+01 -1.88220000E+01 -1.95740000E+01 -1.92713333E+01 -1.96560000E+01 -1.77620000E+01 -1.93703333E+01 
 -1.91673333E+01 -1.87880000E+01 -1.81530000E+01 -1.86410000E+01 -1.81066667E+01 -1.73496667E+01 -1.70950000E+01 -1.74530000E+01 -1.80226667E+01 -1.90603333E+01 
 -1.83486667E+01 -1.83020000E+01 -1.74973333E+01 -1.69313333E+01 -1.73570000E+01 -1.67523333E+01 -1.72850000E+01 -1.70896667E+01 -1.72750000E+01 -1.76986667E+01 
 -1.71296667E+01 -1.57670000E+01 -1.51946667E+01 -1.58070000E+01 -1.60553333E+01 -1.60440000E+01 -1.63663333E+01 -1.67280000E+01 -1.66613333E+01 -1.64840000E+01 
 -1.78410000E+01 -1.72516667E+01 -1.52233333E+01 -1.48376667E+01 -1.54586667E+01 -1.44520000E+01 -1.44266667E+01 -1.51346667E+01 -1.47833333E+01 -1.49500000E+01 
 -1.55750000E+01 -1.59863333E+01 -1.63103333E+01 -1.53810000E+01 -1.51743333E+01 -1.49286667E+01 -1.47963333E+01 -1.50496667E+01 -1.48433333E+01 -1.51526667E+01 
 -1.56370000E+01 -1.54150000E+01 -1.54726667E+01 -1.46266667E+01 -1.40936667E+01 -1.45906667E+01 -1.32290000E+01 -1.31953333E+01 -1.45016667E+01 -1.39536667E+01 
 -1.45203333E+01 -1.42190000E+01 -1.41653333E+01 -1.43830000E+01 -1.35676667E+01 -1.26700000E+01 -1.35016667E+01 -1.38586667E+01 -1.36633333E+01 -1.35933333E+01 
 -1.34776667E+01 -1.30780000E+01 -1.32693333E+01 -1.29950000E+01 -1.39996667E+01 -1.35196667E+01 -1.32963333E+01 -1.34170000E+01 -1.32873333E+01 -1.43693333E+01 
