  0.00000000E+00 -6.82443333E+01 -8.14160000E+01 -8.91220000E+01 -9.58340000E+01 -9.78830000E+01 -1.02901333E+02 -1.03900000E+02 -1.06519667E+02 -1.07433667E+02 -1.08978333E+02 -1.11156667E+02 -1.11893000E+02 -1.10306333E+02 -1.11568667E+02 -1.12255000E+02 -1.11417667E+02 -1.11196333E+02 -1.10629667E+02 -1.10560667E+02 -1.10774333E+02 -1.08232667E+02 -1.09505000E+02 -1.10420333E+02 -1.12421667E+02 
 -1.11498000E+02 -1.12363333E+02 -1.13703000E+02 -1.13853667E+02 -1.14344667E+02 -1.13903667E+02 -1.15515000E+02 -1.16437667E+02 -1.14048667E+02 -1.15019333E+02 -1.14975333E+02 -1.14666000E+02 -1.15444333E+02 -1.16187000E+02 -1.13861000E+02 -1.14464667E+02 -1.14828333E+02 -1.15834000E+02 -1.14348667E+02 -1.15623667E+02 -1.16872000E+02 -1.17082333E+02 -1.16989000E+02 -1.18282000E+02 -1.16606667E+02 
 -1.18356667E+02 -1.17846667E+02 -1.18633333E+02 -1.18418333E+02 -1.21703333E+02 -1.19536333E+02 -1.19145000E+02 -1.21137333E+02 -1.21656333E+02 -1.21930667E+02 -1.19530333E+02 -1.21860333E+02 -1.21249333E+02 -1.20309000E+02 -1.18262000E+02 -1.16938667E+02 -1.16675000E+02 -1.17949000E+02 -1.18253000E+02 -1.17286333E+02 -1.19186667E+02 -1.17725333E+02 -1.19675333E+02 -1.19456667E+02 -1.20083667E+02 
 -1.20099333E+02 -1.22836667E+02 -1.22594667E+02 -1.23763333E+02 -1.25014000E+02 -1.23708333E+02 -1.27427000E+02 -1.25769333E+02 -1.27742667E+02 -1.26108000E+02 -1.26710333E+02 -1.28245333E+02 -1.25880667E+02 -1.27876000E+02 -1.26651000E+02 -1.26911333E+02 -1.23606000E+02 -1.25556667E+02 -1.25462333E+02 -1.24499333E+02 -1.25261000E+02 -1.25447333E+02 -1.23969333E+02 -1.23625000E+02 -1.25607667E+02 
 -1.26011333E+02 -1.27424333E+02 -1.27954000E+02 -1.30236000E+02 -1.29822333E+02 -1.30702667E+02 -1.32798333E+02 -1.32150333E+02 -1.31948333E+02 -1.32254667E+02 -1.32150667E+02 -1.33427667E+02 -1.30940667E+02 -1.33549667E+02 -1.33228333E+02 -1.31396667E+02 -1.33457333E+02 -1.34681333E+02 -1.34761333E+02 -1.32930667E+02 -1.30051333E+02 -1.31389333E+02 -1.31047000E+02 -1.29061000E+02 -1.29143667E+02 
 -1.29174667E+02 -1.31520333E+02 -1.31683333E+02 -1.35827667E+02 -1.38542333E+02 -1.38825333E+02 -1.40402000E+02 -1.38059333E+02 -1.38582000E+02 -1.35865667E+02 -1.37121667E+02 -1.37068333E+02 -1.35987000E+02 -1.33343333E+02 -1.35029333E+02 -1.36594000E+02 -1.35641000E+02 -1.33623333E+02 -1.34725667E+02 -1.33376000E+02 -1.33643667E+02 -1.34826333E+02 -1.35857667E+02 -1.36773667E+02 -1.37204667E+02 
 -1.35796000E+02 -1.40519667E+02 -1.40486000E+02 -1.41811667E+02 -1.43017000E+02 -1.43639000E+02 -1.44739333E+02 -1.45387333E+02 -1.46528000E+02 -1.44631667E+02 -1.44365333E+02 -1.46955000E+02 -1.44192333E+02 -1.42862333E+02 -1.42995333E+02 -1.45600333E+02 -1.45153000E+02 -1.46002333E+02 -1.45143333E+02 -1.45916000E+02 -1.47586667E+02 -1.46945000E+02 -1.47603000E+02 -1.48252000E+02 -1.49156333E+02 
 -1.47930333E+02 -1.52562667E+02 -1.50470333E+02 -1.49246000E+02 -1.51322333E+02 -1.53031333E+02 -1.51197667E+02 -1.52591000E+02 -1.50657333E+02 -1.51919667E+02 -1.53942333E+02 -1.54846333E+02 -1.53174333E+02 -1.52265667E+02 -1.51681333E+02 -1.51575000E+02 -1.52328333E+02 -1.52238000E+02 -1.50092667E+02 -1.51942667E+02 -1.49914333E+02 -1.50212667E+02 -1.48776667E+02 -1.48357333E+02 -1.49166667E+02 
 -1.50484333E+02 -1.51006333E+02 -1.50197667E+02 -1.52166333E+02 -1.54954667E+02 -1.55786000E+02 -1.56904667E+02 -1.56618000E+02 -1.58047000E+02 -1.57872000E+02 -1.56919667E+02 -1.56892667E+02 -1.56903000E+02 -1.57664000E+02 -1.58753667E+02 -1.59811000E+02 -1.58516333E+02 -1.57824000E+02 -1.56145000E+02 -1.60059333E+02 -1.59117000E+02 -1.58853333E+02 -1.59764000E+02 -1.58244000E+02 -1.60237667E+02 
 -1.60306667E+02 -1.64746333E+02 -1.63785000E+02 -1.63677333E+02 -1.65534000E+02 -1.65453667E+02 -1.64269000E+02 -1.62680000E+02 -1.61572333E+02 -1.62011333E+02 -1.62567667E+02 -1.64580667E+02 -1.63764333E+02 -1.64374333E+02 -1.65620667E+02 -1.65547667E+02 -1.66957000E+02 -1.68106333E+02 -1.67864333E+02 -1.69229333E+02 -1.68970667E+02 -1.68714000E+02 -1.69508000E+02 -1.69004667E+02 -1.69798333E+02 
 -1.68822000E+02 -1.70566333E+02 -1.70374000E+02 -1.71532667E+02 -1.72274000E+02 -1.72757333E+02 -1.73284333E+02 -1.73717667E+02 -1.74582333E+02 -1.74892333E+02 -1.75417000E+02 -1.74065667E+02 -1.73747667E+02 -1.75146000E+02 -1.75474333E+02 -1.76922000E+02 -1.76438000E+02 -1.77232667E+02 -1.76680333E+02 -1.80042000E+02 -1.79158000E+02 -1.78202333E+02 -1.76329667E+02 -1.78094000E+02 -1.77927000E+02 
 -1.76983333E+02 -1.78959333E+02 -1.80621333E+02 -1.80257667E+02 -1.80437667E+02 -1.80852000E+02 -1.81743000E+02 -1.81189000E+02 -1.81432000E+02 -1.83226333E+02 -1.82802667E+02 -1.83315333E+02 -1.85863333E+02 -1.83334000E+02 -1.84107000E+02 -1.83272000E+02 -1.82929667E+02 -1.82288667E+02 -1.83730000E+02 -1.83613000E+02 -1.86361000E+02 -1.87025000E+02 -1.86570333E+02 -1.87516333E+02 -1.86518667E+02 
 -1.86346000E+02 -1.89520000E+02 -1.90988333E+02 -1.91927000E+02 -1.91740667E+02 -1.93447333E+02 -1.94300333E+02 -1.97417667E+02 -1.96222000E+02 -1.98555667E+02 -1.97670667E+02 -1.97338000E+02 -1.96921000E+02 -1.98539333E+02 -1.97086000E+02 -1.98862333E+02 -1.97998667E+02 -1.97854333E+02 -1.95654000E+02 -1.96991667E+02 -1.98832333E+02 -1.99471000E+02 -1.97934667E+02 -1.97940667E+02 -1.96266667E+02 
 -1.98046333E+02 -2.01150333E+02 -2.03219333E+02 -2.01396333E+02 -2.05847333E+02 -2.07208000E+02 -2.09506667E+02 -2.10803000E+02 -2.08402667E+02 -2.10568333E+02 -2.11234000E+02 -2.11088000E+02 -2.09473333E+02 -2.09117000E+02 -2.07958000E+02 -2.10732667E+02 -2.11166000E+02 -2.13453333E+02 -2.10421333E+02 -2.10471333E+02 -2.09321333E+02 -2.10549667E+02 -2.07939000E+02 -2.07696667E+02 -2.08145000E+02 
 -2.10483667E+02 -2.14390667E+02 -2.15629667E+02 -2.17190667E+02 -2.17921667E+02 -2.17417000E+02 -2.16995000E+02 -2.18212000E+02 -2.17116000E+02 -2.18373333E+02 -2.20085667E+02 -2.20382333E+02 -2.20980333E+02 -2.18779333E+02 -2.18904667E+02 -2.20092333E+02 -2.20455000E+02 -2.22978667E+02 -2.23142667E+02 -2.22045333E+02 -2.22491333E+02 -2.21670667E+02 -2.23735000E+02 -2.23122000E+02 -2.22121000E+02 
 -2.21052333E+02 -2.25649667E+02 -2.29916667E+02 -2.27932667E+02 -2.30717333E+02 -2.30395000E+02 -2.30216667E+02 -2.30274000E+02 -2.29244667E+02 -2.30836333E+02 -2.30672333E+02 -2.31208667E+02 -2.32894000E+02 -2.34804333E+02 -2.32897000E+02 -2.32333667E+02 -2.30423000E+02 -2.32466333E+02 -2.35523333E+02 -2.34493000E+02 -2.35711667E+02 -2.36178667E+02 -2.39136000E+02 -2.36443333E+02 -2.39485667E+02 
 -2.38369000E+02 -2.40698333E+02 -2.41644000E+02 -2.44369333E+02 -2.43383000E+02 -2.44089333E+02 -2.46991333E+02 -2.48234000E+02 -2.46975667E+02 -2.48798000E+02 -2.47484667E+02 -2.48437667E+02 -2.49588000E+02 -2.50386667E+02 -2.48757000E+02 -2.52066667E+02 -2.51397333E+02 -2.53584667E+02 -2.52892667E+02 -2.51452000E+02 -2.49841667E+02 -2.51167667E+02 -2.53647000E+02 -2.53884667E+02 -2.54666667E+02 
 -2.54207000E+02 -2.56962333E+02 -2.58356333E+02 -2.60124000E+02 -2.59247667E+02 -2.60651333E+02 -2.61038000E+02 -2.64444333E+02 -2.64971000E+02 -2.64788000E+02 -2.67060667E+02 -2.66878000E+02 -2.70765333E+02 -2.70478667E+02 -2.72751000E+02 -2.69811333E+02 -2.68960000E+02 -2.70668000E+02 -2.71403667E+02 -2.73254667E+02 -2.73667000E+02 -2.72508000E+02 -2.71377000E+02 -2.73853000E+02 -2.75415000E+02 
 -2.75056333E+02 -2.77992000E+02 -2.78467000E+02 -2.77828667E+02 -2.81146333E+02 -2.81580333E+02 -2.86115667E+02 -2.86730333E+02 -2.85933667E+02 -2.87798333E+02 -2.89213667E+02 -2.89158000E+02 -2.88207000E+02 -2.87547000E+02 -2.88902000E+02 -2.88716000E+02 -2.89012000E+02 -2.91328667E+02 -2.89715333E+02 -2.90139333E+02 -2.89719333E+02 -2.87867667E+02 -2.86511667E+02 -2.89338000E+02 -2.90662333E+02 
 -2.92343000E+02 -2.93539333E+02 -2.94231000E+02 -2.97358000E+02 -2.97872000E+02 -2.99960667E+02 -3.01205667E+02 -3.00014667E+02 -3.00477333E+02 -3.00742667E+02 -3.00900333E+02 -3.02048000E+02 -3.03571333E+02 -3.05000667E+02 -3.04870667E+02 -3.03036333E+02 -3.02397000E+02 -3.04544667E+02 -3.03446667E+02 -3.02374333E+02 -3.04416333E+02 -3.04659667E+02 -3.08351667E+02 -3.09060000E+02 -3.08938667E+02 
 -3.10334667E+02 -3.13264667E+02 -3.17033000E+02 -3.18690333E+02 -3.20413667E+02 -3.23044667E+02 -3.23141333E+02 -3.28161667E+02 -3.28289333E+02 -3.28860667E+02 -3.31285333E+02 -3.31218333E+02 -3.27703000E+02 -3.28957333E+02 -3.28423667E+02 -3.29757000E+02 -3.30777000E+02 -3.31428667E+02 -3.31540333E+02 -3.33322000E+02 -3.33904667E+02 -3.35098667E+02 -3.32471000E+02 -3.34667667E+02 -3.35632667E+02 
 -3.36527667E+02 -3.39305667E+02 -3.42139333E+02 -3.42239000E+02 -3.43962333E+02 -3.46396000E+02 -3.47384000E+02 -3.45181667E+02 -3.47350000E+02 -3.46849000E+02 -3.49095000E+02 -3.50970000E+02 -3.52158667E+02 -3.52967333E+02 -3.54752000E+02 -3.57622333E+02 -3.58470667E+02 -3.60416667E+02 -3.61243667E+02 -3.61451000E+02 -3.62986000E+02 -3.60626333E+02 -3.61648667E+02 -3.61300667E+02 -3.59539000E+02 
 -3.61401667E+02 -3.63532333E+02 -3.65439000E+02 -3.66825000E+02 -3.71115333E+02 -3.70795000E+02 -3.72202667E+02 -3.73609000E+02 -3.74331333E+02 -3.78207333E+02 -3.78936333E+02 -3.84559667E+02 -3.86192333E+02 -3.83653333E+02 -3.85707333E+02 -3.83346000E+02 -3.84537333E+02 -3.84883667E+02 -3.84389000E+02 -3.83945667E+02 -3.86603333E+02 -3.84535000E+02 -3.84963333E+02 -3.85856333E+02 -3.87325667E+02 
 -3.89334667E+02 -3.94740667E+02 -3.97527667E+02 -3.98648667E+02 -4.00837333E+02 -4.03971667E+02 -4.04763333E+02 -4.06796000E+02 -4.05635667E+02 -4.05908667E+02 -4.07870000E+02 -4.07643000E+02 -4.11114667E+02 -4.12160000E+02 -4.14892000E+02 -4.14463667E+02 -4.15571000E+02 -4.16522000E+02 -4.17686333E+02 -4.17520667E+02 -4.19159333E+02 -4.21654333E+02 -4.23000000E+02 -4.24300000E+02 -4.24270333E+02 
 -4.25059000E+02 -4.28474333E+02 -4.30509667E+02 -4.34879333E+02 -4.34732000E+02 -4.38981000E+02 -4.41081667E+02 -4.41065333E+02 -4.42830333E+02 -4.44009333E+02 -4.44231000E+02 -4.48204000E+02 -4.50561333E+02 -4.53014333E+02 -4.55184000E+02 -4.53303667E+02 -4.57264000E+02 -4.59882000E+02 -4.60890000E+02 -4.61205000E+02 -4.61891333E+02 -4.64797333E+02 -4.63618667E+02 -4.64651333E+02 -4.63029667E+02 
 -4.64527667E+02 -4.67209000E+02 -4.70129000E+02 -4.71670000E+02 -4.74303667E+02 -4.79466333E+02 -4.80741667E+02 -4.81132667E+02 -4.83537333E+02 -4.83607667E+02 -4.83293333E+02 -4.85859000E+02 -4.88223000E+02 -4.89401667E+02 -4.90982667E+02 -4.90596667E+02 -4.93282333E+02 -4.95118333E+02 -4.96217667E+02 -4.96138667E+02 -4.99975667E+02 -5.01260000E+02 -5.04975667E+02 -5.05909333E+02 -5.07374000E+02 
 -5.06249000E+02 -5.10403000E+02 -5.10274333E+02 -5.14032000E+02 -5.19272667E+02 -5.21888000E+02 -5.25312333E+02 -5.26116333E+02 -5.27585667E+02 -5.30951667E+02 -5.31896000E+02 -5.34820333E+02 -5.36319333E+02 -5.38384667E+02 -5.39149000E+02 -5.42885667E+02 -5.44668000E+02 -5.47712667E+02 -5.48089667E+02 -5.50477333E+02 -5.51061333E+02 -5.52971000E+02 -5.56215333E+02 -5.57710667E+02 -5.59268000E+02 
 -5.60062667E+02 -5.64374000E+02 -5.67677667E+02 -5.69676000E+02 -5.73542333E+02 -5.76152333E+02 -5.77945667E+02 -5.78070000E+02 -5.78195000E+02 -5.81801000E+02 -5.83606333E+02 -5.90636667E+02 -5.90313000E+02 -5.94383000E+02 -5.93407000E+02 -5.95438667E+02 -5.98098000E+02 -5.99831333E+02 -5.99251000E+02 -6.00054667E+02 -6.02778000E+02 -6.05620333E+02 -6.07909000E+02 -6.10036000E+02 -6.12795000E+02 
 -6.12178667E+02 -6.14603667E+02 -6.20136000E+02 -6.21257000E+02 -6.24535000E+02 -6.29590667E+02 -6.33025667E+02 -6.34683000E+02 -6.33536333E+02 -6.35592333E+02 -6.35760667E+02 -6.37765000E+02 -6.44945667E+02 -6.42753000E+02 -6.46348667E+02 -6.48139667E+02 -6.52863667E+02 -6.55632667E+02 -6.55662667E+02 -6.55333333E+02 -6.60950667E+02 -6.59551667E+02 -6.62552667E+02 -6.64355333E+02 -6.68487667E+02 
 -6.70023000E+02 -6.70396667E+02 -6.76313333E+02 -6.79321667E+02 -6.82856000E+02 -6.85448000E+02 -6.88192000E+02 -6.91469333E+02 -6.94456333E+02 -6.96400000E+02 -6.98327000E+02 -6.97799667E+02 -7.02469667E+02 -7.05898667E+02 -7.10138000E+02 -7.12251000E+02 -7.13415000E+02 -7.16339333E+02 -7.22996333E+02 -7.25976667E+02 -7.27505667E+02 -7.30549000E+02 -7.32912333E+02 -7.34282667E+02 -7.35799667E+02 
 -7.38565667E+02 -7.43127667E+02 -7.44878000E+02 -7.50205000E+02 -7.52649333E+02 -7.53778333E+02 -7.59678000E+02 -7.62399667E+02 -7.66590667E+02 -7.70301333E+02 -7.75761333E+02 -7.80172000E+02 -7.82833667E+02 -7.86566667E+02 -7.90419333E+02 -7.92129333E+02 -7.95983333E+02 -7.99662000E+02 -7.98439667E+02 -8.00862667E+02 -8.03587333E+02 -8.06973000E+02 -8.09148333E+02 -8.11293000E+02 -8.13574667E+02 
 -8.14139000E+02 -8.16824333E+02 -8.17695000E+02 -8.21574000E+02 -8.27599667E+02 -8.33187000E+02 -8.36416667E+02 -8.38881000E+02 -8.44043667E+02 -8.47153333E+02 -8.49732333E+02 -8.53094333E+02 -8.59905333E+02 -8.60731667E+02 -8.66473333E+02 -8.71463667E+02 -8.76270667E+02 -8.76849333E+02 -8.81697000E+02 -8.83982000E+02 -8.88338667E+02 -8.93073000E+02 -8.98332000E+02 -9.02994000E+02 -9.06284333E+02 
 -9.09899000E+02 -9.15958667E+02 -9.20855333E+02 -9.23682333E+02 -9.25807667E+02 -9.29717000E+02 -9.38458333E+02 -9.41951333E+02 -9.46893000E+02 -9.51837333E+02 -9.55725333E+02 -9.59687333E+02 -9.63813000E+02 -9.67710333E+02 -9.71136667E+02 -9.72799667E+02 -9.74694667E+02 -9.78333000E+02 -9.82984000E+02 -9.85911333E+02 -9.92010000E+02 -9.95654000E+02 -9.99234333E+02 -1.00558733E+03 -1.00899000E+03 
 -1.01110833E+03 -1.01928200E+03 -1.02393967E+03 -1.03021000E+03 -1.03408600E+03 -1.03740600E+03 -1.04105667E+03 -1.04395033E+03 -1.05055900E+03 -1.05321167E+03 -1.05787233E+03 -1.06382800E+03 -1.07060900E+03 -1.07467300E+03 -1.07954100E+03 -1.08013533E+03 -1.08295500E+03 -1.08539167E+03 -1.09052933E+03 -1.09371933E+03 -1.09698367E+03 -1.09988333E+03 -1.10347200E+03 -1.10969333E+03 -1.11407233E+03 
 -1.11835667E+03 -1.12384100E+03 -1.13200100E+03 -1.13674400E+03 -1.14182000E+03 -1.14571067E+03 -1.15177033E+03 -1.15722567E+03 -1.15958333E+03 -1.16417100E+03 -1.17125733E+03 -1.17823067E+03 -1.18011667E+03 -1.18685767E+03 -1.19091333E+03 -1.19667767E+03 -1.20364833E+03 -1.20910700E+03 -1.21395833E+03 -1.21995200E+03 -1.22500300E+03 -1.22924400E+03 -1.23318733E+03 -1.23468600E+03 -1.23994000E+03 
 -1.24212867E+03 -1.25041533E+03 -1.25623167E+03 -1.26121933E+03 -1.26833533E+03 -1.27279200E+03 -1.27823433E+03 -1.28640833E+03 -1.29515467E+03 -1.29994333E+03 -1.30539200E+03 -1.30934700E+03 -1.31092433E+03 -1.31509900E+03 -1.31850867E+03 -1.32804733E+03 -1.33541267E+03 -1.33660033E+03 -1.34473500E+03 -1.34763400E+03 -1.35122867E+03 -1.35622867E+03 -1.35952300E+03 -1.36461233E+03 -1.36810967E+03 
 -1.37735433E+03 -1.38436267E+03 -1.39287033E+03 -1.40020533E+03 -1.40580333E+03 -1.41158767E+03 -1.41961633E+03 -1.42358967E+03 -1.43050767E+03 -1.43701100E+03 -1.44270867E+03 -1.45029100E+03 -1.45578800E+03 -1.46266933E+03 -1.46915400E+03 -1.47479900E+03 -1.47989200E+03 -1.48577000E+03 -1.48800700E+03 -1.49321400E+03 -1.50100900E+03 -1.50726667E+03 -1.51251533E+03 -1.51681667E+03 -1.52181067E+03 
 -1.52691133E+03 -1.53543067E+03 -1.54465367E+03 -1.55207567E+03 -1.55716833E+03 -1.56200667E+03 -1.56994300E+03 -1.57536333E+03 -1.58470633E+03 -1.59323533E+03 -1.60006333E+03 -1.60579167E+03 -1.60804367E+03 -1.61589167E+03 -1.61998433E+03 -1.62966600E+03 -1.63458100E+03 -1.64315333E+03 -1.65133400E+03 -1.65914900E+03 -1.66626233E+03 -1.67106467E+03 -1.67744933E+03 -1.68412967E+03 -1.68868567E+03 
 -1.69428600E+03 -1.70403933E+03 -1.70941867E+03 -1.72002567E+03 -1.72980800E+03 -1.73380567E+03 -1.74315267E+03 -1.74934767E+03 -1.75852833E+03 -1.76764767E+03 -1.77527467E+03 -1.78454467E+03 -1.79075100E+03 -1.79812567E+03 -1.80297100E+03 -1.81068067E+03 -1.81751467E+03 -1.82526367E+03 -1.83467933E+03 -1.84139233E+03 -1.84910500E+03 -1.85531900E+03 -1.86364967E+03 -1.87112067E+03 -1.87733433E+03 
 -1.88256233E+03 -1.89135567E+03 -1.89872133E+03 -1.90756367E+03 -1.91442300E+03 -1.92742833E+03 -1.93831900E+03 -1.94708100E+03 -1.95557900E+03 -1.96324167E+03 -1.96977067E+03 -1.97494467E+03 -1.98569067E+03 -1.99443067E+03 -2.00185233E+03 -2.00864333E+03 -2.01588233E+03 -2.02543267E+03 -2.03071933E+03 -2.04151733E+03 -2.04708800E+03 -2.05481467E+03 -2.06306300E+03 -2.07258133E+03 -2.07762533E+03 
 -2.08687267E+03 -2.09967333E+03 -2.10575867E+03 -2.11508767E+03 -2.12381300E+03 -2.13500100E+03 -2.14689900E+03 -2.15770733E+03 -2.16480367E+03 -2.17330300E+03 -2.18224267E+03 -2.18954200E+03 -2.19649800E+03 -2.20536400E+03 -2.21567700E+03 -2.22241333E+03 -2.22805433E+03 -2.23684133E+03 -2.24211700E+03 -2.25116933E+03 -2.26163333E+03 -2.26742167E+03 -2.27439033E+03 -2.28276067E+03 -2.29095633E+03 
 -2.29727300E+03 -2.31009500E+03 -2.31999933E+03 -2.33213300E+03 -2.34071400E+03 -2.35301467E+03 -2.36201333E+03 -2.36913667E+03 -2.38109333E+03 -2.39015467E+03 -2.40002967E+03 -2.40686233E+03 -2.41633733E+03 -2.42642600E+03 -2.43629133E+03 -2.44507800E+03 -2.45531300E+03 -2.46406467E+03 -2.47192367E+03 -2.48308367E+03 -2.49287900E+03 -2.50190267E+03 -2.51059800E+03 -2.51876367E+03 -2.52908567E+03 
 -2.54012633E+03 -2.55355867E+03 -2.56410167E+03 -2.57315033E+03 -2.58230300E+03 -2.59374333E+03 -2.60201900E+03 -2.61175133E+03 -2.62245067E+03 -2.63198000E+03 -2.64329667E+03 -2.65475767E+03 -2.66719433E+03 -2.67468900E+03 -2.68924133E+03 -2.69802800E+03 -2.70732167E+03 -2.71819867E+03 -2.73029367E+03 -2.73831700E+03 -2.74976067E+03 -2.75864400E+03 -2.76885067E+03 -2.78128333E+03 -2.79209967E+03 
 -2.80085533E+03 -2.81191367E+03 -2.82399067E+03 -2.83692600E+03 -2.84676967E+03 -2.85845600E+03 -2.86923267E+03 -2.88199233E+03 -2.88952433E+03 -2.90209300E+03 -2.90939400E+03 -2.92223067E+03 -2.92914733E+03 -2.94290700E+03 -2.95420933E+03 -2.96601267E+03 -2.97449100E+03 -2.98330167E+03 -2.99231767E+03 -3.00218633E+03 -3.01178967E+03 -3.02126333E+03 -3.03098600E+03 -3.03850867E+03 -3.05046333E+03 
 -3.05993200E+03 -3.07362767E+03 -3.08823433E+03 -3.09795167E+03 -3.11088933E+03 -3.12122433E+03 -3.13488333E+03 -3.14764200E+03 -3.16081733E+03 -3.17162167E+03 -3.18267167E+03 -3.19039033E+03 -3.20307133E+03 -3.21198033E+03 -3.22219733E+03 -3.23842433E+03 -3.25010667E+03 -3.25955733E+03 -3.26887100E+03 -3.28244033E+03 -3.29209033E+03 -3.30049000E+03 -3.31279533E+03 -3.32331167E+03 -3.33104533E+03 
 -3.34045267E+03 -3.35265600E+03 -3.36419200E+03 -3.37517567E+03 -3.38637967E+03 -3.39984500E+03 -3.40838300E+03 -3.42024233E+03 -3.43250267E+03 -3.44484800E+03 -3.45354300E+03 -3.46469733E+03 -3.47592433E+03 -3.48510300E+03 -3.49466633E+03 -3.50577467E+03 -3.51745433E+03 -3.52832800E+03 -3.53605033E+03 -3.54680533E+03 -3.55890933E+03 -3.57002033E+03 -3.58103600E+03 -3.59194967E+03 -3.60286633E+03 
 -3.61176367E+03 -3.62282800E+03 -3.63224200E+03 -3.64365033E+03 -3.65749667E+03 -3.66733367E+03 -3.67681867E+03 -3.68661667E+03 -3.69911500E+03 -3.70911733E+03 -3.71827967E+03 -3.72927533E+03 -3.74153233E+03 -3.75457567E+03 -3.76389833E+03 -3.77469567E+03 -3.78436533E+03 -3.79568333E+03 -3.80652167E+03 -3.81849900E+03 -3.82875900E+03 -3.84092667E+03 -3.84945567E+03 -3.85940000E+03 -3.87102600E+03 
 -3.87899567E+03 -3.88955400E+03 -3.90116600E+03 -3.91350400E+03 -3.92383833E+03 -3.93741867E+03 -3.94920167E+03 -3.96074633E+03 -3.96998800E+03 -3.98086433E+03 -3.99218167E+03 -4.00459433E+03 -4.01230267E+03 -4.02239933E+03 -4.03625600E+03 -4.04525500E+03 -4.05517400E+03 -4.06744767E+03 -4.07679000E+03 -4.08458433E+03 -4.09819767E+03 -4.10575600E+03 -4.11420133E+03 -4.12334200E+03 -4.13201433E+03 
 -4.14423133E+03 -4.15840233E+03 -4.16997400E+03 -4.18311900E+03 -4.19433067E+03 -4.20617033E+03 -4.21574233E+03 -4.22659667E+03 -4.23804400E+03 -4.24979600E+03 -4.26135433E+03 -4.27059500E+03 -4.28058033E+03 -4.29172433E+03 -4.30119467E+03 -4.30991133E+03 -4.31831067E+03 -4.32763500E+03 -4.33819100E+03 -4.34878567E+03 -4.35910300E+03 -4.36926000E+03 -4.37892233E+03 -4.38873633E+03 -4.39613500E+03 
 -4.40308133E+03 -4.41531100E+03 -4.42878833E+03 -4.43878400E+03 -4.44969300E+03 -4.46177367E+03 -4.47394867E+03 -4.48286000E+03 -4.49523000E+03 -4.50481833E+03 -4.51400900E+03 -4.52505400E+03 -4.53757067E+03 -4.54762067E+03 -4.55664867E+03 -4.56668433E+03 -4.57609667E+03 -4.58653100E+03 -4.59349067E+03 -4.60470133E+03 -4.61166100E+03 -4.62138500E+03 -4.63060800E+03 -4.63990667E+03 -4.64844567E+03 
 -4.65829367E+03 -4.66794333E+03 -4.67719033E+03 -4.69072833E+03 -4.70034133E+03 -4.71070167E+03 -4.71939500E+03 -4.73300367E+03 -4.74379300E+03 -4.75295667E+03 -4.76245267E+03 -4.76940733E+03 -4.78007767E+03 -4.78831467E+03 -4.79833400E+03 -4.80784067E+03 -4.81408233E+03 -4.82537800E+03 -4.83491433E+03 -4.84293867E+03 -4.85118433E+03 -4.85823000E+03 -4.86639833E+03 -4.87595233E+03 -4.88333133E+03 
 -4.89171033E+03 -4.90223233E+03 -4.91256867E+03 -4.92199067E+03 -4.93093033E+03 -4.93756333E+03 -4.94769200E+03 -4.95644800E+03 -4.96535700E+03 -4.97308133E+03 -4.98337233E+03 -4.99146033E+03 -4.99884633E+03 -5.00700067E+03 -5.01905967E+03 -5.02803700E+03 -5.03630300E+03 -5.04388000E+03 -5.05203833E+03 -5.05892767E+03 -5.06865200E+03 -5.07759267E+03 -5.08603767E+03 -5.09331000E+03 -5.10183633E+03 
 -5.11074667E+03 -5.12019400E+03 -5.12989700E+03 -5.13988667E+03 -5.14820433E+03 -5.15555933E+03 -5.16634133E+03 -5.17427800E+03 -5.18379567E+03 -5.19170633E+03 -5.19852200E+03 -5.20637800E+03 -5.21193533E+03 -5.22075733E+03 -5.22723333E+03 -5.23619900E+03 -5.24567700E+03 -5.25219767E+03 -5.25825933E+03 -5.26642833E+03 -5.27379233E+03 -5.28134300E+03 -5.28988000E+03 -5.29812133E+03 -5.30338333E+03 
 -5.30996567E+03 -5.31905967E+03 -5.32531667E+03 -5.33284500E+03 -5.34057833E+03 -5.34978300E+03 -5.35723100E+03 -5.36494300E+03 -5.37380700E+03 -5.38218067E+03 -5.38932167E+03 -5.39792567E+03 -5.40359500E+03 -5.41015000E+03 -5.41624767E+03 -5.42137433E+03 -5.42704733E+03 -5.43377800E+03 -5.44068433E+03 -5.44831367E+03 -5.45402800E+03 -5.45904067E+03 -5.46592800E+03 -5.47062933E+03 -5.47837500E+03 
 -5.48429300E+03 -5.49163100E+03 -5.49889800E+03 -5.50586033E+03 -5.51472633E+03 -5.52065200E+03 -5.52865567E+03 -5.53588767E+03 -5.54157633E+03 -5.54804200E+03 -5.55529233E+03 -5.56072633E+03 -5.56624233E+03 -5.57310100E+03 -5.57821200E+03 -5.58516100E+03 -5.59092733E+03 -5.59606133E+03 -5.60138433E+03 -5.60765933E+03 -5.61317200E+03 -5.62027133E+03 -5.62496067E+03 -5.63053567E+03 -5.63603967E+03 
 -5.63938333E+03 -5.64686300E+03 -5.65337300E+03 -5.65966733E+03 -5.66509867E+03 -5.67309933E+03 -5.67821033E+03 -5.68493867E+03 -5.69037633E+03 -5.69674667E+03 -5.70328967E+03 -5.70891200E+03 -5.71602200E+03 -5.72159267E+03 -5.72737767E+03 -5.73204400E+03 -5.73626667E+03 -5.74143633E+03 -5.74768967E+03 -5.75317533E+03 -5.75893967E+03 -5.76508400E+03 -5.76987933E+03 -5.77436500E+03 -5.77940300E+03 
 -5.78302700E+03 -5.78915067E+03 -5.79449267E+03 -5.79955033E+03 -5.80637333E+03 -5.81071567E+03 -5.81643100E+03 -5.82208833E+03 -5.82773000E+03 -5.83351300E+03 -5.83918067E+03 -5.84360800E+03 -5.84917033E+03 -5.85409867E+03 -5.85819433E+03 -5.86154600E+03 -5.86571667E+03 -5.86976533E+03 -5.87430100E+03 -5.87840033E+03 -5.88238933E+03 -5.88568500E+03 -5.89068000E+03 -5.89515067E+03 -5.89899533E+03 
 -5.90474367E+03 -5.90809767E+03 -5.91349667E+03 -5.91894200E+03 -5.92309900E+03 -5.92866467E+03 -5.93303300E+03 -5.93685700E+03 -5.94139467E+03 -5.94629333E+03 -5.94936633E+03 -5.95390167E+03 -5.95833133E+03 -5.96235833E+03 -5.96374967E+03 -5.96873233E+03 -5.97107200E+03 -5.97555333E+03 -5.97828200E+03 -5.98214067E+03 -5.98385433E+03 -5.98772200E+03 -5.99067433E+03 -5.99408033E+03 -5.99898200E+03 
 -6.00309367E+03 -6.00689567E+03 -6.00826933E+03 -6.01210567E+03 -6.01510100E+03 -6.01716533E+03 -6.02161900E+03 -6.02516800E+03 -6.02919900E+03 -6.03221000E+03 -6.03555500E+03 -6.03992767E+03 -6.04413900E+03 -6.04805900E+03 -6.05190867E+03 -6.05390400E+03 -6.05669900E+03 -6.06032200E+03 -6.06351500E+03 -6.06687400E+03 -6.06964767E+03 -6.07249733E+03 -6.07545833E+03 -6.07727800E+03 -6.07979700E+03 
 -6.08514533E+03 -6.08871367E+03 -6.09205000E+03 -6.09450233E+03 -6.09681233E+03 -6.10173833E+03 -6.10444867E+03 -6.10883300E+03 -6.11178633E+03 -6.11487233E+03 -6.11777633E+03 -6.11966633E+03 -6.12198300E+03 -6.12507567E+03 -6.12638133E+03 -6.12702300E+03 -6.12971367E+03 -6.13281300E+03 -6.13570767E+03 -6.13859433E+03 -6.13979433E+03 -6.14168800E+03 -6.14398833E+03 -6.14722033E+03 -6.14940300E+03 
 -6.15100967E+03 -6.15372033E+03 -6.15506633E+03 -6.15675567E+03 -6.15668600E+03 -6.15823533E+03 -6.16093333E+03 -6.16253000E+03 -6.16391133E+03 -6.16537100E+03 -6.16630300E+03 -6.16845267E+03 -6.16862800E+03 -6.16992067E+03 -6.17107800E+03 -6.17291567E+03 -6.17302533E+03 -6.17527033E+03 -6.17618300E+03 -6.17795067E+03 -6.18035033E+03 -6.18126267E+03 -6.18282300E+03 -6.18541467E+03 -6.18647633E+03 
 -6.18712767E+03 -6.18742733E+03 -6.18899333E+03 -6.19003567E+03 -6.19035600E+03 -6.19109033E+03 -6.19191567E+03 -6.19213300E+03 -6.19298833E+03 -6.19365567E+03 -6.19364733E+03 -6.19469067E+03 -6.19524833E+03 -6.19675633E+03 -6.19763633E+03 -6.19902100E+03 -6.19973233E+03 -6.19946533E+03 -6.20014267E+03 -6.20219500E+03 -6.20181433E+03 -6.20324467E+03 -6.20479700E+03 -6.20564667E+03 -6.20613000E+03 
 -6.20721000E+03 -6.20525000E+03 -6.20716500E+03 -6.20879500E+03 -6.20786767E+03 -6.20833333E+03 -6.20773867E+03 -6.20774367E+03 -6.20755700E+03 -6.20677067E+03 -6.20784867E+03 -6.20854167E+03 -6.20808667E+03 -6.20792700E+03 -6.21013067E+03 -6.20928833E+03 -6.20892100E+03 -6.20871833E+03 -6.20949400E+03 -6.21147833E+03 -6.21192300E+03 -6.21285867E+03 -6.21165233E+03 -6.21232767E+03 -6.21107000E+03 
 -6.21164400E+03 -6.21012867E+03 -6.20855233E+03 -6.20713000E+03 -6.20782200E+03 -6.20691233E+03 -6.20631767E+03 -6.20596800E+03 -6.20484200E+03 -6.20589500E+03 -6.20506633E+03 -6.20450033E+03 -6.20401967E+03 -6.20413767E+03 -6.20240867E+03 -6.20194533E+03 -6.20266933E+03 -6.20202367E+03 -6.20202367E+03 -6.20012133E+03 -6.20090200E+03 -6.20056533E+03 -6.20056800E+03 -6.19964933E+03 -6.20028300E+03 
 -6.19866300E+03 -6.19764200E+03 -6.19712033E+03 -6.19599567E+03 -6.19648667E+03 -6.19408400E+03 -6.19317767E+03 -6.19264933E+03 -6.19317767E+03 -6.19169267E+03 -6.19044200E+03 -6.18846800E+03 -6.18669933E+03 -6.18516733E+03 -6.18512333E+03 -6.18660600E+03 -6.18546267E+03 -6.18303100E+03 -6.18315767E+03 -6.18158967E+03 -6.18089000E+03 -6.18120667E+03 -6.17992167E+03 -6.17951833E+03 -6.17922900E+03 
 -6.17748400E+03 -6.17403400E+03 -6.17351900E+03 -6.17228600E+03 -6.17105167E+03 -6.17031900E+03 -6.16813500E+03 -6.16819533E+03 -6.16702967E+03 -6.16521633E+03 -6.16538833E+03 -6.16375100E+03 -6.16260533E+03 -6.16164400E+03 -6.16072433E+03 -6.15971300E+03 -6.15802667E+03 -6.15737367E+03 -6.15592667E+03 -6.15275300E+03 -6.15188533E+03 -6.15202267E+03 -6.14901600E+03 -6.14902300E+03 -6.14905633E+03 
 -6.14739800E+03 -6.14550867E+03 -6.14449233E+03 -6.14412200E+03 -6.14319600E+03 -6.14153600E+03 -6.14023333E+03 -6.13832533E+03 -6.13796900E+03 -6.13535133E+03 -6.13326533E+03 -6.13266600E+03 -6.13225900E+03 -6.13131367E+03 -6.13062667E+03 -6.12863067E+03 -6.12699967E+03 -6.12725200E+03 -6.12504167E+03 -6.12322067E+03 -6.12187600E+03 -6.12205733E+03 -6.12032667E+03 -6.11962000E+03 -6.11939700E+03 
 -6.11891533E+03 -6.11647100E+03 -6.11553100E+03 -6.11321400E+03 -6.11100033E+03 -6.11043767E+03 -6.10915033E+03 -6.10716800E+03 -6.10492300E+03 -6.10390000E+03 -6.10236400E+03 -6.09978500E+03 -6.09570700E+03 -6.09444733E+03 -6.09400933E+03 -6.09086967E+03 -6.08917833E+03 -6.08901200E+03 -6.08794533E+03 -6.08761533E+03 -6.08740733E+03 -6.08554300E+03 -6.08402767E+03 -6.08188300E+03 -6.08081100E+03 
 -6.08006767E+03 -6.07759167E+03 -6.07643233E+03 -6.07304600E+03 -6.07010833E+03 -6.06770567E+03 -6.06556867E+03 -6.06416667E+03 -6.06307367E+03 -6.06171633E+03 -6.05921733E+03 -6.05483600E+03 -6.05407667E+03 -6.05279300E+03 -6.05039167E+03 -6.04896800E+03 -6.04736100E+03 -6.04632500E+03 -6.04291633E+03 -6.04198433E+03 -6.03960567E+03 -6.04066233E+03 -6.03941533E+03 -6.03787233E+03 -6.03559433E+03 
 -6.03359333E+03 -6.03146167E+03 -6.02836433E+03 -6.02793600E+03 -6.02371567E+03 -6.02111133E+03 -6.02022600E+03 -6.01912167E+03 -6.01620633E+03 -6.01324467E+03 -6.01026600E+03 -6.00657567E+03 -6.00365167E+03 -6.00010033E+03 -5.99854433E+03 -5.99488933E+03 -5.99302533E+03 -5.99140267E+03 -5.98995833E+03 -5.98920867E+03 -5.98781600E+03 -5.98436100E+03 -5.98135233E+03 -5.97904300E+03 -5.97834500E+03 
 -5.97675400E+03 -5.97379433E+03 -5.96856433E+03 -5.96564733E+03 -5.96391667E+03 -5.95939300E+03 -5.95640700E+03 -5.95405133E+03 -5.95052500E+03 -5.94485900E+03 -5.94254733E+03 -5.94081133E+03 -5.93566567E+03 -5.93309433E+03 -5.93088433E+03 -5.92714067E+03 -5.92403300E+03 -5.92233967E+03 -5.91890900E+03 -5.91752433E+03 -5.91336667E+03 -5.91104833E+03 -5.90830600E+03 -5.90754400E+03 -5.90476333E+03 
 -5.90163300E+03 -5.89724233E+03 -5.89623767E+03 -5.89384500E+03 -5.89107133E+03 -5.88782567E+03 -5.88537000E+03 -5.88200100E+03 -5.88009200E+03 -5.87752233E+03 -5.87219767E+03 -5.87074633E+03 -5.86934867E+03 -5.86577300E+03 -5.86281533E+03 -5.86020967E+03 -5.85789900E+03 -5.85247067E+03 -5.84861133E+03 -5.84494033E+03 -5.84091333E+03 -5.83964500E+03 -5.83645033E+03 -5.83480067E+03 -5.83180600E+03 
 -5.82774400E+03 -5.82301333E+03 -5.81997533E+03 -5.81388967E+03 -5.81178167E+03 -5.80886933E+03 -5.80601300E+03 -5.80209933E+03 -5.79902400E+03 -5.79348100E+03 -5.78993467E+03 -5.78715500E+03 -5.78214867E+03 -5.78010867E+03 -5.77641400E+03 -5.77136533E+03 -5.76997833E+03 -5.76603267E+03 -5.76067600E+03 -5.75552900E+03 -5.75380567E+03 -5.75066467E+03 -5.74886600E+03 -5.74366000E+03 -5.73888533E+03 
 -5.73579533E+03 -5.73046967E+03 -5.72481667E+03 -5.72105233E+03 -5.71344233E+03 -5.71075233E+03 -5.70678433E+03 -5.70239967E+03 -5.69667200E+03 -5.69364067E+03 -5.68826967E+03 -5.68473933E+03 -5.68174800E+03 -5.67984133E+03 -5.67276967E+03 -5.67136767E+03 -5.66756367E+03 -5.66305800E+03 -5.65908067E+03 -5.65671833E+03 -5.65043600E+03 -5.64723300E+03 -5.64446067E+03 -5.64087300E+03 -5.63682733E+03 
 -5.63296100E+03 -5.62750600E+03 -5.62221600E+03 -5.61682633E+03 -5.61272100E+03 -5.60453400E+03 -5.60085667E+03 -5.59503500E+03 -5.59004200E+03 -5.58642033E+03 -5.58196333E+03 -5.57735867E+03 -5.57521167E+03 -5.57034467E+03 -5.56576233E+03 -5.56357867E+03 -5.55859133E+03 -5.55316467E+03 -5.54816367E+03 -5.54224100E+03 -5.53951667E+03 -5.53376800E+03 -5.52992833E+03 -5.52510967E+03 -5.51985600E+03 
 -5.51639367E+03 -5.50771500E+03 -5.50209933E+03 -5.49632267E+03 -5.49038433E+03 -5.48364167E+03 -5.47676633E+03 -5.47172900E+03 -5.46612967E+03 -5.46057233E+03 -5.45773800E+03 -5.45208133E+03 -5.44611867E+03 -5.43974433E+03 -5.43399767E+03 -5.42722300E+03 -5.42069933E+03 -5.41428300E+03 -5.40841167E+03 -5.40601667E+03 -5.40112833E+03 -5.39531700E+03 -5.39052533E+03 -5.38542633E+03 -5.38036067E+03 
 -5.37443300E+03 -5.36645467E+03 -5.35861467E+03 -5.35232000E+03 -5.34845767E+03 -5.33853700E+03 -5.33370333E+03 -5.32793833E+03 -5.32234800E+03 -5.31602433E+03 -5.30963133E+03 -5.30476900E+03 -5.29697733E+03 -5.29145067E+03 -5.28419767E+03 -5.27793633E+03 -5.27114100E+03 -5.26392533E+03 -5.25714867E+03 -5.25375433E+03 -5.24777000E+03 -5.24311533E+03 -5.23662967E+03 -5.22929033E+03 -5.22487467E+03 
 -5.21709533E+03 -5.20878600E+03 -5.20163400E+03 -5.19392033E+03 -5.18722067E+03 -5.18057333E+03 -5.17561567E+03 -5.16900500E+03 -5.16055333E+03 -5.15355200E+03 -5.14541367E+03 -5.13911200E+03 -5.13155100E+03 -5.12585100E+03 -5.11763100E+03 -5.11233400E+03 -5.10707800E+03 -5.10379333E+03 -5.09551300E+03 -5.09030767E+03 -5.08352167E+03 -5.07550667E+03 -5.06955867E+03 -5.06490100E+03 -5.05708967E+03 
 -5.05080300E+03 -5.04144767E+03 -5.03109933E+03 -5.02210300E+03 -5.01370700E+03 -5.00505933E+03 -4.99662467E+03 -4.98848033E+03 -4.98025933E+03 -4.97179667E+03 -4.96235933E+03 -4.95496300E+03 -4.94846833E+03 -4.93980900E+03 -4.92989533E+03 -4.92385433E+03 -4.91455667E+03 -4.90861967E+03 -4.90076700E+03 -4.89346267E+03 -4.88515800E+03 -4.87670400E+03 -4.86948900E+03 -4.86102233E+03 -4.85462633E+03 
 -4.84816300E+03 -4.83587833E+03 -4.82968833E+03 -4.81997533E+03 -4.81173133E+03 -4.80045633E+03 -4.79328833E+03 -4.78448333E+03 -4.77813767E+03 -4.76813933E+03 -4.76000000E+03 -4.75289167E+03 -4.74499200E+03 -4.73628100E+03 -4.72752367E+03 -4.71800133E+03 -4.70802400E+03 -4.69850467E+03 -4.68946967E+03 -4.68292233E+03 -4.67043733E+03 -4.66070433E+03 -4.65293200E+03 -4.64305400E+03 -4.63432000E+03 
 -4.62717800E+03 -4.61477500E+03 -4.60285267E+03 -4.59130900E+03 -4.57921367E+03 -4.56886167E+03 -4.55955833E+03 -4.54766067E+03 -4.53726367E+03 -4.52613167E+03 -4.51241000E+03 -4.50167433E+03 -4.49188833E+03 -4.48383433E+03 -4.47182567E+03 -4.46410500E+03 -4.45550667E+03 -4.44413000E+03 -4.43116867E+03 -4.42313733E+03 -4.41234600E+03 -4.40107767E+03 -4.38905267E+03 -4.38261767E+03 -4.37063533E+03 
 -4.36012100E+03 -4.34557267E+03 -4.33549533E+03 -4.32378467E+03 -4.31119800E+03 -4.30093900E+03 -4.28958033E+03 -4.27868667E+03 -4.26790367E+03 -4.25339000E+03 -4.24185733E+03 -4.23064067E+03 -4.21565700E+03 -4.20594933E+03 -4.19388933E+03 -4.18205533E+03 -4.17370600E+03 -4.16336300E+03 -4.15326267E+03 -4.14056433E+03 -4.13010300E+03 -4.12080233E+03 -4.10923500E+03 -4.09612867E+03 -4.08496367E+03 
 -4.07455667E+03 -4.05979800E+03 -4.04826533E+03 -4.03396533E+03 -4.02078833E+03 -4.00949667E+03 -3.99667433E+03 -3.98305433E+03 -3.97113633E+03 -3.95940700E+03 -3.94668133E+03 -3.93513500E+03 -3.92401100E+03 -3.91250500E+03 -3.89812100E+03 -3.88756100E+03 -3.87547200E+03 -3.86244067E+03 -3.84976367E+03 -3.83881900E+03 -3.82474467E+03 -3.81417767E+03 -3.80289200E+03 -3.79397333E+03 -3.78220567E+03 
 -3.77145667E+03 -3.75852800E+03 -3.74435767E+03 -3.72731767E+03 -3.71283300E+03 -3.69695300E+03 -3.68425567E+03 -3.67049233E+03 -3.65648267E+03 -3.64603100E+03 -3.63312933E+03 -3.61884833E+03 -3.60578867E+03 -3.59399600E+03 -3.58044400E+03 -3.56767933E+03 -3.55396433E+03 -3.54159333E+03 -3.53027067E+03 -3.51725900E+03 -3.50330100E+03 -3.49118633E+03 -3.47808200E+03 -3.46799833E+03 -3.45373900E+03 
 -3.44069900E+03 -3.42234733E+03 -3.40826533E+03 -3.39350267E+03 -3.37968100E+03 -3.36352567E+03 -3.35003400E+03 -3.33415367E+03 -3.32256667E+03 -3.30912267E+03 -3.29453933E+03 -3.28004433E+03 -3.26643267E+03 -3.25299833E+03 -3.24229967E+03 -3.22926367E+03 -3.21508467E+03 -3.20168533E+03 -3.18916533E+03 -3.17655400E+03 -3.16044167E+03 -3.14942033E+03 -3.13590000E+03 -3.12090367E+03 -3.10845000E+03 
 -3.09700367E+03 -3.08001200E+03 -3.06645633E+03 -3.04869033E+03 -3.03702600E+03 -3.01980167E+03 -3.00584067E+03 -2.99345333E+03 -2.97565333E+03 -2.96092167E+03 -2.94970867E+03 -2.93634167E+03 -2.92066167E+03 -2.90362300E+03 -2.89211067E+03 -2.87516500E+03 -2.86305100E+03 -2.84833933E+03 -2.83735967E+03 -2.82143067E+03 -2.80722433E+03 -2.79475867E+03 -2.78235767E+03 -2.76653000E+03 -2.75375667E+03 
 -2.74341933E+03 -2.72727667E+03 -2.71098067E+03 -2.69519433E+03 -2.67910967E+03 -2.66316367E+03 -2.64763733E+03 -2.63502633E+03 -2.62060167E+03 -2.60843767E+03 -2.59453500E+03 -2.57918500E+03 -2.56761100E+03 -2.55175867E+03 -2.53957033E+03 -2.52451600E+03 -2.50968967E+03 -2.49782233E+03 -2.48117567E+03 -2.46804400E+03 -2.45704333E+03 -2.44370533E+03 -2.43206100E+03 -2.41647833E+03 -2.40132167E+03 
 -2.39133933E+03 -2.37593800E+03 -2.36057300E+03 -2.34377467E+03 -2.32971967E+03 -2.31483633E+03 -2.29719000E+03 -2.28442733E+03 -2.27373267E+03 -2.25548833E+03 -2.24339700E+03 -2.22801167E+03 -2.21405100E+03 -2.20179967E+03 -2.18777233E+03 -2.17295333E+03 -2.15678733E+03 -2.14670267E+03 -2.13313133E+03 -2.12075033E+03 -2.10645167E+03 -2.09303967E+03 -2.08070100E+03 -2.06910867E+03 -2.05794267E+03 
 -2.04510333E+03 -2.02957300E+03 -2.01203000E+03 -1.99992867E+03 -1.98375267E+03 -1.97099000E+03 -1.95720033E+03 -1.93875700E+03 -1.92416933E+03 -1.91263433E+03 -1.89692167E+03 -1.88319333E+03 -1.86885700E+03 -1.85561200E+03 -1.84125133E+03 -1.82997733E+03 -1.81749067E+03 -1.80504767E+03 -1.79151400E+03 -1.77817700E+03 -1.76861467E+03 -1.75791667E+03 -1.74460133E+03 -1.73452067E+03 -1.72300267E+03 
 -1.70988300E+03 -1.69356900E+03 -1.67818567E+03 -1.66627033E+03 -1.65241767E+03 -1.64079067E+03 -1.62662667E+03 -1.61438767E+03 -1.60309700E+03 -1.59185067E+03 -1.58290567E+03 -1.57111767E+03 -1.56036533E+03 -1.55044633E+03 -1.53816400E+03 -1.52444400E+03 -1.51309567E+03 -1.50337233E+03 -1.49381333E+03 -1.48285767E+03 -1.47244033E+03 -1.46166000E+03 -1.45472533E+03 -1.44356667E+03 -1.43562233E+03 
 -1.42644100E+03 -1.41393400E+03 -1.40073033E+03 -1.38885900E+03 -1.37660300E+03 -1.36457633E+03 -1.35554300E+03 -1.34367600E+03 -1.33274667E+03 -1.32059733E+03 -1.31002200E+03 -1.29826267E+03 -1.28803500E+03 -1.27624533E+03 -1.26743333E+03 -1.25301433E+03 -1.24695533E+03 -1.23754100E+03 -1.22762100E+03 -1.21608167E+03 -1.20942633E+03 -1.19716600E+03 -1.18772500E+03 -1.17920300E+03 -1.17246167E+03 
 -1.16504567E+03 -1.15651833E+03 -1.14659433E+03 -1.13912100E+03 -1.12917733E+03 -1.12034600E+03 -1.10919633E+03 -1.10117433E+03 -1.08987067E+03 -1.07827400E+03 -1.07019967E+03 -1.06132267E+03 -1.05279533E+03 -1.04337033E+03 -1.03772400E+03 -1.03099767E+03 -1.02154967E+03 -1.01144333E+03 -1.00429067E+03 -9.96562667E+02 -9.91526000E+02 -9.82028000E+02 -9.76111333E+02 -9.68613667E+02 -9.64199667E+02 
 -9.56192000E+02 -9.47617333E+02 -9.41031000E+02 -9.34158667E+02 -9.25573000E+02 -9.17149333E+02 -9.08626667E+02 -8.98719333E+02 -8.93763667E+02 -8.85567333E+02 -8.79033333E+02 -8.71645000E+02 -8.64525333E+02 -8.56953333E+02 -8.51143667E+02 -8.44037667E+02 -8.39174000E+02 -8.34302000E+02 -8.28238333E+02 -8.24960333E+02 -8.19653667E+02 -8.13025000E+02 -8.09648333E+02 -8.02442000E+02 -7.99919333E+02 
 -7.96497333E+02 -7.88463667E+02 -7.81593667E+02 -7.72902333E+02 -7.67082000E+02 -7.61047333E+02 -7.54024000E+02 -7.49189667E+02 -7.42936000E+02 -7.35043667E+02 -7.32699000E+02 -7.27658000E+02 -7.22460333E+02 -7.15367333E+02 -7.10157667E+02 -7.06097667E+02 -7.02685667E+02 -6.96350000E+02 -6.94753333E+02 -6.92032000E+02 -6.88951667E+02 -6.83358000E+02 -6.80626333E+02 -6.73471667E+02 -6.70639000E+02 
 -6.66250333E+02 -6.59215333E+02 -6.54915333E+02 -6.52744667E+02 -6.49935333E+02 -6.45374667E+02 -6.39810333E+02 -6.36973333E+02 -6.31214333E+02 -6.30930000E+02 -6.23786000E+02 -6.21639333E+02 -6.19647000E+02 -6.15712667E+02 -6.10289333E+02 -6.05656333E+02 -6.04921333E+02 -6.00926333E+02 -5.97274333E+02 -5.94727667E+02 -5.93283000E+02 -5.91703333E+02 -5.87753000E+02 -5.84351000E+02 -5.82449000E+02 
 -5.79085333E+02 -5.73979333E+02 -5.67109000E+02 -5.62981667E+02 -5.59036333E+02 -5.56098000E+02 -5.51226667E+02 -5.46655333E+02 -5.46640000E+02 -5.42079000E+02 -5.35116667E+02 -5.31949667E+02 -5.31075333E+02 -5.25921333E+02 -5.26003000E+02 -5.21337333E+02 -5.15606333E+02 -5.13534333E+02 -5.12173333E+02 -5.10488667E+02 -5.08846667E+02 -5.08669333E+02 -5.10111667E+02 -5.07053333E+02 -5.03221000E+02 
 -5.01084000E+02 -4.94392333E+02 -4.92732333E+02 -4.91927333E+02 -4.89310667E+02 -4.85260667E+02 -4.83268667E+02 -4.80704333E+02 -4.78443667E+02 -4.77292000E+02 -4.71710333E+02 -4.70192667E+02 -4.63716667E+02 -4.64239000E+02 -4.61125333E+02 -4.57798000E+02 -4.55878000E+02 -4.53244333E+02 -4.49986000E+02 -4.49569333E+02 -4.48358000E+02 -4.46149667E+02 -4.45281333E+02 -4.42953667E+02 -4.41620000E+02 
 -4.39602667E+02 -4.34658000E+02 -4.30792333E+02 -4.30630000E+02 -4.28460000E+02 -4.27275333E+02 -4.22512000E+02 -4.22244000E+02 -4.20663000E+02 -4.16395667E+02 -4.13792667E+02 -4.12995000E+02 -4.11268333E+02 -4.09160333E+02 -4.07688000E+02 -4.07379333E+02 -4.05596333E+02 -4.03432000E+02 -4.01126667E+02 -4.01042667E+02 -3.97211000E+02 -3.95905333E+02 -3.95346333E+02 -3.94870000E+02 -3.96366000E+02 
 -3.95495000E+02 -3.94243000E+02 -3.92253000E+02 -3.88598667E+02 -3.86200667E+02 -3.84250333E+02 -3.83329667E+02 -3.80805667E+02 -3.80080333E+02 -3.75884000E+02 -3.76531000E+02 -3.75158667E+02 -3.71483000E+02 -3.70879333E+02 -3.69900000E+02 -3.68560000E+02 -3.68059667E+02 -3.68168000E+02 -3.68847667E+02 -3.62609667E+02 -3.63469667E+02 -3.61132000E+02 -3.61152333E+02 -3.57272667E+02 -3.57867333E+02 
 -3.57427667E+02 -3.54488000E+02 -3.53138333E+02 -3.52787667E+02 -3.51206333E+02 -3.47195667E+02 -3.45850333E+02 -3.41999000E+02 -3.40854667E+02 -3.39069000E+02 -3.39058000E+02 -3.41043667E+02 -3.38594000E+02 -3.36097667E+02 -3.36104333E+02 -3.35256000E+02 -3.33411667E+02 -3.30114000E+02 -3.27879000E+02 -3.27183667E+02 -3.24824000E+02 -3.25733000E+02 -3.26813000E+02 -3.25481667E+02 -3.24913000E+02 
 -3.24284000E+02 -3.21962333E+02 -3.19151000E+02 -3.15773000E+02 -3.15073333E+02 -3.12651000E+02 -3.10633333E+02 -3.09935667E+02 -3.07511667E+02 -3.05244667E+02 -3.05768667E+02 -3.05191000E+02 -3.03000000E+02 -3.05014333E+02 -3.01813667E+02 -3.00746000E+02 -3.01293667E+02 -2.99132333E+02 -2.98983667E+02 -2.95234667E+02 -2.98833000E+02 -2.98932000E+02 -2.96402333E+02 -2.98075333E+02 -2.99386000E+02 
 -2.98408000E+02 -2.96020667E+02 -2.91579667E+02 -2.89060333E+02 -2.87415333E+02 -2.89686000E+02 -2.89759667E+02 -2.88080000E+02 -2.88050000E+02 -2.88300333E+02 -2.87243000E+02 -2.87188000E+02 -2.85109667E+02 -2.83053000E+02 -2.83669667E+02 -2.82820000E+02 -2.82538333E+02 -2.82778333E+02 -2.82607667E+02 -2.82893667E+02 -2.84544000E+02 -2.85184000E+02 -2.82562667E+02 -2.82925000E+02 -2.81658667E+02 
 -2.81366333E+02 -2.77898667E+02 -2.77594667E+02 -2.75441000E+02 -2.74290333E+02 -2.73675333E+02 -2.72638667E+02 -2.68475333E+02 -2.67160000E+02 -2.65798333E+02 -2.66311333E+02 -2.67731000E+02 -2.64402667E+02 -2.62295333E+02 -2.62281667E+02 -2.61988667E+02 -2.61287667E+02 -2.61025333E+02 -2.62689333E+02 -2.63815667E+02 -2.63737667E+02 -2.62621000E+02 -2.64249333E+02 -2.64354667E+02 -2.64037333E+02 
 -2.65186000E+02 -2.64363333E+02 -2.62656000E+02 -2.58469000E+02 -2.57473333E+02 -2.54984333E+02 -2.53229667E+02 -2.53245333E+02 -2.52119667E+02 -2.49695333E+02 -2.50636667E+02 -2.47333000E+02 -2.47010000E+02 -2.48776333E+02 -2.45930000E+02 -2.46098667E+02 -2.44203333E+02 -2.41874333E+02 -2.41373333E+02 -2.41010667E+02 -2.42865667E+02 -2.41522000E+02 -2.41034333E+02 -2.39765667E+02 -2.39938333E+02 
 -2.38418000E+02 -2.37309333E+02 -2.35997333E+02 -2.37297000E+02 -2.37450333E+02 -2.34688333E+02 -2.35117333E+02 -2.32983667E+02 -2.31577667E+02 -2.32250333E+02 -2.32225667E+02 -2.29761667E+02 -2.29792000E+02 -2.27379333E+02 -2.28864333E+02 -2.29628667E+02 -2.30276333E+02 -2.31246333E+02 -2.30279333E+02 -2.31071000E+02 -2.28600000E+02 -2.26475000E+02 -2.28162667E+02 -2.27263000E+02 -2.29896667E+02 
 -2.27976000E+02 -2.26450333E+02 -2.25433667E+02 -2.23999333E+02 -2.22313667E+02 -2.20343000E+02 -2.22938333E+02 -2.20862333E+02 -2.18752000E+02 -2.19629667E+02 -2.16565333E+02 -2.16186000E+02 -2.15624667E+02 -2.14131000E+02 -2.14732333E+02 -2.15082333E+02 -2.13410333E+02 -2.14079333E+02 -2.14155667E+02 -2.13623667E+02 -2.11710333E+02 -2.11038667E+02 -2.08970333E+02 -2.08320000E+02 -2.08142000E+02 
 -2.10119333E+02 -2.06676000E+02 -2.06158333E+02 -2.06696000E+02 -2.03690667E+02 -2.04190333E+02 -2.03902667E+02 -2.06258000E+02 -2.04217000E+02 -2.04686000E+02 -2.02224667E+02 -2.03948333E+02 -2.02654000E+02 -2.02512333E+02 -2.00280000E+02 -2.00882667E+02 -1.98726667E+02 -1.99400000E+02 -1.98367000E+02 -1.97878000E+02 -1.98029000E+02 -1.98634000E+02 -1.96295333E+02 -1.97520333E+02 -1.94420667E+02 
 -1.94032667E+02 -1.92103333E+02 -1.93230333E+02 -1.93030667E+02 -1.93243667E+02 -1.94412333E+02 -1.92811000E+02 -1.92764667E+02 -1.93564667E+02 -1.94185000E+02 -1.92380333E+02 -1.90171667E+02 -1.89462333E+02 -1.89438333E+02 -1.89318000E+02 -1.88549000E+02 -1.88133667E+02 -1.88628000E+02 -1.90177000E+02 -1.88644333E+02 -1.88431000E+02 -1.89331667E+02 -1.88762667E+02 -1.86852333E+02 -1.87621333E+02 
 -1.89751333E+02 -1.85863667E+02 -1.83017667E+02 -1.86067333E+02 -1.83034000E+02 -1.83726000E+02 -1.84090333E+02 -1.83797333E+02 -1.82441000E+02 -1.81217000E+02 -1.80117333E+02 -1.80004000E+02 -1.76870667E+02 -1.76180333E+02 -1.76442667E+02 -1.78981667E+02 -1.77028000E+02 -1.77971000E+02 -1.79285000E+02 -1.77302333E+02 -1.79564000E+02 -1.78430333E+02 -1.76659333E+02 -1.77250000E+02 -1.79472000E+02 
 -1.81402000E+02 -1.79006667E+02 -1.75530667E+02 -1.74642333E+02 -1.72718667E+02 -1.73397000E+02 -1.73010667E+02 -1.72225000E+02 -1.71342000E+02 -1.69556000E+02 -1.69467333E+02 -1.67824000E+02 -1.67195000E+02 -1.69814667E+02 -1.69464000E+02 -1.67619667E+02 -1.66566667E+02 -1.67868667E+02 -1.69082667E+02 -1.67892333E+02 -1.70182667E+02 -1.69605333E+02 -1.70115333E+02 -1.69931333E+02 -1.69229333E+02 
 -1.66447000E+02 -1.62351000E+02 -1.61365333E+02 -1.62012333E+02 -1.60735000E+02 -1.62181667E+02 -1.62341667E+02 -1.60470333E+02 -1.59765333E+02 -1.61595333E+02 -1.58848333E+02 -1.59371333E+02 -1.58693667E+02 -1.60950667E+02 -1.60495333E+02 -1.61992000E+02 -1.61321333E+02 -1.59671000E+02 -1.61102667E+02 -1.60514000E+02 -1.60860333E+02 -1.61767000E+02 -1.62702333E+02 -1.62863333E+02 -1.61303333E+02 
 -1.58201000E+02 -1.58040667E+02 -1.55830333E+02 -1.56299333E+02 -1.54987333E+02 -1.55745667E+02 -1.53002667E+02 -1.52392000E+02 -1.53928667E+02 -1.53782333E+02 -1.52876000E+02 -1.52424000E+02 -1.52370667E+02 -1.52733333E+02 -1.53630333E+02 -1.53150333E+02 -1.52487000E+02 -1.50375667E+02 -1.49841667E+02 -1.47751667E+02 -1.48793667E+02 -1.47957000E+02 -1.47304333E+02 -1.48706000E+02 -1.47612000E+02 
 -1.49502667E+02 -1.49294000E+02 -1.46642000E+02 -1.46302333E+02 -1.46090000E+02 -1.43319667E+02 -1.43468667E+02 -1.42849333E+02 -1.41169333E+02 -1.41502667E+02 -1.39905000E+02 -1.43106333E+02 -1.42081667E+02 -1.43976000E+02 -1.42865667E+02 -1.41784000E+02 -1.43339333E+02 -1.46091333E+02 -1.44750000E+02 -1.45516333E+02 -1.46576667E+02 -1.42397000E+02 -1.42440333E+02 -1.42659000E+02 -1.42865000E+02 
 -1.45723667E+02 -1.41487000E+02 -1.43084000E+02 -1.41972667E+02 -1.41626333E+02 -1.40265667E+02 -1.38126333E+02 -1.40098667E+02 -1.39210667E+02 -1.38800000E+02 -1.39956333E+02 -1.36543667E+02 -1.35956333E+02 -1.35656333E+02 -1.35934000E+02 -1.33864333E+02 -1.35296667E+02 -1.38700667E+02 -1.36154667E+02 -1.37179667E+02 -1.37883667E+02 -1.36757667E+02 -1.37722667E+02 -1.37179000E+02 -1.37737000E+02 
 -1.37628333E+02 -1.36024333E+02 -1.35124000E+02 -1.34314333E+02 -1.32876333E+02 -1.35214667E+02 -1.33608000E+02 -1.32592667E+02 -1.31901667E+02 -1.33344333E+02 -1.31829333E+02 -1.32256667E+02 -1.32228333E+02 -1.33714667E+02 -1.33828667E+02 -1.30825333E+02 -1.31755333E+02 -1.32149000E+02 -1.33999333E+02 -1.34375667E+02 -1.34030000E+02 -1.33768000E+02 -1.32647000E+02 -1.33364333E+02 -1.32363000E+02 
 -1.33564667E+02 -1.31543000E+02 -1.29236667E+02 -1.29750000E+02 -1.29470000E+02 -1.28929333E+02 -1.26956000E+02 -1.27123000E+02 -1.26145333E+02 -1.27198667E+02 -1.29720667E+02 -1.25661000E+02 -1.27144667E+02 -1.26804333E+02 -1.25490000E+02 -1.26708667E+02 -1.26748333E+02 -1.28402667E+02 -1.27929667E+02 -1.28112000E+02 -1.26096667E+02 -1.26211333E+02 -1.26087000E+02 -1.25904000E+02 -1.23882000E+02 
 -1.24944000E+02 -1.24016667E+02 -1.21787667E+02 -1.21650000E+02 -1.22989000E+02 -1.20369667E+02 -1.22317333E+02 -1.23523667E+02 -1.21256667E+02 -1.20586000E+02 -1.22415333E+02 -1.24085333E+02 -1.22647000E+02 -1.20259667E+02 -1.22088333E+02 -1.24335333E+02 -1.22651000E+02 -1.21962333E+02 -1.21641667E+02 -1.22351000E+02 -1.23210333E+02 -1.20017000E+02 -1.18437667E+02 -1.18817333E+02 -1.20996333E+02 
 -1.18177333E+02 -1.17937000E+02 -1.17755333E+02 -1.15012667E+02 -1.14489667E+02 -1.16337000E+02 -1.15469667E+02 -1.15542667E+02 -1.16157000E+02 -1.17223667E+02 -1.16852667E+02 -1.14754667E+02 -1.14812333E+02 -1.15736333E+02 -1.12482667E+02 -1.12720667E+02 -1.15184000E+02 -1.17133333E+02 -1.14618000E+02 -1.15093000E+02 -1.16829333E+02 -1.15776667E+02 -1.12749333E+02 -1.12396667E+02 -1.14779667E+02 
 -1.14336667E+02 -1.11485333E+02 -1.11683000E+02 -1.11790667E+02 -1.09398667E+02 -1.08703333E+02 -1.08860000E+02 -1.07911333E+02 -1.10399333E+02 -1.08430333E+02 -1.10358667E+02 -1.10675333E+02 -1.11551333E+02 -1.11641000E+02 -1.11387000E+02 -1.11181667E+02 -1.11396333E+02 -1.10942667E+02 -1.11649000E+02 -1.12242333E+02 -1.13115000E+02 -1.11770000E+02 -1.12385667E+02 -1.11791667E+02 -1.09726667E+02 
 -1.10145333E+02 -1.08750667E+02 -1.08982667E+02 -1.09359333E+02 -1.08120000E+02 -1.07713000E+02 -1.07942667E+02 -1.09850333E+02 -1.08350667E+02 -1.07633000E+02 -1.08146667E+02 -1.08368333E+02 -1.07745333E+02 -1.07306333E+02 -1.07520667E+02 -1.07586000E+02 -1.07649333E+02 -1.09529333E+02 -1.08277333E+02 -1.07383667E+02 -1.07730000E+02 -1.08202667E+02 -1.08904667E+02 -1.09819000E+02 -1.07104667E+02 
