      0.00000000      1.02500000      2.76666667      4.50833333      5.25833333      6.09166667      6.81666667      7.80833333      8.47500000      8.53333333      8.83333333      9.31666667      9.65833333      9.48333333      9.34166667      9.27500000      9.01666667      9.34166667      9.18333333      9.18333333      9.33333333      9.04166667      8.93333333      8.82500000      9.15000000 
      9.24166667      9.55000000      9.66666667     10.00000000      9.93333333      9.79166667     10.05000000      9.96666667      9.77500000      9.99166667      9.92500000      9.95000000     10.01666667     10.25833333     10.09166667      9.93333333      9.89166667     10.30000000     10.35833333     10.15833333     10.22500000     10.60833333     10.85000000     10.69166667     10.83333333 
     11.35833333     10.93333333     10.85000000     10.78333333     10.91666667     11.09166667     10.79166667     11.41666667     11.59166667     12.15000000     11.49166667     11.58333333     11.13333333     10.98333333     10.30000000     10.45000000     10.06666667     10.31666667     10.20833333     10.15000000     10.15833333     10.50833333     11.05833333     10.84166667     11.11666667 
     10.71666667     11.03333333     11.50000000     11.50833333     11.66666667     11.41666667     11.74166667     12.06666667     12.14166667     12.14166667     12.26666667     12.62500000     12.40833333     11.80833333     12.20000000     12.60833333     12.24166667     12.40000000     12.46666667     11.88333333     12.11666667     12.11666667     11.93333333     11.45000000     11.78333333 
     11.75000000     11.85833333     12.36666667     13.12500000     12.66666667     12.99166667     13.51666667     13.20000000     13.35833333     13.62500000     13.44166667     13.78333333     13.27500000     13.91666667     13.66666667     13.40833333     13.86666667     13.83333333     13.68333333     13.55000000     13.15000000     13.70833333     13.75000000     13.35833333     12.92500000 
     12.69166667     12.95833333     13.55833333     13.97500000     14.55000000     15.20000000     15.33333333     15.04166667     14.99166667     14.62500000     14.90833333     14.70833333     14.10833333     13.39166667     13.68333333     13.88333333     13.83333333     13.45833333     14.31666667     13.76666667     13.90000000     14.25833333     14.68333333     14.56666667     14.46666667 
     14.52500000     14.79166667     14.86666667     15.20833333     15.81666667     15.82500000     16.00000000     15.80000000     16.75833333     16.41666667     16.88333333     16.88333333     16.41666667     16.51666667     16.62500000     16.87500000     16.55000000     16.71666667     16.88333333     16.47500000     16.98333333     17.32500000     16.91666667     17.09166667     17.97500000 
     17.64166667     18.27500000     18.02500000     17.57500000     17.28333333     17.59166667     17.87500000     18.40000000     17.94166667     17.81666667     18.47500000     17.82500000     17.67500000     17.74166667     18.06666667     17.95833333     17.86666667     17.75833333     17.63333333     17.49166667     17.43333333     17.14166667     17.00833333     17.27500000     17.31666667 
     17.58333333     17.28333333     17.20833333     17.80000000     18.33333333     18.90000000     18.87500000     19.04166667     19.40833333     19.30833333     18.63333333     19.15833333     18.68333333     19.05000000     18.84166667     19.10000000     19.65833333     19.61666667     19.71666667     20.40000000     19.51666667     20.02500000     19.88333333     19.88333333     20.61666667 
     20.29166667     20.85833333     20.88333333     21.11666667     21.22500000     21.57500000     20.91666667     20.38333333     20.68333333     20.20000000     20.61666667     20.93333333     20.45000000     20.40833333     20.80833333     20.89166667     21.65833333     21.82500000     21.94166667     22.23333333     22.44166667     21.56666667     21.89166667     21.43333333     21.72500000 
     21.91666667     22.05000000     22.00000000     22.57500000     23.32500000     23.19166667     23.16666667     23.24166667     23.85000000     23.81666667     23.89166667     23.57500000     23.60833333     23.66666667     23.73333333     23.55000000     23.30000000     23.96666667     23.80833333     23.90833333     23.89166667     23.88333333     23.69166667     23.78333333     24.00833333 
     23.82500000     23.92500000     24.18333333     24.53333333     24.71666667     25.24166667     25.09166667     25.28333333     25.36666667     25.52500000     25.87500000     25.95000000     26.14166667     25.31666667     24.40833333     24.66666667     25.21666667     25.05000000     25.67500000     25.60833333     25.72500000     26.35000000     27.34166667     26.80000000     26.50000000 
     26.51666667     26.55000000     27.03333333     27.46666667     27.40833333     28.30833333     28.70000000     29.18333333     29.36666667     29.64166667     30.01666667     29.69166667     29.51666667     30.19166667     30.19166667     30.14166667     29.84166667     29.51666667     28.96666667     28.86666667     30.10000000     30.20000000     29.61666667     29.28333333     29.74166667 
     30.04166667     29.94166667     30.94166667     31.17500000     32.05000000     32.25833333     32.30000000     32.98333333     32.89166667     32.81666667     33.25833333     32.60833333     32.51666667     32.05833333     32.81666667     33.15833333     32.80000000     32.80000000     33.21666667     32.70833333     32.69166667     32.95833333     32.57500000     33.02500000     32.91666667 
     32.91666667     33.22500000     34.20000000     34.95833333     34.16666667     34.54166667     35.23333333     35.33333333     34.90000000     35.20833333     35.18333333     35.55000000     35.65833333     35.85000000     36.08333333     36.29166667     35.90833333     36.45000000     36.72500000     35.88333333     36.30833333     36.40000000     36.34166667     36.46666667     36.43333333 
     36.05000000     36.84166667     37.55833333     37.84166667     38.55000000     38.22500000     38.02500000     38.68333333     38.57500000     38.24166667     38.35833333     38.48333333     39.16666667     39.07500000     38.63333333     38.78333333     38.60000000     39.75000000     40.18333333     40.01666667     40.04166667     39.65833333     40.16666667     40.10000000     41.15833333 
     41.29166667     41.09166667     41.31666667     41.97500000     42.50000000     42.17500000     42.78333333     43.74166667     43.95833333     44.60833333     44.36666667     45.15833333     45.21666667     45.05833333     44.94166667     45.43333333     44.54166667     45.17500000     45.73333333     45.31666667     44.93333333     45.05000000     45.78333333     46.24166667     45.89166667 
     46.13333333     46.32500000     46.38333333     46.60000000     47.88333333     47.96666667     48.22500000     48.78333333     49.41666667     48.93333333     49.45000000     49.41666667     50.66666667     50.17500000     51.26666667     50.97500000     51.20000000     51.20000000     51.58333333     51.82500000     51.77500000     51.75833333     51.81666667     52.42500000     52.97500000 
     52.43333333     53.26666667     53.64166667     53.86666667     55.46666667     56.08333333     56.37500000     56.48333333     56.41666667     57.05833333     56.75000000     56.70000000     56.32500000     56.60000000     56.90833333     56.56666667     57.09166667     57.94166667     57.93333333     57.78333333     57.52500000     57.20000000     57.34166667     57.17500000     57.79166667 
     58.01666667     58.53333333     58.05000000     58.84166667     58.40833333     59.39166667     59.94166667     59.87500000     59.75833333     60.85000000     60.07500000     60.61666667     61.31666667     61.30833333     61.71666667     61.29166667     60.91666667     62.31666667     61.97500000     62.11666667     61.67500000     62.15000000     63.10833333     63.35833333     63.30833333 
     64.02500000     65.26666667     66.15000000     66.68333333     66.70833333     67.48333333     68.55000000     69.47500000     69.64166667     70.06666667     70.36666667     70.41666667     70.55000000     70.72500000     70.55000000     70.24166667     70.70833333     71.14166667     71.38333333     71.94166667     72.25000000     71.85833333     71.79166667     72.34166667     73.00000000 
     73.48333333     74.26666667     73.95833333     73.70833333     75.53333333     75.99166667     76.65833333     76.93333333     77.25833333     77.27500000     77.52500000     77.71666667     78.89166667     78.54166667     79.68333333     79.30833333     79.32500000     80.93333333     81.63333333     81.48333333     80.99166667     80.79166667     81.05000000     81.18333333     81.67500000 
     82.20833333     82.35833333     82.21666667     83.08333333     83.80000000     83.95833333     84.97500000     85.41666667     85.79166667     85.90000000     86.78333333     88.98333333     89.59166667     89.74166667     90.25000000     89.22500000     90.27500000     90.35000000     90.47500000     90.16666667     90.94166667     91.89166667     91.03333333     91.52500000     91.83333333 
     93.04166667     93.92500000     94.45000000     94.97500000     95.77500000     97.03333333     97.33333333     97.85000000     97.77500000     97.90000000     98.91666667     98.85833333     99.89166667    100.78333333    101.20833333    101.50000000    102.12500000    102.26666667    102.74166667    102.34166667    103.00000000    103.20833333    104.46666667    104.66666667    105.36666667 
    104.81666667    105.66666667    106.95833333    107.30000000    108.08333333    109.77500000    110.36666667    110.67500000    111.35000000    111.76666667    111.19166667    113.35833333    113.97500000    115.75833333    116.34166667    116.12500000    117.31666667    118.54166667    119.25833333    119.51666667    119.72500000    120.21666667    119.65000000    120.00000000    119.49166667 
    120.14166667    121.70833333    121.80833333    122.71666667    123.78333333    124.99166667    125.95833333    126.51666667    126.55833333    127.05833333    128.26666667    128.89166667    128.94166667    129.77500000    129.65833333    130.55000000    132.04166667    133.01666667    132.30833333    133.28333333    133.74166667    134.60833333    136.23333333    136.32500000    136.29166667 
    136.33333333    137.27500000    137.20000000    139.10000000    140.75000000    141.92500000    143.19166667    144.60000000    145.87500000    146.70000000    147.55000000    147.21666667    148.55833333    149.59166667    150.80833333    151.95833333    152.47500000    154.00833333    153.71666667    155.37500000    155.95000000    155.79166667    156.88333333    158.08333333    158.93333333 
    159.78333333    160.33333333    161.25000000    161.93333333    163.07500000    164.64166667    164.99166667    165.80833333    165.87500000    167.38333333    167.69166667    170.25833333    170.27500000    172.76666667    172.95833333    173.48333333    174.89166667    175.59166667    176.05833333    175.31666667    177.06666667    178.87500000    179.69166667    180.63333333    181.28333333 
    181.53333333    182.35000000    183.43333333    183.56666667    185.13333333    186.84166667    188.24166667    188.14166667    187.85833333    188.87500000    189.36666667    189.94166667    193.45000000    193.04166667    194.13333333    195.73333333    197.33333333    197.20833333    198.42500000    198.41666667    200.34166667    199.95000000    201.25000000    202.92500000    204.90000000 
    205.68333333    205.65000000    207.30000000    208.15000000    208.40833333    210.18333333    210.82500000    211.47500000    213.90000000    214.57500000    214.59166667    214.79166667    216.90833333    217.92500000    219.50000000    220.91666667    221.91666667    223.01666667    226.37500000    227.05000000    228.20833333    230.16666667    231.24166667    232.36666667    232.56666667 
    233.55000000    235.42500000    236.11666667    238.11666667    239.52500000    240.85833333    242.65833333    244.65833333    246.20833333    247.89166667    250.21666667    251.05000000    253.07500000    254.54166667    256.95833333    257.79166667    259.50833333    261.05000000    261.23333333    261.74166667    262.77500000    264.88333333    265.15000000    267.04166667    266.95000000 
    268.76666667    269.10000000    269.97500000    271.60833333    275.06666667    276.66666667    278.45000000    279.38333333    280.47500000    282.75833333    284.92500000    286.61666667    288.56666667    289.74166667    292.09166667    294.82500000    296.95833333    297.77500000    300.91666667    301.11666667    303.48333333    306.55833333    308.34166667    309.63333333    311.34166667 
    313.11666667    315.79166667    318.22500000    319.77500000    321.92500000    323.78333333    326.60000000    329.38333333    331.29166667    333.70833333    335.13333333    336.49166667    339.17500000    341.65833333    342.43333333    343.06666667    344.95000000    345.95000000    348.01666667    349.31666667    351.71666667    353.74166667    355.37500000    358.59166667    359.95000000 
    361.19166667    365.21666667    366.98333333    370.40000000    371.03333333    374.17500000    375.45000000    378.00833333    379.44166667    381.00000000    384.25833333    385.52500000    389.40000000    391.80833333    393.12500000    394.73333333    395.26666667    397.60833333    399.35833333    400.60833333    402.13333333    404.50833333    406.25833333    409.30833333    410.70000000 
    413.67500000    415.91666667    419.06666667    420.88333333    423.83333333    425.14166667    428.28333333    430.83333333    432.29166667    433.81666667    436.20833333    440.57500000    442.55833333    445.33333333    446.23333333    449.53333333    454.50000000    456.86666667    459.79166667    462.77500000    464.31666667    468.00000000    469.31666667    469.77500000    472.84166667 
    474.81666667    478.00000000    481.08333333    482.95000000    487.37500000    488.55833333    493.06666667    496.87500000    501.20833333    503.38333333    506.34166667    508.05000000    510.10000000    513.06666667    514.00000000    519.21666667    522.65000000    523.59166667    526.77500000    529.00000000    531.01666667    534.01666667    534.91666667    537.40000000    539.23333333 
    544.26666667    547.84166667    552.40833333    554.69166667    556.72500000    561.40000000    565.00000000    566.37500000    569.40000000    573.25833333    577.65000000    579.35833333    582.70833333    584.56666667    589.50000000    591.28333333    595.80000000    598.80833333    598.94166667    601.84166667    605.18333333    607.90000000    612.45000000    612.81666667    616.46666667 
    618.39166667    622.27500000    626.28333333    630.00000000    633.10833333    635.61666667    638.48333333    641.03333333    646.55833333    651.63333333    655.75000000    659.60000000    661.45000000    664.50833333    666.77500000    671.06666667    675.56666667    679.96666667    685.87500000    690.15000000    692.88333333    695.56666667    698.70833333    702.41666667    705.45000000 
    707.30000000    712.72500000    715.65000000    721.50833333    726.65833333    729.96666667    734.63333333    737.20833333    742.51666667    747.59166667    752.77500000    756.33333333    758.90833333    764.30833333    766.98333333    771.22500000    775.92500000    779.95000000    783.64166667    788.75000000    792.52500000    796.12500000    801.28333333    805.52500000    808.44166667 
    811.45000000    814.41666667    820.03333333    823.35833333    828.10833333    834.69166667    840.06666667    844.93333333    850.15833333    855.05000000    857.26666667    861.74166667    867.17500000    871.41666667    876.86666667    881.36666667    885.09166667    890.32500000    892.73333333    897.90833333    901.22500000    906.77500000    911.50833333    915.45833333    920.33333333 
    925.06666667    931.01666667    934.74166667    939.70833333    944.51666667    952.83333333    957.25833333    962.35833333    966.32500000    971.66666667    975.80833333    980.96666667    982.93333333    987.23333333    993.55000000    997.12500000   1002.34166667   1007.55000000   1008.90000000   1014.87500000   1019.88333333   1023.51666667   1028.36666667   1032.66666667   1039.37500000 
   1043.24166667   1049.59166667   1056.11666667   1060.99166667   1066.19166667   1073.05833333   1078.75833333   1085.17500000   1091.80833333   1095.41666667   1100.86666667   1106.07500000   1112.00833333   1116.50833333   1124.00000000   1129.99166667   1133.89166667   1142.02500000   1144.60000000   1150.12500000   1155.96666667   1161.25000000   1167.10000000   1170.74166667   1177.10833333 
   1181.97500000   1191.60000000   1195.95833333   1201.34166667   1206.39166667   1214.60833333   1218.53333333   1223.15000000   1229.98333333   1235.25000000   1241.01666667   1248.18333333   1254.36666667   1259.80000000   1269.25000000   1273.84166667   1280.11666667   1286.79166667   1293.35000000   1299.35833333   1306.35000000   1308.16666667   1317.35000000   1325.65000000   1330.97500000 
   1335.64166667   1341.71666667   1347.86666667   1356.51666667   1363.73333333   1370.18333333   1376.60833333   1384.06666667   1387.71666667   1396.19166667   1401.97500000   1409.71666667   1413.16666667   1422.00833333   1428.60000000   1435.83333333   1441.54166667   1447.25000000   1451.70833333   1458.70000000   1464.68333333   1470.49166667   1476.44166667   1479.56666667   1487.12500000 
   1492.20000000   1502.85833333   1510.35833333   1516.71666667   1524.15000000   1529.67500000   1538.30833333   1545.38333333   1554.14166667   1561.53333333   1568.12500000   1570.84166667   1580.02500000   1584.95833333   1591.30000000   1602.55833333   1607.50833333   1613.58333333   1619.23333333   1627.06666667   1634.04166667   1637.89166667   1646.40833333   1653.32500000   1657.94166667 
   1664.48333333   1671.11666667   1678.40833333   1683.60000000   1692.40833333   1700.16666667   1704.77500000   1713.78333333   1719.60833333   1727.94166667   1735.81666667   1740.57500000   1748.64166667   1753.97500000   1759.10833333   1766.70833333   1772.35000000   1781.52500000   1786.36666667   1793.69166667   1800.05000000   1808.50000000   1814.35000000   1821.57500000   1829.68333333 
   1834.27500000   1843.64166667   1848.29166667   1853.12500000   1863.20833333   1869.70833333   1876.62500000   1882.06666667   1890.20000000   1896.96666667   1901.75833333   1909.47500000   1915.98333333   1925.81666667   1930.08333333   1939.20833333   1943.60000000   1951.92500000   1958.46666667   1966.50000000   1974.10833333   1981.93333333   1987.29166667   1993.42500000   2004.18333333 
   2007.85833333   2013.16666667   2021.42500000   2028.15833333   2037.23333333   2045.11666667   2054.27500000   2061.19166667   2066.61666667   2071.64166667   2081.82500000   2089.30833333   2095.23333333   2099.31666667   2108.97500000   2115.60000000   2121.20833333   2129.40000000   2136.32500000   2141.51666667   2153.21666667   2156.84166667   2161.95833333   2168.40833333   2172.73333333 
   2180.73333333   2191.05833333   2197.42500000   2207.80833333   2215.13333333   2220.85000000   2228.45833333   2233.40000000   2242.08333333   2251.42500000   2260.50000000   2264.23333333   2269.64166667   2277.39166667   2284.26666667   2290.44166667   2296.15833333   2301.93333333   2308.27500000   2317.15000000   2322.85833333   2329.68333333   2336.62500000   2341.26666667   2346.85833333 
   2351.47500000   2359.46666667   2370.37500000   2374.10000000   2383.36666667   2392.93333333   2400.91666667   2407.03333333   2414.47500000   2422.78333333   2428.60000000   2436.15833333   2445.14166667   2449.93333333   2456.75833333   2463.37500000   2470.37500000   2479.02500000   2481.56666667   2488.78333333   2494.16666667   2501.13333333   2508.25833333   2512.39166667   2519.72500000 
   2527.11666667   2533.40000000   2539.54166667   2548.91666667   2556.12500000   2563.93333333   2569.60833333   2578.95833333   2586.80000000   2593.13333333   2599.61666667   2603.75833333   2609.63333333   2616.55000000   2621.85833333   2630.32500000   2633.92500000   2641.16666667   2649.22500000   2655.50833333   2659.66666667   2665.64166667   2669.89166667   2677.34166667   2683.36666667 
   2687.70833333   2696.70000000   2702.25000000   2709.67500000   2716.17500000   2719.25833333   2727.47500000   2734.88333333   2741.84166667   2744.34166667   2752.67500000   2759.78333333   2763.03333333   2767.37500000   2776.69166667   2783.28333333   2791.92500000   2795.80833333   2802.30000000   2807.16666667   2813.20833333   2818.41666667   2826.66666667   2830.21666667   2837.05000000 
   2843.16666667   2848.45833333   2856.21666667   2863.69166667   2869.92500000   2876.53333333   2883.75000000   2889.74166667   2897.26666667   2901.10000000   2907.31666667   2913.05833333   2917.52500000   2925.70000000   2928.55000000   2934.44166667   2941.30833333   2944.87500000   2947.70000000   2956.30833333   2960.69166667   2965.40000000   2971.60833333   2978.32500000   2981.02500000 
   2987.89166667   2993.96666667   2996.88333333   3003.48333333   3008.78333333   3016.45000000   3022.39166667   3028.36666667   3035.45000000   3040.77500000   3045.71666667   3052.91666667   3055.40000000   3062.86666667   3067.41666667   3069.63333333   3071.53333333   3078.24166667   3082.25000000   3088.50000000   3093.55833333   3095.53333333   3102.23333333   3103.64166667   3110.77500000 
   3113.89166667   3121.58333333   3126.95000000   3131.40833333   3139.01666667   3142.95833333   3149.58333333   3154.36666667   3159.44166667   3163.56666667   3172.35000000   3173.93333333   3175.90833333   3182.47500000   3185.40000000   3192.30000000   3195.94166667   3200.20000000   3202.32500000   3208.18333333   3211.68333333   3217.60000000   3221.01666667   3225.60833333   3229.00000000 
   3231.86666667   3236.30833333   3244.12500000   3247.30833333   3251.15833333   3260.53333333   3260.80833333   3265.81666667   3271.45000000   3275.01666667   3281.00000000   3285.60833333   3292.37500000   3296.51666667   3299.36666667   3301.55833333   3306.65000000   3307.61666667   3313.07500000   3319.37500000   3322.34166667   3328.35833333   3331.54166667   3334.72500000   3339.09166667 
   3342.87500000   3348.38333333   3351.95000000   3356.06666667   3361.10000000   3364.44166667   3368.76666667   3372.12500000   3377.48333333   3382.97500000   3385.73333333   3391.75833333   3393.75833333   3398.75833333   3402.01666667   3403.34166667   3405.99166667   3410.83333333   3414.48333333   3417.93333333   3419.30000000   3422.78333333   3427.00000000   3429.82500000   3432.75833333 
   3436.85000000   3441.53333333   3444.37500000   3449.26666667   3452.31666667   3459.28333333   3461.48333333   3464.29166667   3468.34166667   3473.34166667   3474.05000000   3478.15000000   3481.56666667   3484.40833333   3484.64166667   3490.03333333   3490.53333333   3495.73333333   3497.75833333   3500.65833333   3501.18333333   3503.17500000   3507.00000000   3510.01666667   3514.85000000 
   3517.05833333   3521.39166667   3520.55000000   3526.19166667   3527.24166667   3528.50000000   3532.04166667   3533.73333333   3537.15833333   3538.45000000   3541.20000000   3545.01666667   3548.05833333   3552.90000000   3556.44166667   3556.46666667   3558.88333333   3562.10000000   3566.43333333   3567.55000000   3569.86666667   3570.41666667   3574.19166667   3575.69166667   3577.75833333 
   3584.15000000   3588.00000000   3589.24166667   3590.42500000   3592.53333333   3596.42500000   3597.32500000   3602.00833333   3605.16666667   3608.40833333   3610.81666667   3609.70833333   3613.78333333   3617.65833333   3618.88333333   3617.85833333   3620.85833333   3622.91666667   3626.20833333   3629.50000000   3629.16666667   3629.95833333   3631.46666667   3634.93333333   3636.98333333 
   3638.05833333   3639.43333333   3641.82500000   3643.27500000   3639.85833333   3642.94166667   3646.67500000   3648.38333333   3647.10833333   3649.19166667   3649.44166667   3652.43333333   3651.10000000   3653.10000000   3652.68333333   3655.19166667   3654.03333333   3659.10000000   3656.38333333   3659.15833333   3663.20833333   3662.33333333   3662.67500000   3666.54166667   3667.15833333 
   3666.61666667   3665.65833333   3667.60833333   3667.85000000   3669.61666667   3667.40000000   3670.35000000   3670.02500000   3670.97500000   3671.75000000   3669.07500000   3671.04166667   3670.66666667   3672.99166667   3673.61666667   3674.91666667   3675.62500000   3674.47500000   3674.63333333   3676.60833333   3676.52500000   3678.12500000   3679.31666667   3679.06666667   3680.11666667 
   3682.06666667   3678.26666667   3680.41666667   3680.96666667   3679.98333333   3680.02500000   3679.05000000   3678.49166667   3680.21666667   3678.00833333   3678.78333333   3681.06666667   3679.73333333   3678.52500000   3682.59166667   3681.42500000   3680.45000000   3679.39166667   3680.82500000   3683.35000000   3684.18333333   3685.19166667   3683.21666667   3684.29166667   3680.05000000 
   3682.01666667   3681.49166667   3677.95833333   3678.24166667   3679.40833333   3676.78333333   3676.85833333   3675.84166667   3674.62500000   3677.33333333   3676.91666667   3675.65000000   3675.03333333   3675.35833333   3671.99166667   3671.43333333   3673.42500000   3672.68333333   3674.65833333   3671.46666667   3672.73333333   3671.75000000   3671.96666667   3672.35833333   3673.06666667 
   3669.62500000   3668.28333333   3667.25000000   3665.69166667   3668.43333333   3663.10833333   3663.65000000   3662.34166667   3664.78333333   3662.99166667   3661.09166667   3659.60000000   3656.41666667   3654.67500000   3656.21666667   3658.98333333   3656.57500000   3655.52500000   3657.16666667   3655.46666667   3652.76666667   3653.25000000   3651.05833333   3651.18333333   3652.55000000 
   3649.90833333   3645.16666667   3646.50000000   3644.49166667   3642.59166667   3643.54166667   3641.22500000   3642.32500000   3639.10000000   3636.74166667   3639.30000000   3636.71666667   3633.50000000   3634.44166667   3632.76666667   3633.48333333   3631.87500000   3629.84166667   3629.54166667   3626.34166667   3626.20833333   3626.30000000   3620.98333333   3621.43333333   3623.41666667 
   3619.71666667   3618.11666667   3617.64166667   3616.68333333   3618.19166667   3617.01666667   3616.41666667   3613.60833333   3613.85000000   3608.79166667   3607.22500000   3608.14166667   3608.08333333   3607.56666667   3606.51666667   3604.22500000   3603.30000000   3604.86666667   3603.56666667   3600.21666667   3600.37500000   3598.77500000   3597.16666667   3597.03333333   3599.41666667 
   3598.35833333   3593.91666667   3594.44166667   3592.80833333   3587.54166667   3590.10833333   3587.01666667   3588.32500000   3584.85000000   3585.23333333   3583.10000000   3581.76666667   3576.48333333   3575.80833333   3576.45833333   3572.06666667   3571.58333333   3571.42500000   3570.31666667   3570.23333333   3569.79166667   3567.34166667   3567.65000000   3562.48333333   3564.43333333 
   3564.09166667   3560.73333333   3561.38333333   3557.87500000   3555.17500000   3553.06666667   3551.69166667   3548.91666667   3548.82500000   3549.55000000   3547.14166667   3540.82500000   3542.14166667   3541.20000000   3537.93333333   3536.92500000   3535.12500000   3536.94166667   3530.30000000   3532.79166667   3527.65833333   3531.44166667   3529.23333333   3528.64166667   3527.35833333 
   3524.89166667   3522.18333333   3517.95833333   3518.65000000   3514.72500000   3512.23333333   3512.00833333   3511.45000000   3509.01666667   3506.85833333   3504.04166667   3501.19166667   3497.76666667   3494.64166667   3494.68333333   3490.63333333   3490.20000000   3489.14166667   3490.00000000   3489.00000000   3487.83333333   3484.65833333   3481.34166667   3478.19166667   3481.51666667 
   3479.45000000   3475.16666667   3469.75833333   3467.88333333   3466.00833333   3462.37500000   3461.60833333   3457.46666667   3456.98333333   3449.14166667   3450.14166667   3449.10833333   3443.86666667   3440.68333333   3440.30000000   3437.90833333   3434.60000000   3433.63333333   3431.11666667   3431.25833333   3424.70833333   3424.72500000   3419.90000000   3421.45000000   3418.83333333 
   3415.39166667   3412.50000000   3410.92500000   3410.61666667   3408.68333333   3404.39166667   3402.65000000   3400.25833333   3396.95833333   3396.75833333   3390.40833333   3390.61666667   3391.53333333   3386.65000000   3385.15833333   3381.58333333   3381.82500000   3377.49166667   3371.80833333   3370.30000000   3366.94166667   3366.03333333   3363.05833333   3363.68333333   3359.82500000 
   3357.75833333   3352.15000000   3351.75000000   3344.17500000   3344.09166667   3342.08333333   3339.30833333   3338.99166667   3334.70000000   3330.65833333   3326.14166667   3325.21666667   3320.10833333   3318.23333333   3319.27500000   3311.80000000   3313.50000000   3310.41666667   3306.55833333   3300.71666667   3301.21666667   3299.81666667   3297.15000000   3292.58333333   3287.85000000 
   3285.31666667   3281.54166667   3276.13333333   3272.75000000   3265.95833333   3264.71666667   3262.87500000   3259.81666667   3253.65000000   3253.54166667   3249.69166667   3247.20000000   3243.86666667   3242.20000000   3235.36666667   3235.50833333   3232.20833333   3228.52500000   3226.35000000   3224.99166667   3219.84166667   3217.67500000   3215.50833333   3211.28333333   3209.84166667 
   3207.17500000   3203.85833333   3198.60833333   3194.40833333   3193.04166667   3185.53333333   3185.84166667   3177.61666667   3176.48333333   3174.55000000   3167.44166667   3165.10833333   3163.61666667   3161.67500000   3155.84166667   3155.26666667   3151.63333333   3147.07500000   3145.23333333   3139.43333333   3137.33333333   3132.28333333   3131.71666667   3127.36666667   3123.72500000 
   3123.11666667   3114.70833333   3110.25000000   3106.36666667   3101.97500000   3094.74166667   3090.95000000   3086.18333333   3082.95833333   3077.22500000   3076.55000000   3072.84166667   3068.85833333   3061.19166667   3056.76666667   3053.84166667   3049.43333333   3044.78333333   3039.61666667   3039.44166667   3035.45000000   3031.70000000   3027.20833333   3023.79166667   3020.18333333 
   3016.37500000   3010.34166667   3002.19166667   2999.50000000   2997.34166667   2988.36666667   2987.01666667   2980.76666667   2977.27500000   2972.06666667   2968.46666667   2966.06666667   2959.35833333   2954.90000000   2948.87500000   2946.51666667   2940.43333333   2933.58333333   2929.80833333   2929.39166667   2923.79166667   2921.15000000   2915.69166667   2911.50833333   2908.88333333 
   2903.76666667   2896.13333333   2893.26666667   2887.45000000   2882.10000000   2875.02500000   2874.05833333   2868.41666667   2862.58333333   2857.81666667   2850.19166667   2847.00833333   2841.72500000   2837.82500000   2830.20000000   2826.75000000   2824.03333333   2822.46666667   2814.91666667   2813.65000000   2809.56666667   2801.83333333   2797.47500000   2795.76666667   2789.17500000 
   2785.45000000   2778.15833333   2770.23333333   2765.75833333   2758.39166667   2753.50833333   2749.07500000   2741.93333333   2735.27500000   2731.62500000   2725.36666667   2719.01666667   2714.57500000   2708.62500000   2699.55000000   2697.41666667   2690.00833333   2686.98333333   2682.07500000   2677.47500000   2672.23333333   2665.37500000   2658.44166667   2653.55000000   2648.39166667 
   2644.99166667   2635.95000000   2632.99166667   2623.70833333   2618.99166667   2609.89166667   2604.08333333   2601.31666667   2596.68333333   2590.79166667   2583.00833333   2579.76666667   2574.38333333   2569.80833333   2560.92500000   2554.70000000   2549.35000000   2542.94166667   2534.93333333   2530.83333333   2522.35833333   2515.90000000   2512.69166667   2504.76666667   2498.50833333 
   2493.22500000   2484.22500000   2477.95833333   2469.50833333   2460.85833333   2454.55000000   2447.00000000   2439.43333333   2433.50000000   2425.03333333   2415.81666667   2406.64166667   2400.69166667   2395.88333333   2387.45833333   2383.11666667   2378.45000000   2370.12500000   2362.08333333   2357.92500000   2348.91666667   2342.26666667   2334.50833333   2332.15000000   2322.64166667 
   2315.73333333   2307.61666667   2299.04166667   2292.55833333   2283.00000000   2277.86666667   2268.25833333   2262.14166667   2256.35000000   2247.20000000   2239.67500000   2232.28333333   2220.77500000   2216.65000000   2207.43333333   2197.85833333   2196.40833333   2187.25833333   2182.85000000   2175.23333333   2167.68333333   2158.75000000   2153.73333333   2142.87500000   2137.80833333 
   2130.43333333   2121.62500000   2111.95000000   2105.38333333   2097.33333333   2090.07500000   2082.60833333   2072.33333333   2067.33333333   2059.35000000   2049.99166667   2041.89166667   2035.18333333   2027.24166667   2020.28333333   2012.39166667   2005.35000000   1995.40833333   1986.50000000   1983.75833333   1973.35833333   1965.20000000   1959.44166667   1952.47500000   1945.25000000 
   1940.17500000   1931.68333333   1924.73333333   1912.05000000   1904.09166667   1895.10000000   1886.75833333   1877.05833333   1868.50000000   1862.43333333   1854.33333333   1845.43333333   1837.50000000   1828.94166667   1821.90000000   1812.94166667   1802.98333333   1797.75833333   1791.28333333   1783.57500000   1773.27500000   1766.72500000   1759.00000000   1754.97500000   1744.00000000 
   1736.55833333   1726.64166667   1717.15833333   1707.32500000   1698.74166667   1687.48333333   1679.94166667   1670.36666667   1662.13333333   1653.62500000   1645.62500000   1636.50000000   1628.34166667   1620.70833333   1614.37500000   1606.83333333   1597.45000000   1590.60000000   1582.19166667   1576.76666667   1564.90833333   1558.55000000   1549.65833333   1541.50833333   1532.99166667 
   1526.15833333   1516.62500000   1507.25833333   1497.16666667   1492.85000000   1481.25833333   1471.40000000   1466.21666667   1453.25000000   1447.60000000   1438.82500000   1432.39166667   1421.05000000   1411.57500000   1403.89166667   1392.47500000   1386.44166667   1378.42500000   1372.94166667   1362.58333333   1356.77500000   1349.54166667   1341.75000000   1330.65000000   1323.64166667 
   1316.38333333   1307.88333333   1297.23333333   1288.73333333   1281.15000000   1271.05833333   1263.12500000   1255.30833333   1247.27500000   1239.74166667   1229.75000000   1222.99166667   1217.16666667   1206.31666667   1199.25833333   1191.32500000   1183.14166667   1175.02500000   1164.69166667   1158.10000000   1151.90833333   1144.45000000   1138.08333333   1130.46666667   1119.92500000 
   1114.56666667   1105.85833333   1097.29166667   1088.77500000   1081.78333333   1072.93333333   1062.75833333   1055.70000000   1050.41666667   1039.06666667   1033.10000000   1023.66666667   1017.04166667   1010.80000000   1001.37500000    993.95833333    984.89166667    979.29166667    971.23333333    963.25833333    955.36666667    948.69166667    941.34166667    934.85833333    928.30833333 
    923.25833333    913.70833333    904.48333333    897.09166667    888.58333333    880.80000000    873.10000000    862.80000000    854.00833333    848.22500000    840.87500000    833.25833333    825.90833333    819.30000000    811.70833333    805.58333333    800.50833333    791.90000000    784.83333333    778.92500000    771.33333333    767.91666667    760.43333333    753.80000000    745.78333333 
    739.65000000    732.11666667    724.73333333    716.45000000    710.54166667    704.20833333    695.08333333    690.51666667    683.55000000    678.37500000    671.26666667    666.20833333    659.74166667    654.72500000    648.70000000    639.73333333    633.46666667    627.11666667    622.09166667    618.05833333    612.56666667    607.23333333    602.74166667    596.84166667    593.32500000 
    587.51666667    581.80000000    573.80000000    567.67500000    562.18333333    555.64166667    550.25000000    544.38333333    539.45833333    532.23333333    526.58333333    521.17500000    517.24166667    511.40833333    506.53333333    499.55000000    496.01666667    490.81666667    486.01666667    480.07500000    477.55000000    471.66666667    466.83333333    461.88333333    457.69166667 
    452.75833333    449.29166667    445.83333333    441.70833333    436.28333333    430.79166667    426.81666667    422.68333333    417.01666667    412.12500000    406.90000000    403.49166667    398.84166667    392.48333333    389.68333333    385.76666667    381.55000000    378.32500000    374.19166667    371.12500000    367.16666667    362.44166667    359.73333333    356.16666667    354.45000000 
    349.45000000    345.89166667    342.52500000    340.01666667    334.86666667    330.48333333    325.73333333    322.28333333    319.30000000    317.14166667    313.69166667    309.93333333    305.84166667    303.68333333    300.60000000    296.57500000    293.66666667    291.26666667    287.79166667    286.49166667    283.43333333    280.30833333    278.35833333    275.80833333    274.19166667 
    272.40833333    269.47500000    266.06666667    261.89166667    258.54166667    256.40000000    253.60833333    250.17500000    247.95000000    244.40833333    242.10000000    241.09166667    238.75000000    234.94166667    232.94166667    230.68333333    228.97500000    226.25000000    225.26666667    223.05000000    221.47500000    219.58333333    218.57500000    215.97500000    214.30833333 
    212.71666667    210.73333333    208.55833333    206.15000000    205.00833333    203.47500000    201.64166667    200.22500000    196.69166667    196.67500000    195.04166667    193.47500000    191.96666667    190.84166667    188.78333333    186.98333333    185.93333333    183.67500000    181.55833333    179.80000000    180.19166667    178.87500000    177.01666667    174.82500000    173.55833333 
    173.61666667    171.00833333    168.92500000    166.46666667    165.09166667    163.07500000    160.99166667    158.83333333    158.41666667    157.75833333    155.86666667    154.01666667    153.32500000    151.56666667    151.47500000    149.25000000    147.09166667    145.95000000    144.35000000    143.18333333    142.29166667    142.20000000    142.53333333    141.49166667    140.29166667 
    138.80833333    137.39166667    136.85000000    136.10000000    134.64166667    133.78333333    132.70000000    132.15833333    129.81666667    129.48333333    127.55000000    126.76666667    125.27500000    124.70833333    123.25833333    122.66666667    120.74166667    120.17500000    118.50000000    118.84166667    117.68333333    117.77500000    116.78333333    115.95000000    115.13333333 
    115.42500000    113.11666667    111.89166667    111.26666667    110.52500000    110.68333333    109.10000000    107.80000000    106.49166667    104.38333333    104.50000000    104.80833333    103.69166667    102.76666667    103.00833333    102.56666667    101.57500000     99.85000000     99.23333333     98.99166667     98.35000000     97.96666667     96.86666667     97.08333333     97.97500000 
     97.89166667     96.40833333     96.13333333     94.64166667     93.93333333     93.10833333     92.71666667     91.59166667     91.54166667     89.90833333     90.20000000     90.12500000     89.55833333     88.55000000     87.38333333     86.80833333     86.72500000     86.49166667     84.90000000     83.02500000     83.31666667     83.00833333     82.78333333     82.23333333     82.35000000 
     81.41666667     80.92500000     80.76666667     80.19166667     79.44166667     78.54166667     78.34166667     77.00000000     76.31666667     75.73333333     75.50833333     76.00000000     75.45833333     73.93333333     73.45833333     73.42500000     72.90833333     72.25833333     71.23333333     71.62500000     70.80833333     70.55833333     69.93333333     69.82500000     69.67500000 
     69.10833333     68.19166667     67.63333333     67.10000000     67.89166667     67.32500000     66.50000000     65.76666667     66.47500000     65.39166667     64.35833333     64.30833333     63.65833333     64.05833333     63.11666667     62.39166667     62.20000000     61.98333333     61.70000000     60.41666667     61.35000000     61.95000000     61.30833333     61.58333333     61.20833333 
     61.14166667     60.42500000     59.75833333     58.20000000     58.48333333     58.72500000     58.84166667     58.39166667     58.46666667     58.08333333     57.27500000     57.67500000     57.65000000     57.05833333     57.20000000     57.61666667     56.47500000     55.97500000     56.28333333     55.81666667     56.73333333     56.19166667     55.60833333     55.85000000     56.43333333 
     55.67500000     54.83333333     55.14166667     53.55000000     53.76666667     52.77500000     52.38333333     51.17500000     51.27500000     50.70833333     50.26666667     50.41666667     49.85833333     49.60833333     49.20833333     49.54166667     49.02500000     48.66666667     48.92500000     49.30000000     49.28333333     49.09166667     49.09166667     49.87500000     50.10833333 
     50.60000000     50.53333333     49.84166667     48.45833333     47.95833333     47.53333333     47.25833333     46.54166667     46.08333333     46.00000000     45.94166667     45.33333333     45.05000000     44.33333333     44.52500000     44.01666667     43.70000000     42.69166667     42.94166667     42.40833333     43.24166667     43.15833333     42.39166667     42.32500000     41.99166667 
     42.12500000     41.40833333     41.67500000     41.96666667     41.60833333     41.23333333     40.43333333     40.08333333     39.94166667     40.00000000     40.10000000     40.03333333     38.80833333     38.80833333     39.02500000     39.67500000     39.95000000     39.82500000     39.28333333     38.96666667     38.34166667     37.88333333     38.39166667     38.16666667     38.30833333 
     38.20833333     38.01666667     37.90000000     37.86666667     37.45833333     36.56666667     36.28333333     36.60000000     35.70833333     35.17500000     35.00000000     34.80833333     34.70833333     34.76666667     34.89166667     35.03333333     34.16666667     34.15000000     33.90000000     33.70833333     33.34166667     33.12500000     31.98333333     32.33333333     32.40000000 
     32.89166667     32.50833333     32.61666667     32.90000000     32.34166667     31.76666667     31.71666667     31.63333333     31.60000000     31.80833333     31.44166667     31.62500000     31.52500000     31.40833333     30.98333333     30.83333333     30.60833333     29.60833333     29.43333333     29.32500000     29.40833333     29.72500000     29.65000000     29.34166667     29.18333333 
     29.01666667     28.74166667     29.01666667     29.08333333     28.70833333     29.12500000     28.86666667     29.09166667     28.70833333     29.11666667     28.36666667     27.55000000     26.98333333     27.24166667     27.20833333     27.22500000     27.30833333     27.50000000     27.54166667     27.57500000     27.03333333     27.16666667     27.50000000     27.25000000     26.77500000 
     27.01666667     26.99166667     26.34166667     26.35000000     26.08333333     26.05000000     25.95833333     26.00000000     25.57500000     24.88333333     24.68333333     24.50000000     23.60000000     23.95000000     24.26666667     24.45833333     24.27500000     24.65833333     24.70833333     24.35833333     24.57500000     24.17500000     24.20000000     24.40833333     24.72500000 
     25.05833333     24.91666667     23.82500000     24.02500000     23.71666667     24.32500000     23.65000000     23.28333333     23.17500000     22.56666667     22.51666667     22.49166667     22.13333333     21.64166667     22.24166667     21.25000000     21.60000000     21.82500000     21.48333333     21.93333333     22.06666667     22.28333333     21.80833333     21.95000000     21.85833333 
     21.15000000     20.94166667     19.93333333     19.97500000     19.91666667     20.64166667     20.83333333     20.41666667     20.09166667     20.38333333     20.35000000     19.69166667     20.02500000     20.45000000     19.98333333     20.44166667     20.20833333     19.98333333     20.48333333     20.34166667     20.15000000     20.23333333     20.24166667     20.25833333     19.69166667 
     18.96666667     19.13333333     18.93333333     18.99166667     18.87500000     18.63333333     18.65833333     18.39166667     18.42500000     18.37500000     17.98333333     18.68333333     18.39166667     18.53333333     17.88333333     17.73333333     17.90833333     17.85833333     17.83333333     17.26666667     17.38333333     17.02500000     16.95833333     17.33333333     17.11666667 
     17.41666667     17.09166667     16.50833333     16.35833333     16.16666667     16.22500000     16.23333333     15.71666667     15.19166667     15.15000000     15.43333333     15.75000000     15.44166667     15.65000000     15.70833333     15.22500000     15.74166667     16.07500000     16.18333333     15.67500000     15.98333333     15.90000000     15.80833333     16.05833333     16.40000000 
     16.28333333     15.81666667     15.46666667     16.12500000     15.84166667     15.31666667     15.23333333     15.19166667     14.83333333     14.72500000     14.77500000     14.85833333     14.50000000     13.98333333     14.18333333     14.38333333     14.57500000     15.00833333     14.95833333     14.40833333     14.55000000     14.65000000     14.52500000     14.21666667     14.86666667 
     15.09166667     14.90000000     14.65000000     14.07500000     14.32500000     14.14166667     13.88333333     13.95833333     13.61666667     13.90833333     13.61666667     13.91666667     13.30833333     14.00000000     14.00000000     13.65000000     13.67500000     13.65833333     14.21666667     14.38333333     14.05000000     13.89166667     13.93333333     13.81666667     13.40000000 
     13.41666667     13.60833333     13.35833333     13.30833333     13.25833333     12.85000000     12.80833333     12.82500000     12.73333333     12.24166667     13.15833333     12.88333333     13.08333333     13.04166667     12.55833333     12.90000000     12.86666667     13.07500000     12.87500000     12.45000000     12.38333333     12.31666667     12.43333333     12.81666667     12.13333333 
     11.91666667     11.58333333     11.79166667     11.49166667     11.59166667     11.11666667     11.25833333     12.04166667     11.59166667     11.10833333     11.65833333     12.02500000     12.12500000     11.27500000     11.74166667     12.31666667     11.93333333     12.00000000     11.90000000     11.85000000     11.83333333     11.30833333     11.07500000     11.24166667     11.08333333 
     11.15833333     10.68333333     10.79166667     10.82500000     10.70000000     10.85833333     10.60000000     10.73333333     10.87500000     10.65000000     10.41666667     10.18333333     10.22500000     10.19166667      9.88333333     10.02500000     10.28333333     10.50833333     10.30833333      9.95833333     10.26666667     10.09166667      9.50000000      9.33333333      9.42500000 
      9.60000000      9.50000000      9.81666667      9.63333333      8.80833333      9.03333333      9.06666667      8.50000000      9.10833333      9.21666667      9.48333333      9.03333333      9.42500000      9.50000000      9.30833333      9.34166667      9.64166667      9.80000000     10.09166667      9.99166667      9.86666667      9.54166667      9.47500000      9.35833333      9.21666667 
      9.12500000      9.05000000      9.25833333      9.13333333      8.60833333      8.84166667      8.99166667      9.10000000      9.28333333      8.79166667      9.50000000      8.78333333      8.42500000      8.33333333      8.57500000      8.75833333      8.88333333      9.27500000      8.65000000      8.96666667      8.85000000      9.15000000      9.12500000      8.90000000      9.03333333 
