      0.00000000     63.46666667     73.40000000     78.90833333     84.00833333     85.21666667     89.21666667     89.62500000     91.46666667     92.30833333     93.34166667     95.06666667     95.61666667     93.92500000     95.37500000     95.93333333     95.35833333     95.01666667     94.59166667     94.46666667     94.64166667     92.62500000     93.80833333     94.58333333     96.05833333 
     95.42500000     96.01666667     97.14166667     97.00833333     97.36666667     97.06666667     98.42500000     99.22500000     97.17500000     97.90833333     97.94166667     97.65000000     98.34166667     99.00000000     96.90000000     97.53333333     97.95000000     98.76666667     97.24166667     98.56666667     99.30833333     99.55000000     99.24166667    100.39166667     99.00000000 
    100.34166667    100.01666667    100.66666667    100.37500000    103.18333333    101.23333333    100.93333333    102.35000000    102.98333333    102.98333333    100.95000000    103.10833333    102.56666667    101.99166667    100.58333333     99.33333333     99.34166667    100.35833333    100.66666667     99.75833333    101.54166667     99.99166667    101.42500000    101.42500000    101.65833333 
    102.01666667    104.31666667    103.65000000    104.72500000    105.75000000    104.60833333    107.71666667    105.96666667    107.94166667    106.35833333    106.82500000    107.84166667    106.00833333    107.92500000    106.79166667    106.74166667    104.25833333    105.86666667    105.62500000    105.01666667    105.82500000    105.86666667    104.66666667    104.45833333    105.97500000 
    106.56666667    107.70000000    107.96666667    109.65833333    109.37500000    110.04166667    111.57500000    111.07500000    110.75000000    110.89166667    110.95833333    111.94166667    109.82500000    111.94166667    112.00833333    110.30833333    111.80000000    112.86666667    113.08333333    111.53333333    109.30000000    110.27500000    109.87500000    108.36666667    108.93333333 
    108.90833333    110.68333333    110.45833333    114.01666667    116.00833333    115.85000000    117.06666667    115.37500000    115.94166667    113.56666667    114.78333333    114.73333333    114.13333333    112.00833333    113.41666667    114.71666667    113.89166667    112.34166667    112.89166667    112.13333333    112.24166667    112.96666667    113.57500000    114.34166667    114.91666667 
    113.60833333    117.50000000    117.41666667    118.38333333    119.27500000    119.73333333    120.38333333    121.10000000    121.79166667    120.29166667    119.86666667    122.24166667    120.02500000    118.77500000    118.90833333    121.08333333    120.77500000    121.37500000    120.61666667    121.39166667    122.41666667    121.85000000    122.60833333    123.09166667    123.43333333 
    122.41666667    126.49166667    124.63333333    123.75833333    125.37500000    127.02500000    125.13333333    126.25833333    124.52500000    125.70833333    127.23333333    128.23333333    126.95000000    126.18333333    125.36666667    125.51666667    126.32500000    126.22500000    124.26666667    125.99166667    124.32500000    124.65833333    123.47500000    123.09166667    123.75000000 
    124.75833333    125.44166667    124.76666667    126.17500000    128.31666667    128.61666667    129.35833333    129.15833333    130.28333333    130.30833333    129.77500000    129.47500000    129.65833333    130.05000000    131.05000000    132.12500000    130.73333333    130.03333333    128.54166667    131.85000000    131.24166667    130.92500000    131.76666667    130.43333333    131.64166667 
    131.89166667    135.45000000    134.64166667    134.45000000    136.12500000    135.90000000    135.20833333    134.11666667    132.55833333    133.25000000    133.69166667    135.41666667    134.82500000    135.25000000    136.04166667    135.90000000    137.05000000    137.95000000    137.40000000    138.56666667    138.34166667    138.40000000    138.77500000    138.73333333    139.33333333 
    138.43333333    139.80833333    139.68333333    140.40833333    140.62500000    141.14166667    141.87500000    141.98333333    142.29166667    142.69166667    143.16666667    142.03333333    141.70000000    143.01666667    143.37500000    144.66666667    144.06666667    144.55000000    143.96666667    147.05833333    146.40833333    145.42500000    143.93333333    145.28333333    145.00000000 
    144.32500000    146.09166667    147.41666667    146.90833333    147.25833333    147.09166667    148.01666667    147.17500000    147.08333333    148.98333333    148.74166667    149.08333333    151.20833333    149.30000000    150.33333333    149.36666667    148.70833333    148.31666667    149.30833333    149.01666667    151.66666667    151.82500000    150.96666667    152.27500000    151.35000000 
    151.20000000    153.96666667    155.19166667    155.75833333    155.30833333    156.47500000    157.04166667    159.45833333    158.28333333    160.31666667    159.41666667    159.24166667    159.04166667    160.20833333    158.70833333    160.41666667    159.65833333    159.62500000    157.86666667    159.20833333    160.34166667    161.04166667    159.65000000    160.03333333    158.30833333 
    159.71666667    162.51666667    163.80833333    161.85000000    165.41666667    166.59166667    168.45000000    169.19166667    166.95833333    168.99166667    169.30833333    169.49166667    168.21666667    168.11666667    166.75000000    168.94166667    169.45000000    171.70000000    168.83333333    168.90833333    167.90833333    169.00000000    166.75000000    166.39166667    166.85833333 
    168.87500000    172.04166667    172.77500000    173.94166667    174.85833333    174.01666667    173.29166667    174.50000000    173.53333333    174.70833333    176.02500000    176.35833333    176.70000000    174.65000000    174.96666667    175.60000000    176.06666667    177.96666667    177.74166667    177.35000000    177.27500000    176.48333333    178.90000000    178.10000000    177.17500000 
    176.42500000    180.06666667    183.44166667    181.32500000    183.51666667    183.45000000    183.39166667    183.25000000    182.22500000    183.78333333    183.40000000    183.95000000    185.53333333    187.08333333    185.40833333    184.94166667    183.45833333    184.39166667    186.86666667    186.14166667    187.11666667    187.60833333    189.96666667    187.53333333    189.83333333 
    188.56666667    190.98333333    191.38333333    193.85833333    192.49166667    193.45833333    195.53333333    196.07500000    195.08333333    196.52500000    195.45000000    196.01666667    196.83333333    197.70833333    196.20000000    198.65000000    198.40833333    199.99166667    199.21666667    198.13333333    197.07500000    198.04166667    199.79166667    199.90833333    200.85833333 
    200.25833333    202.60000000    203.52500000    205.20000000    203.79166667    205.03333333    205.12500000    208.07500000    207.94166667    208.10000000    209.63333333    209.31666667    212.41666667    212.30833333    213.95833333    211.29166667    210.56666667    212.08333333    212.45833333    213.99166667    214.35000000    213.30833333    212.29166667    214.18333333    215.46666667 
    215.24166667    217.38333333    217.86666667    217.00000000    219.20833333    219.37500000    223.13333333    223.49166667    222.64166667    224.00000000    225.44166667    225.26666667    224.66666667    223.84166667    224.82500000    224.90000000    224.94166667    226.60833333    225.35000000    225.73333333    225.60833333    223.97500000    222.80000000    225.44166667    226.20000000 
    227.35833333    228.21666667    228.94166667    231.34166667    231.77500000    233.32500000    233.98333333    232.95833333    233.45833333    233.40000000    233.73333333    234.26666667    235.53333333    236.72500000    236.58333333    235.08333333    234.60833333    236.00000000    235.15833333    234.22500000    236.35000000    236.19166667    239.03333333    239.35833333    239.22500000 
    240.27500000    242.13333333    245.09166667    246.27500000    247.51666667    249.65000000    249.20000000    253.01666667    253.05833333    253.18333333    255.40000000    255.39166667    252.02500000    253.25833333    252.82500000    254.01666667    254.85000000    255.24166667    255.20833333    256.49166667    256.95000000    257.99166667    255.71666667    257.46666667    257.61666667 
    258.40833333    260.29166667    263.05833333    263.11666667    263.90833333    265.79166667    266.49166667    264.67500000    266.27500000    265.51666667    267.53333333    268.96666667    269.64166667    270.29166667    271.08333333    273.83333333    274.39166667    275.43333333    275.77500000    275.94166667    277.60833333    275.58333333    276.48333333    276.08333333    274.51666667 
    275.70000000    277.40000000    279.15833333    279.75833333    283.36666667    282.90000000    283.99166667    284.70833333    285.07500000    288.43333333    288.40833333    292.40833333    293.55000000    291.54166667    293.18333333    291.55833333    292.20833333    292.69166667    291.91666667    291.65833333    293.95833333    291.36666667    292.10000000    292.60000000    293.99166667 
    295.30833333    299.59166667    301.62500000    302.14166667    303.69166667    305.75833333    306.06666667    307.73333333    306.56666667    306.90000000    308.43333333    308.05000000    310.80833333    311.06666667    313.29166667    312.99166667    313.38333333    314.21666667    315.13333333    314.94166667    316.16666667    318.11666667    318.60000000    319.73333333    319.59166667 
    320.57500000    323.04166667    324.05000000    327.65000000    326.88333333    330.15000000    331.62500000    331.59166667    332.50833333    333.51666667    333.85000000    336.42500000    338.14166667    339.45000000    341.35833333    339.65000000    342.66666667    344.35833333    344.90833333    344.97500000    345.50833333    347.78333333    347.03333333    347.80000000    346.36666667 
    347.40000000    349.06666667    351.71666667    352.63333333    354.37500000    358.26666667    358.73333333    358.85000000    360.87500000    361.00000000    360.13333333    362.10000000    364.00000000    364.56666667    365.97500000    365.13333333    367.05000000    368.29166667    369.43333333    368.66666667    372.00000000    372.59166667    375.10833333    375.87500000    377.19166667 
    376.27500000    379.50000000    379.22500000    381.60000000    385.53333333    387.30833333    389.80000000    390.02500000    390.41666667    393.20833333    393.16666667    396.02500000    396.65833333    397.99166667    398.36666667    401.13333333    402.35833333    404.17500000    404.59166667    406.09166667    406.43333333    407.96666667    410.26666667    411.00000000    412.15000000 
    412.38333333    415.91666667    418.09166667    419.75000000    422.36666667    423.85000000    425.31666667    425.29166667    425.16666667    427.85833333    428.90000000    434.32500000    433.68333333    436.02500000    435.08333333    436.56666667    438.55833333    439.94166667    439.21666667    439.70000000    441.70000000    443.46666667    444.96666667    446.41666667    448.60833333 
    447.91666667    449.52500000    453.83333333    454.60833333    456.70833333    460.25833333    462.66666667    464.18333333    463.18333333    464.78333333    464.40000000    465.58333333    470.80833333    469.03333333    471.86666667    472.52500000    475.80833333    478.24166667    477.77500000    477.25000000    481.55833333    480.29166667    482.43333333    483.52500000    486.10833333 
    487.10833333    487.36666667    491.73333333    493.85833333    496.80833333    498.20000000    500.24166667    502.74166667    504.20833333    505.65833333    507.30000000    506.43333333    509.71666667    512.00833333    515.20000000    516.34166667    516.77500000    519.10000000    523.46666667    525.76666667    526.75000000    528.40833333    530.03333333    530.50000000    531.92500000 
    533.62500000    536.95000000    538.15000000    541.90833333    543.35833333    543.65000000    548.20833333    549.80000000    552.84166667    554.99166667    558.91666667    561.95000000    563.58333333    566.17500000    568.59166667    569.70833333    572.19166667    574.83333333    573.49166667    575.55833333    577.42500000    579.50833333    580.99166667    582.30000000    584.21666667 
    584.00833333    586.24166667    586.66666667    589.22500000    593.20833333    597.19166667    599.41666667    600.65833333    605.01666667    606.77500000    608.01666667    610.15833333    615.06666667    615.06666667    619.25833333    622.45000000    625.84166667    625.72500000    628.84166667    630.51666667    633.50000000    636.21666667    640.15833333    643.35000000    645.31666667 
    647.79166667    651.89166667    655.37500000    657.18333333    658.00000000    660.45833333    666.99166667    668.71666667    672.11666667    675.39166667    678.35000000    680.94166667    683.46666667    685.88333333    688.46666667    689.32500000    690.41666667    693.05833333    696.25000000    698.03333333    702.53333333    704.80833333    707.01666667    711.10833333    713.85000000 
    714.85000000    720.68333333    723.52500000    727.63333333    730.70000000    732.04166667    734.86666667    736.06666667    741.16666667    742.99166667    745.45000000    749.90833333    754.42500000    756.63333333    760.68333333    760.46666667    762.42500000    763.66666667    767.09166667    769.50833333    771.70833333    773.22500000    775.55833333    779.99166667    782.89166667 
    785.59166667    789.20833333    795.05833333    798.21666667    801.35000000    804.09166667    808.19166667    811.72500000    813.05833333    816.20833333    821.22500000    825.50833333    826.12500000    831.07500000    834.13333333    837.90833333    841.67500000    845.74166667    848.48333333    852.34166667    856.10833333    858.20000000    861.05000000    862.09166667    865.84166667 
    866.85000000    872.78333333    876.32500000    879.95000000    884.30833333    887.65833333    890.35833333    895.88333333    901.79166667    904.88333333    908.49166667    911.37500000    911.47500000    913.84166667    916.38333333    922.86666667    927.85000000    928.06666667    933.75000000    935.53333333    937.75000000    940.95000000    943.27500000    946.60833333    948.87500000 
    954.90833333    959.60833333    965.13333333    970.49166667    974.14166667    977.15833333    982.89166667    985.55000000    989.92500000    994.41666667    997.40000000   1002.91666667   1006.17500000   1011.51666667   1015.20000000   1019.30833333   1021.85000000   1025.94166667   1027.45000000   1030.75833333   1036.05833333   1040.46666667   1043.20000000   1046.36666667   1049.36666667 
   1053.04166667   1058.94166667   1065.24166667   1070.04166667   1073.05000000   1076.15000000   1081.82500000   1085.30000000   1091.53333333   1096.58333333   1100.75000000   1104.30833333   1105.29166667   1111.06666667   1113.30000000   1120.03333333   1122.69166667   1128.40000000   1133.44166667   1138.22500000   1143.20833333   1146.20000000   1150.15833333   1154.87500000   1157.50833333 
   1161.35000000   1167.70833333   1171.18333333   1178.00000000   1184.25833333   1186.42500000   1192.41666667   1196.83333333   1202.67500000   1208.71666667   1213.07500000   1219.65000000   1223.70000000   1228.25000000   1230.95833333   1236.02500000   1239.90833333   1245.15833333   1251.69166667   1255.35833333   1260.75000000   1264.53333333   1269.82500000   1274.74166667   1278.76666667 
   1281.97500000   1288.35833333   1292.31666667   1298.80000000   1302.56666667   1311.30000000   1318.50833333   1323.95833333   1328.96666667   1334.17500000   1338.91666667   1341.39166667   1348.65833333   1354.31666667   1358.49166667   1362.90000000   1367.51666667   1373.79166667   1377.05000000   1384.80833333   1388.25833333   1392.14166667   1397.66666667   1404.32500000   1406.50000000 
   1412.80000000   1421.55000000   1425.12500000   1431.36666667   1436.67500000   1443.35833333   1451.61666667   1458.75833333   1463.40000000   1468.47500000   1474.80833333   1479.05000000   1483.76666667   1489.60000000   1496.37500000   1500.42500000   1503.41666667   1508.73333333   1512.74166667   1518.24166667   1525.38333333   1528.99166667   1533.12500000   1538.61666667   1543.10000000 
   1546.93333333   1555.60000000   1561.41666667   1570.11666667   1575.12500000   1583.64166667   1588.87500000   1592.35833333   1600.35833333   1606.66666667   1612.99166667   1616.90000000   1622.67500000   1629.50833333   1635.35000000   1640.54166667   1647.66666667   1652.30833333   1657.79166667   1665.45000000   1671.55833333   1677.30000000   1682.23333333   1687.96666667   1694.33333333 
   1701.83333333   1709.96666667   1717.40000000   1722.73333333   1728.45000000   1735.29166667   1740.70833333   1747.40000000   1753.85000000   1760.00000000   1767.25000000   1774.42500000   1782.82500000   1787.00833333   1796.36666667   1801.55833333   1807.09166667   1814.10833333   1822.29166667   1826.38333333   1833.56666667   1840.45000000   1845.68333333   1853.50000000   1860.65000000 
   1866.24166667   1873.49166667   1881.41666667   1889.28333333   1895.05833333   1902.68333333   1909.32500000   1917.55833333   1922.39166667   1930.30000000   1934.30833333   1942.26666667   1946.71666667   1955.40000000   1962.50000000   1970.03333333   1975.01666667   1980.34166667   1986.30000000   1992.14166667   1998.22500000   2004.12500000   2010.29166667   2015.30000000   2022.92500000 
   2028.81666667   2036.96666667   2046.58333333   2052.30833333   2060.68333333   2067.28333333   2075.72500000   2083.91666667   2091.95833333   2098.45833333   2105.48333333   2110.66666667   2118.57500000   2124.06666667   2130.25000000   2140.21666667   2148.30833333   2154.10000000   2159.49166667   2168.49166667   2174.05000000   2179.69166667   2187.12500000   2193.65000000   2198.52500000 
   2204.01666667   2212.10000000   2219.04166667   2226.77500000   2233.21666667   2242.12500000   2247.10000000   2254.05833333   2262.05833333   2269.87500000   2274.24166667   2282.04166667   2288.55000000   2294.41666667   2300.43333333   2307.30833333   2315.22500000   2321.15833333   2326.00833333   2332.39166667   2340.43333333   2346.67500000   2354.05000000   2360.63333333   2367.05833333 
   2373.00000000   2379.15833333   2385.55833333   2393.25000000   2401.62500000   2407.45000000   2413.15833333   2419.26666667   2426.90833333   2433.00000000   2438.90000000   2445.74166667   2453.60833333   2461.24166667   2467.45833333   2473.70000000   2479.98333333   2486.79166667   2493.65833333   2500.82500000   2506.80000000   2514.33333333   2519.63333333   2525.95833333   2532.21666667 
   2537.30000000   2544.41666667   2551.35833333   2559.55833333   2564.97500000   2573.90000000   2580.53333333   2587.90000000   2593.58333333   2600.83333333   2606.98333333   2615.08333333   2619.51666667   2626.30000000   2634.75833333   2639.79166667   2646.19166667   2653.74166667   2659.35833333   2664.07500000   2671.62500000   2676.77500000   2681.99166667   2687.57500000   2693.12500000 
   2700.85000000   2709.40000000   2716.47500000   2724.06666667   2731.00000000   2739.12500000   2744.41666667   2751.66666667   2758.33333333   2765.09166667   2771.85833333   2778.07500000   2784.75000000   2791.41666667   2797.00000000   2802.29166667   2807.50833333   2813.12500000   2819.86666667   2825.69166667   2832.38333333   2838.68333333   2844.28333333   2850.80833333   2855.06666667 
   2859.30833333   2867.15833333   2874.91666667   2881.68333333   2887.62500000   2894.79166667   2902.43333333   2907.36666667   2915.57500000   2920.69166667   2926.42500000   2933.07500000   2940.69166667   2947.40000000   2952.60833333   2958.68333333   2964.32500000   2970.28333333   2974.85000000   2982.06666667   2986.02500000   2991.97500000   2997.29166667   3003.50833333   3008.21666667 
   3014.09166667   3019.96666667   3025.65000000   3034.25833333   3039.65833333   3045.87500000   3051.00000000   3059.40000000   3065.70833333   3071.21666667   3077.11666667   3081.32500000   3088.35833333   3092.68333333   3099.39166667   3104.54166667   3108.48333333   3115.70000000   3120.93333333   3125.57500000   3131.12500000   3134.99166667   3140.16666667   3145.75000000   3149.85000000 
   3155.40000000   3161.32500000   3168.23333333   3173.74166667   3179.03333333   3183.27500000   3189.45833333   3194.01666667   3199.25000000   3204.74166667   3210.58333333   3215.12500000   3219.99166667   3225.27500000   3232.50000000   3237.74166667   3242.05000000   3247.09166667   3251.65833333   3255.52500000   3261.82500000   3267.53333333   3271.89166667   3276.83333333   3281.67500000 
   3286.96666667   3293.10833333   3298.75833333   3304.60833333   3309.66666667   3313.61666667   3320.16666667   3324.85833333   3330.45833333   3335.65833333   3339.26666667   3344.04166667   3347.09166667   3351.90000000   3356.28333333   3361.81666667   3367.56666667   3371.70000000   3375.71666667   3379.85000000   3384.38333333   3389.25833333   3394.19166667   3399.07500000   3402.44166667 
   3405.91666667   3411.60833333   3415.46666667   3419.75833333   3424.47500000   3429.77500000   3434.05000000   3438.62500000   3443.69166667   3448.87500000   3453.04166667   3458.05833333   3461.92500000   3464.93333333   3468.64166667   3471.92500000   3476.03333333   3479.65833333   3483.99166667   3488.25833333   3491.44166667   3494.81666667   3498.53333333   3501.94166667   3506.23333333 
   3510.06666667   3513.62500000   3518.05000000   3522.41666667   3527.40833333   3531.02500000   3535.64166667   3540.12500000   3543.10000000   3547.21666667   3550.50833333   3554.44166667   3558.25000000   3561.85000000   3565.15000000   3568.80833333   3572.40833333   3575.30000000   3578.90000000   3582.38333333   3585.71666667   3589.81666667   3592.51666667   3595.73333333   3599.14166667 
   3600.93333333   3605.88333333   3608.91666667   3613.17500000   3616.29166667   3620.10000000   3624.03333333   3628.20000000   3630.80833333   3634.95000000   3638.45833333   3641.79166667   3645.65833333   3648.91666667   3652.75833333   3655.70833333   3657.68333333   3661.59166667   3665.08333333   3667.47500000   3671.45000000   3674.79166667   3677.54166667   3680.26666667   3683.10000000 
   3685.00000000   3688.50000000   3691.80000000   3694.54166667   3698.78333333   3701.20000000   3704.44166667   3708.23333333   3711.26666667   3714.21666667   3718.03333333   3719.85833333   3723.83333333   3726.39166667   3728.77500000   3730.95833333   3733.64166667   3735.46666667   3738.12500000   3740.42500000   3743.30000000   3744.84166667   3747.63333333   3750.55833333   3752.70833333 
   3756.25833333   3757.55833333   3761.19166667   3764.15000000   3766.69166667   3769.18333333   3772.20833333   3774.33333333   3776.99166667   3779.40833333   3781.60833333   3784.22500000   3786.71666667   3789.06666667   3790.03333333   3792.77500000   3794.36666667   3796.51666667   3798.17500000   3800.39166667   3801.72500000   3804.22500000   3805.47500000   3807.34166667   3809.95000000 
   3812.66666667   3814.55000000   3815.85000000   3817.41666667   3819.48333333   3820.66666667   3823.35000000   3825.68333333   3828.00000000   3830.01666667   3831.87500000   3834.27500000   3836.86666667   3838.67500000   3840.79166667   3842.33333333   3843.95833333   3845.95000000   3847.19166667   3849.63333333   3851.20833333   3853.35000000   3854.55000000   3855.67500000   3857.03333333 
   3859.66666667   3861.50833333   3863.79166667   3865.45000000   3866.65833333   3869.56666667   3871.39166667   3873.63333333   3875.15833333   3876.73333333   3878.34166667   3880.26666667   3880.90833333   3882.36666667   3883.01666667   3883.78333333   3885.15000000   3887.07500000   3888.43333333   3889.85833333   3890.90833333   3892.30833333   3893.59166667   3895.30833333   3896.50833333 
   3897.51666667   3899.22500000   3899.61666667   3900.56666667   3901.40833333   3901.77500000   3902.97500000   3903.73333333   3905.17500000   3905.80000000   3906.40000000   3907.33333333   3907.80000000   3908.35000000   3909.30000000   3910.18333333   3910.63333333   3910.95833333   3912.32500000   3913.02500000   3913.90000000   3914.83333333   3915.98333333   3916.90833333   3917.71666667 
   3918.29166667   3918.74166667   3919.52500000   3920.29166667   3920.11666667   3921.30833333   3921.09166667   3921.35000000   3921.85000000   3922.10833333   3922.72500000   3923.12500000   3923.64166667   3924.21666667   3924.79166667   3925.50833333   3925.88333333   3925.97500000   3926.45000000   3927.58333333   3927.26666667   3927.97500000   3928.89166667   3929.58333333   3929.71666667 
   3930.11666667   3929.43333333   3930.40833333   3931.59166667   3931.05833333   3931.50833333   3931.31666667   3931.40000000   3930.80833333   3930.67500000   3931.51666667   3931.32500000   3931.36666667   3931.51666667   3932.24166667   3931.83333333   3931.80833333   3931.90000000   3932.17500000   3933.12500000   3933.15833333   3933.70833333   3933.22500000   3933.40000000   3933.60000000 
   3933.51666667   3932.47500000   3932.18333333   3930.90833333   3931.09166667   3931.10833333   3930.68333333   3930.69166667   3930.02500000   3930.24166667   3929.65833333   3929.55833333   3929.27500000   3929.33333333   3928.77500000   3928.60000000   3928.67500000   3928.32500000   3927.81666667   3927.16666667   3927.50000000   3927.45000000   3927.38333333   3926.57500000   3926.85833333 
   3926.53333333   3926.00000000   3925.84166667   3925.40000000   3925.10000000   3924.64166667   3923.74166667   3923.62500000   3923.45833333   3922.79166667   3922.27500000   3921.11666667   3920.48333333   3919.87500000   3919.31666667   3919.78333333   3919.52500000   3917.81666667   3917.54166667   3916.74166667   3916.85000000   3917.01666667   3916.53333333   3916.24166667   3915.60833333 
   3914.95833333   3913.46666667   3912.75833333   3912.29166667   3911.83333333   3910.98333333   3909.78333333   3909.60833333   3909.45833333   3908.73333333   3908.19166667   3907.55833333   3907.51666667   3906.50833333   3906.22500000   3905.20833333   3904.25833333   3904.31666667   3903.32500000   3901.60000000   3901.00833333   3901.10000000   3900.00000000   3899.97500000   3899.54166667 
   3899.10000000   3898.01666667   3897.38333333   3897.35000000   3896.15833333   3895.13333333   3894.31666667   3893.49166667   3893.15833333   3892.44166667   3891.14166667   3890.49166667   3890.20833333   3889.59166667   3889.36666667   3888.35833333   3887.29166667   3887.15000000   3885.80833333   3885.16666667   3884.05833333   3884.65833333   3883.65000000   3883.23333333   3882.30833333 
   3882.27500000   3881.52500000   3880.55000000   3879.20833333   3878.86666667   3877.68333333   3877.54166667   3875.55833333   3874.79166667   3873.91666667   3873.25000000   3871.50833333   3869.62500000   3868.77500000   3868.44166667   3867.00833333   3865.77500000   3865.70833333   3865.16666667   3864.93333333   3864.92500000   3864.05000000   3862.74166667   3862.44166667   3861.05833333 
   3860.56666667   3859.50833333   3858.45833333   3856.69166667   3855.03333333   3853.62500000   3852.42500000   3852.10000000   3851.30000000   3849.94166667   3848.57500000   3846.77500000   3845.84166667   3845.14166667   3844.07500000   3843.15833333   3842.30000000   3841.11666667   3840.12500000   3838.65000000   3838.36666667   3838.13333333   3837.71666667   3836.65000000   3835.21666667 
   3834.30833333   3833.24166667   3831.90000000   3831.38333333   3829.00000000   3827.66666667   3827.07500000   3826.52500000   3824.69166667   3822.90833333   3821.35833333   3819.11666667   3817.60833333   3815.75000000   3814.57500000   3812.65000000   3811.43333333   3810.40833333   3808.92500000   3808.73333333   3807.81666667   3806.03333333   3804.45000000   3803.55000000   3801.95833333 
   3801.38333333   3800.27500000   3797.33333333   3795.58333333   3794.87500000   3792.20000000   3789.91666667   3789.26666667   3786.52500000   3784.15000000   3782.00833333   3781.04166667   3778.30833333   3777.20833333   3775.50833333   3773.12500000   3771.47500000   3770.52500000   3768.52500000   3767.31666667   3765.67500000   3763.88333333   3763.00000000   3762.05000000   3760.55000000 
   3758.96666667   3756.09166667   3755.96666667   3754.02500000   3752.38333333   3750.81666667   3749.46666667   3747.38333333   3746.79166667   3744.76666667   3742.18333333   3741.12500000   3739.70000000   3738.27500000   3736.29166667   3735.19166667   3733.21666667   3729.99166667   3728.52500000   3726.14166667   3723.77500000   3723.19166667   3721.36666667   3719.88333333   3718.50833333 
   3715.77500000   3713.58333333   3711.23333333   3708.51666667   3706.88333333   3705.05000000   3703.58333333   3700.39166667   3699.23333333   3695.81666667   3694.30833333   3692.39166667   3689.82500000   3688.70000000   3685.57500000   3683.46666667   3681.82500000   3679.65000000   3676.37500000   3673.84166667   3672.42500000   3670.36666667   3669.65000000   3666.63333333   3664.16666667 
   3662.43333333   3659.08333333   3656.16666667   3654.09166667   3649.83333333   3648.07500000   3645.45000000   3642.74166667   3639.88333333   3637.57500000   3634.38333333   3632.13333333   3630.63333333   3629.75000000   3625.77500000   3624.75000000   3622.56666667   3619.95833333   3617.41666667   3616.00000000   3612.30833333   3610.20000000   3608.62500000   3606.97500000   3604.15833333 
   3601.85000000   3598.40833333   3595.70833333   3592.51666667   3589.60000000   3585.16666667   3582.27500000   3579.70833333   3576.10000000   3573.70833333   3572.15833333   3569.07500000   3567.95833333   3564.50833333   3562.48333333   3560.73333333   3558.03333333   3554.75833333   3551.40833333   3548.27500000   3546.63333333   3543.46666667   3540.62500000   3537.99166667   3534.70833333 
   3532.20833333   3527.45000000   3524.15000000   3520.63333333   3517.28333333   3513.81666667   3509.25833333   3506.67500000   3503.06666667   3500.21666667   3498.33333333   3494.57500000   3491.05833333   3487.91666667   3484.70833333   3479.95000000   3476.18333333   3472.37500000   3469.02500000   3467.10833333   3464.35833333   3460.70833333   3458.07500000   3455.13333333   3452.08333333 
   3448.56666667   3443.62500000   3439.62500000   3435.30000000   3433.05000000   3427.40833333   3423.91666667   3421.10833333   3417.60833333   3414.12500000   3410.08333333   3406.67500000   3402.32500000   3399.10000000   3395.11666667   3390.74166667   3387.00833333   3383.21666667   3378.77500000   3376.20000000   3373.02500000   3369.98333333   3366.36666667   3361.50000000   3359.00000000 
   3354.06666667   3349.48333333   3344.58333333   3339.95833333   3336.21666667   3332.82500000   3329.13333333   3325.52500000   3320.31666667   3316.13333333   3311.68333333   3307.64166667   3302.93333333   3299.66666667   3295.04166667   3291.60000000   3288.21666667   3286.13333333   3281.60833333   3277.97500000   3273.62500000   3269.31666667   3265.70833333   3262.80833333   3258.11666667 
   3254.27500000   3248.80000000   3242.60000000   3236.55000000   3232.23333333   3226.64166667   3221.17500000   3216.62500000   3211.82500000   3206.07500000   3200.26666667   3196.24166667   3192.18333333   3186.91666667   3181.53333333   3177.34166667   3172.00833333   3168.09166667   3163.21666667   3158.77500000   3153.66666667   3148.64166667   3145.05000000   3139.42500000   3135.78333333 
   3131.61666667   3124.22500000   3120.18333333   3114.92500000   3109.87500000   3103.15000000   3099.07500000   3092.70000000   3089.12500000   3082.70833333   3078.52500000   3073.64166667   3068.76666667   3063.18333333   3058.65000000   3052.90000000   3046.33333333   3040.45833333   3035.45833333   3031.52500000   3023.89166667   3017.87500000   3012.62500000   3006.90000000   3001.72500000 
   2997.72500000   2990.16666667   2982.39166667   2975.40000000   2968.23333333   2961.70833333   2956.37500000   2948.70000000   2942.20833333   2935.70833333   2927.51666667   2921.48333333   2915.41666667   2910.19166667   2903.00000000   2898.22500000   2892.80000000   2885.74166667   2877.63333333   2872.47500000   2866.41666667   2859.32500000   2851.55833333   2847.42500000   2840.27500000 
   2834.00833333   2824.51666667   2818.99166667   2811.32500000   2803.98333333   2797.19166667   2790.80000000   2783.75833333   2777.10833333   2767.91666667   2760.79166667   2753.68333333   2745.13333333   2738.63333333   2731.68333333   2724.79166667   2718.55833333   2712.91666667   2706.25000000   2697.95833333   2691.65833333   2687.00833333   2678.90833333   2671.69166667   2664.03333333 
   2658.00000000   2648.35833333   2642.26666667   2632.46666667   2624.20833333   2617.34166667   2609.08333333   2601.32500000   2593.04166667   2585.92500000   2578.29166667   2571.40000000   2564.40833333   2557.58333333   2548.15833333   2541.86666667   2534.01666667   2526.44166667   2518.94166667   2511.11666667   2502.47500000   2496.54166667   2489.19166667   2483.84166667   2476.67500000 
   2469.35833333   2461.45000000   2451.95833333   2441.99166667   2432.68333333   2422.52500000   2414.91666667   2406.71666667   2397.56666667   2391.17500000   2383.13333333   2374.34166667   2366.11666667   2359.14166667   2350.41666667   2342.65833333   2334.59166667   2326.15833333   2318.91666667   2310.71666667   2302.26666667   2294.60000000   2286.35000000   2279.51666667   2271.17500000 
   2262.95000000   2250.87500000   2242.29166667   2233.15833333   2224.65000000   2215.17500000   2206.44166667   2196.09166667   2189.18333333   2181.09166667   2171.54166667   2162.59166667   2154.10833333   2145.33333333   2138.85000000   2130.55833333   2121.76666667   2112.88333333   2105.52500000   2096.96666667   2087.28333333   2080.40833333   2072.24166667   2062.46666667   2055.14166667 
   2047.91666667   2036.57500000   2028.81666667   2017.20833333   2009.45000000   1998.70000000   1990.38333333   1981.98333333   1971.45000000   1961.27500000   1954.72500000   1945.86666667   1936.64166667   1925.63333333   1919.14166667   1908.38333333   1900.41666667   1890.84166667   1883.95000000   1874.25000000   1864.11666667   1856.30833333   1848.82500000   1839.31666667   1831.07500000 
   1824.85000000   1814.28333333   1804.43333333   1794.12500000   1783.22500000   1773.25000000   1763.14166667   1755.65000000   1746.28333333   1738.58333333   1730.47500000   1720.18333333   1712.60833333   1703.11666667   1695.23333333   1685.27500000   1676.01666667   1668.91666667   1658.28333333   1649.78333333   1642.90833333   1634.16666667   1627.07500000   1616.49166667   1607.45000000 
   1601.11666667   1590.99166667   1581.11666667   1570.17500000   1560.99166667   1551.79166667   1540.44166667   1532.13333333   1525.38333333   1513.84166667   1506.05833333   1496.37500000   1487.15000000   1479.32500000   1470.85000000   1461.12500000   1450.64166667   1444.34166667   1435.63333333   1427.88333333   1418.75833333   1410.00000000   1402.41666667   1394.89166667   1387.99166667 
   1379.12500000   1369.01666667   1357.66666667   1350.54166667   1339.66666667   1331.93333333   1323.02500000   1311.04166667   1302.04166667   1294.58333333   1283.96666667   1275.39166667   1265.75000000   1257.45000000   1248.12500000   1240.75000000   1232.24166667   1224.64166667   1215.83333333   1206.90000000   1201.65000000   1194.03333333   1185.36666667   1179.23333333   1172.71666667 
   1163.72500000   1152.69166667   1142.39166667   1135.55833333   1125.98333333   1118.75833333   1109.85000000   1101.39166667   1094.45833333   1086.85833333   1081.87500000   1073.85000000   1066.99166667   1060.63333333   1052.40000000   1043.85000000   1036.77500000   1031.02500000   1024.89166667   1017.00000000   1010.59166667   1003.21666667    999.07500000    991.82500000    986.46666667 
    981.00833333    972.30000000    964.24166667    956.51666667    948.24166667    940.35000000    935.04166667    927.13333333    919.65833333    912.13333333    905.31666667    897.44166667    890.28333333    882.44166667    877.13333333    867.64166667    863.95000000    857.87500000    851.32500000    843.50000000    839.47500000    831.18333333    824.67500000    819.49166667    815.31666667 
    810.80000000    804.95000000    797.67500000    792.93333333    786.56666667    781.52500000    773.44166667    768.40833333    760.96666667    752.84166667    748.30833333    741.89166667    736.54166667    730.79166667    727.25000000    723.04166667    716.64166667    709.29166667    705.02500000    699.60833333    697.13333333    690.59166667    686.88333333    681.67500000    678.84166667 
    673.75000000    667.87500000    663.26666667    658.80000000    653.45833333    647.91666667    642.41666667    635.55000000    632.84166667    626.69166667    622.24166667    617.69166667    613.35833333    607.68333333    604.00833333    599.35000000    596.48333333    593.11666667    589.36666667    587.08333333    583.65833333    579.36666667    577.30000000    571.90833333    570.57500000 
    568.47500000    562.61666667    558.25833333    552.45000000    548.89166667    544.56666667    539.70833333    536.96666667    532.76666667    527.08333333    526.29166667    522.42500000    518.99166667    514.14166667    510.53333333    508.10833333    505.95000000    501.56666667    500.70000000    499.15000000    497.15000000    493.20000000    491.40000000    486.41666667    484.73333333 
    481.80833333    476.26666667    473.45833333    472.81666667    470.60833333    467.54166667    463.48333333    461.95833333    458.21666667    458.20833333    452.52500000    451.57500000    450.64166667    447.50833333    443.83333333    440.77500000    440.25000000    437.86666667    435.43333333    434.05833333    432.61666667    431.69166667    429.10833333    427.13333333    426.03333333 
    423.28333333    420.00833333    414.85000000    412.37500000    409.60000000    407.94166667    404.67500000    401.68333333    401.86666667    398.31666667    393.13333333    391.25833333    390.92500000    387.05000000    387.23333333    384.50000000    380.16666667    378.77500000    378.15000000    377.21666667    376.40833333    376.06666667    377.22500000    375.14166667    372.30000000 
    371.14166667    365.88333333    364.87500000    364.21666667    362.70833333    359.50000000    358.43333333    356.48333333    355.29166667    354.78333333    350.64166667    349.88333333    344.82500000    345.65000000    343.54166667    340.81666667    340.19166667    338.03333333    335.85000000    335.62500000    335.18333333    332.96666667    332.71666667    331.10833333    330.51666667 
    328.64166667    325.25000000    322.36666667    322.50000000    321.00833333    320.20000000    316.43333333    317.06666667    316.11666667    313.40833333    311.06666667    310.35000000    309.55000000    307.79166667    306.49166667    306.46666667    305.40000000    304.23333333    302.20000000    302.50833333    299.34166667    298.81666667    298.67500000    298.28333333    299.14166667 
    298.40000000    297.91666667    296.32500000    293.69166667    292.05000000    290.68333333    290.17500000    288.31666667    287.73333333    284.82500000    285.55833333    284.40833333    281.60000000    281.55000000    281.11666667    280.19166667    279.78333333    280.12500000    281.35833333    276.25000000    277.07500000    274.79166667    275.55833333    272.31666667    272.88333333 
    272.77500000    270.39166667    269.14166667    269.26666667    268.35000000    265.38333333    264.08333333    261.39166667    261.01666667    259.40833333    259.65833333    261.35833333    259.19166667    257.82500000    257.88333333    257.47500000    256.06666667    253.54166667    251.99166667    251.26666667    249.77500000    250.40000000    251.69166667    250.73333333    250.25000000 
    249.62500000    248.01666667    246.05833333    243.42500000    242.55833333    240.81666667    239.58333333    239.35833333    236.73333333    235.27500000    236.35833333    235.75000000    234.07500000    236.05000000    233.59166667    232.87500000    233.34166667    231.75833333    231.65833333    229.30000000    232.05833333    231.78333333    229.55000000    230.86666667    231.99166667 
    231.29166667    229.67500000    226.01666667    224.55833333    223.00000000    225.04166667    225.05000000    223.92500000    223.85000000    223.89166667    223.45000000    223.22500000    221.67500000    220.18333333    220.57500000    219.66666667    220.00000000    220.28333333    219.94166667    220.35833333    221.53333333    222.35833333    220.09166667    220.34166667    219.15000000 
    219.11666667    216.46666667    216.10833333    214.97500000    214.17500000    213.75833333    213.16666667    210.00833333    208.79166667    208.05000000    208.68333333    210.00833333    207.45833333    205.60833333    205.78333333    205.45833333    204.98333333    204.83333333    205.90833333    206.99166667    206.97500000    206.06666667    207.39166667    207.12500000    206.65833333 
    207.63333333    207.11666667    205.90833333    202.73333333    202.42500000    200.50833333    198.78333333    199.07500000    198.30833333    196.31666667    197.59166667    194.97500000    194.85000000    196.57500000    193.99166667    194.40000000    192.66666667    191.16666667    190.75833333    190.72500000    191.91666667    190.87500000    190.83333333    189.95000000    190.15000000 
    188.59166667    187.90833333    186.64166667    187.57500000    188.08333333    185.54166667    186.36666667    184.85833333    183.85000000    184.29166667    184.37500000    182.17500000    182.99166667    180.54166667    181.73333333    182.19166667    182.52500000    183.50000000    182.66666667    183.85833333    181.95833333    180.10833333    181.57500000    180.55833333    183.04166667 
    181.35833333    179.89166667    179.34166667    178.33333333    177.00000000    175.39166667    178.09166667    175.97500000    174.55833333    175.70000000    172.98333333    172.77500000    172.55833333    171.25833333    171.61666667    171.74166667    170.49166667    171.36666667    171.54166667    171.28333333    169.45000000    169.14166667    167.75833333    167.26666667    166.98333333 
    168.55833333    165.74166667    165.30833333    166.01666667    163.45833333    164.04166667    163.70000000    165.66666667    164.07500000    164.47500000    162.42500000    163.83333333    162.84166667    162.81666667    161.13333333    161.81666667    159.99166667    161.00833333    159.99166667    159.44166667    159.76666667    160.27500000    158.35000000    159.55000000    156.90000000 
    156.85000000    155.02500000    155.75833333    155.73333333    155.93333333    156.95000000    155.62500000    155.42500000    156.29166667    156.62500000    155.39166667    153.92500000    153.54166667    153.51666667    153.57500000    152.60000000    152.31666667    152.85000000    154.15000000    152.70000000    152.85833333    153.40833333    152.81666667    151.42500000    152.20833333 
    153.75000000    150.51666667    148.35000000    151.01666667    148.51666667    149.23333333    149.43333333    149.05000000    148.23333333    147.27500000    146.65000000    146.71666667    144.10000000    143.70833333    143.53333333    145.85000000    144.14166667    144.96666667    146.05000000    144.45000000    146.32500000    145.56666667    144.00000000    144.24166667    146.20833333 
    147.77500000    145.71666667    142.97500000    142.31666667    140.90000000    141.40000000    141.05000000    140.82500000    140.05833333    138.60000000    138.46666667    137.25833333    136.85833333    139.32500000    138.79166667    137.57500000    136.43333333    137.55833333    138.68333333    137.47500000    139.55000000    138.60000000    139.32500000    139.11666667    138.67500000 
    136.54166667    133.11666667    132.98333333    133.40000000    132.24166667    133.30000000    133.39166667    131.65833333    131.47500000    132.73333333    130.60833333    131.35833333    130.58333333    132.21666667    132.08333333    133.25833333    132.85833333    131.52500000    132.51666667    131.89166667    132.44166667    133.04166667    133.88333333    134.14166667    133.10833333 
    130.64166667    130.28333333    128.49166667    129.07500000    127.75833333    128.59166667    126.25833333    126.00833333    127.17500000    127.25000000    126.35000000    125.91666667    125.99166667    126.28333333    127.22500000    126.85833333    126.18333333    124.43333333    124.20833333    122.45833333    123.57500000    123.11666667    122.35000000    123.55000000    122.36666667 
    124.01666667    123.85833333    121.69166667    121.63333333    121.78333333    119.18333333    119.38333333    119.08333333    117.85833333    118.21666667    116.57500000    119.32500000    118.58333333    120.25000000    119.10000000    118.30833333    119.32500000    121.62500000    120.55000000    121.38333333    122.33333333    118.44166667    118.63333333    118.80000000    118.67500000 
    121.37500000    117.67500000    119.18333333    118.12500000    118.00000000    116.99166667    115.19166667    116.82500000    116.48333333    115.82500000    116.90000000    113.86666667    113.62500000    113.89166667    114.25000000    112.04166667    113.15833333    116.00833333    113.52500000    114.83333333    115.39166667    114.30833333    115.44166667    115.12500000    115.12500000 
    114.78333333    113.54166667    112.83333333    112.58333333    111.23333333    113.30833333    112.06666667    111.14166667    110.75833333    111.90000000    110.58333333    110.81666667    111.08333333    112.03333333    112.01666667    109.66666667    110.55833333    110.85000000    112.18333333    112.40833333    112.30000000    112.17500000    111.10833333    111.74166667    111.15833333 
    111.88333333    110.05000000    108.57500000    108.90833333    108.77500000    108.51666667    106.70833333    106.91666667    106.05000000    107.37500000    109.14166667    105.62500000    107.01666667    106.76666667    105.77500000    106.58333333    106.70833333    108.04166667    107.60000000    107.76666667    106.18333333    106.45000000    106.47500000    105.95000000    104.45000000 
    105.48333333    105.05000000    102.96666667    102.92500000    104.05000000    101.84166667    103.74166667    104.21666667    102.30833333    102.17500000    103.64166667    104.85833333    103.50000000    101.80000000    103.28333333    104.81666667    103.67500000    102.70833333    102.62500000    103.42500000    104.19166667    101.73333333    100.35000000    100.74166667    102.67500000 
    100.05833333    100.07500000     99.87500000     97.54166667     97.07500000     98.65000000     98.32500000     98.15000000     98.48333333     99.59166667     99.06666667     97.53333333     97.76666667     98.53333333     95.83333333     95.95833333     98.03333333     99.32500000     97.50833333     98.21666667     99.36666667     98.70833333     96.16666667     95.90000000     98.08333333 
     97.51666667     95.26666667     95.12500000     95.33333333     93.87500000     93.13333333     93.08333333     92.63333333     94.54166667     92.59166667     94.38333333     94.90000000     95.15833333     95.17500000     95.05000000     95.21666667     95.08333333     94.60000000     94.91666667     95.61666667     96.39166667     95.24166667     95.88333333     95.46666667     93.65000000 
     94.17500000     92.90000000     93.05833333     93.53333333     92.64166667     92.18333333     92.34166667     93.94166667     92.50000000     92.13333333     92.25000000     92.80833333     92.35833333     92.17500000     92.14166667     92.12500000     92.18333333     93.40833333     92.78333333     91.74166667     92.20000000     92.48333333     93.04166667     93.94166667     91.71666667 
